timestamp,timestamp_sample,q[0],q[1],q[2],q[3],delta_q_reset[0],delta_q_reset[1],delta_q_reset[2],delta_q_reset[3],quat_reset_counter
2368411374,2368411061,0.7252786,-0.0040861694,0.003775342,0.68843305,0.71633524,-7.848939e-10,2.6020643e-09,0.6977563,1
2368422687,2368422352,0.72537965,-0.004091215,0.0037727603,0.68832654,0.71633524,-7.848939e-10,2.6020643e-09,0.6977563,1
2368431776,2368431225,0.7254652,-0.0040867366,0.0037678794,0.6882365,0.71633524,-7.848939e-10,2.6020643e-09,0.6977563,1
2368441908,2368436240,0.72546875,-0.0040873704,0.0037716005,0.6882327,0.71633524,-7.848939e-10,2.6020643e-09,0.6977563,1
2368443824,2368442790,0.725451,-0.0040804986,0.0037776926,0.68825144,0.71633524,-7.848939e-10,2.6020643e-09,0.6977563,1
2368448157,2368447639,0.72545516,-0.004088845,0.0037840172,0.6882469,0.71633524,-7.848939e-10,2.6020643e-09,0.6977563,1
2368467217,2368466594,0.7255033,-0.004097307,0.0037697186,0.6881962,0.71633524,-7.848939e-10,2.6020643e-09,0.6977563,1
2368472342,2368471795,0.7255491,-0.0040913634,0.00377834,0.6881479,0.71633524,-7.848939e-10,2.6020643e-09,0.6977563,1
2368482094,2368481750,0.72557247,-0.004069227,0.003789565,0.6881233,0.71633524,-7.848939e-10,2.6020643e-09,0.6977563,1
2368492412,2368486742,0.72554016,-0.00406915,0.0037896119,0.6881574,0.71633524,-7.848939e-10,2.6020643e-09,0.6977563,1
2368497625,2368496895,0.72549266,-0.0040690294,0.0037805531,0.6882075,0.71633524,-7.848939e-10,2.6020643e-09,0.6977563,1
2368502529,2368501988,0.7254742,-0.004067457,0.003775274,0.688227,0.71633524,-7.848939e-10,2.6020643e-09,0.6977563,1
2368507635,2368506973,0.72544026,-0.0040553776,0.0037812283,0.6882629,0.71633524,-7.848939e-10,2.6020643e-09,0.6977563,1
2368512718,2368512124,0.72539645,-0.004049648,0.0037681507,0.6883092,0.71633524,-7.848939e-10,2.6020643e-09,0.6977563,1
2368524575,2368523466,0.72528845,-0.0040443866,0.0037476954,0.6884231,0.71633524,-7.848939e-10,2.6020643e-09,0.6977563,1
2368529169,2368528679,0.7252009,-0.0040401565,0.0037223687,0.6885155,0.71633524,-7.848939e-10,2.6020643e-09,0.6977563,1
2368534088,2368533539,0.725115,-0.0040311296,0.0037018526,0.6886061,0.71633524,-7.848939e-10,2.6020643e-09,0.6977563,1
2368544920,2368543877,0.7249038,-0.0040285215,0.0036295273,0.6888288,0.71633524,-7.848939e-10,2.6020643e-09,0.6977563,1
2368554378,2368552478,0.724798,-0.004028234,0.0035620679,0.6889405,0.71633524,-7.848939e-10,2.6020643e-09,0.6977563,1
2368558084,2368557599,0.7247879,-0.0040316633,0.0035130146,0.6889514,0.71633524,-7.848939e-10,2.6020643e-09,0.6977563,1
2368568323,2368562568,0.72479296,-0.004032714,0.0034627465,0.6889463,0.71633524,-7.848939e-10,2.6020643e-09,0.6977563,1
2368569832,2368568949,0.7247962,-0.004040965,0.0033957558,0.68894315,0.71633524,-7.848939e-10,2.6020643e-09,0.6977563,1
2368574601,2368573966,0.7248017,-0.004023823,0.003343771,0.6889376,0.71633524,-7.848939e-10,2.6020643e-09,0.6977563,1
2368579613,2368579053,0.724807,-0.004027499,0.0032732591,0.6889324,0.71633524,-7.848939e-10,2.6020643e-09,0.6977563,1
2368589744,2368589096,0.72485006,-0.0040080594,0.0031338069,0.6888879,0.71633524,-7.848939e-10,2.6020643e-09,0.6977563,1
2368594815,2368594220,0.7249023,-0.0039969995,0.003055593,0.68883336,0.71633524,-7.848939e-10,2.6020643e-09,0.6977563,1
2368607356,2368605684,0.72502244,-0.003912209,0.002820992,0.68870836,0.71633524,-7.848939e-10,2.6020643e-09,0.6977563,1
2368611154,2368610607,0.72507983,-0.003890946,0.0026942021,0.6886486,0.71633524,-7.848939e-10,2.6020643e-09,0.6977563,1
2368616243,2368615683,0.7251099,-0.0038775995,0.002545947,0.6886176,0.71633524,-7.848939e-10,2.6020643e-09,0.6977563,1
2368631557,2368630960,0.72520137,-0.003820503,0.0020542433,0.68852323,0.71633524,-7.848939e-10,2.6020643e-09,0.6977563,1
2368641574,2368640907,0.7253047,-0.003733745,0.001712703,0.68841577,0.71633524,-7.848939e-10,2.6020643e-09,0.6977563,1
2368646700,2368646073,0.725372,-0.0036908926,0.0015330983,0.68834555,0.71633524,-7.848939e-10,2.6020643e-09,0.6977563,1
2368651630,2368651010,0.7254508,-0.0036465381,0.001362736,0.6882631,0.71633524,-7.848939e-10,2.6020643e-09,0.6977563,1
2368656590,2368656069,0.72552705,-0.0035884469,0.0011937072,0.6881833,0.71633524,-7.848939e-10,2.6020643e-09,0.6977563,1
2368661653,2368661120,0.72563636,-0.0035350346,0.0010253473,0.68806857,0.71633524,-7.848939e-10,2.6020643e-09,0.6977563,1
2368666654,2368666169,0.7257385,-0.0035032777,0.0008732411,0.6879612,0.71633524,-7.848939e-10,2.6020643e-09,0.6977563,1
2368676697,2368676287,0.7259465,-0.0034634098,0.0005601721,0.68774235,0.71633524,-7.848939e-10,2.6020643e-09,0.6977563,1
2368681830,2368681320,0.72604394,-0.0034460644,0.00042606576,0.68763965,0.71633524,-7.848939e-10,2.6020643e-09,0.6977563,1
2368693032,2368692434,0.7262052,-0.0033807878,0.00020267078,0.6874697,0.71633524,-7.848939e-10,2.6020643e-09,0.6977563,1
2368697071,2368696554,0.72625357,-0.0033451251,0.00013978672,0.6874188,0.71633524,-7.848939e-10,2.6020643e-09,0.6977563,1
2368707231,2368701551,0.72628754,-0.003291701,0.00010020924,0.68738323,0.71633524,-7.848939e-10,2.6020643e-09,0.6977563,1
2368714219,2368712951,0.7263292,-0.0031443245,0.00010306625,0.6873399,0.71633524,-7.848939e-10,2.6020643e-09,0.6977563,1
2368723635,2368723023,0.72627074,-0.0030338,0.0002190233,0.68740207,0.71633524,-7.848939e-10,2.6020643e-09,0.6977563,1
2368728686,2368728085,0.72622085,-0.0029903704,0.00028643722,0.68745494,0.71633524,-7.848939e-10,2.6020643e-09,0.6977563,1
2368741158,2368739636,0.72605586,-0.002931707,0.00050702476,0.6876293,0.71633524,-7.848939e-10,2.6020643e-09,0.6977563,1
2368750311,2368749641,0.72591394,-0.002908736,0.0007738593,0.68777895,0.71633524,-7.848939e-10,2.6020643e-09,0.6977563,1
2368755269,2368754648,0.7258785,-0.0029050894,0.0009463056,0.68781626,0.71633524,-7.848939e-10,2.6020643e-09,0.6977563,1
2368765133,2368759644,0.72582155,-0.0028907715,0.0011714136,0.6878761,0.71633524,-7.848939e-10,2.6020643e-09,0.6977563,1
2368767483,2368766911,0.72576165,-0.0028919566,0.001540182,0.6879385,0.71633524,-7.848939e-10,2.6020643e-09,0.6977563,1
2368776664,2368776081,0.72566116,-0.0029104105,0.0020398595,0.68804306,0.71633524,-7.848939e-10,2.6020643e-09,0.6977563,1
2368785459,2368784930,0.72558826,-0.002973796,0.0025309138,0.68811804,0.71633524,-7.848939e-10,2.6020643e-09,0.6977563,1
2368790387,2368789930,0.72551984,-0.0030213592,0.0028147222,0.68818897,0.71633524,-7.848939e-10,2.6020643e-09,0.6977563,1
2368799412,2368795072,0.7254725,-0.0031016502,0.0031216275,0.68823713,0.71633524,-7.848939e-10,2.6020643e-09,0.6977563,1
2368805682,2368803899,0.7253612,-0.003286426,0.0036239931,0.68835104,0.71633524,-7.848939e-10,2.6020643e-09,0.6977563,1
2368809604,2368808997,0.725315,-0.0034018508,0.0039240425,0.6883976,0.71633524,-7.848939e-10,2.6020643e-09,0.6977563,1
2368814698,2368814086,0.7252817,-0.0035397683,0.004198326,0.68843037,0.71633524,-7.848939e-10,2.6020643e-09,0.6977563,1
2368831884,2368831364,0.7251762,-0.003992311,0.005061028,0.6885332,0.71633524,-7.848939e-10,2.6020643e-09,0.6977563,1
2368841045,2368840493,0.72518575,-0.0042664926,0.0054149413,0.6885188,0.71633524,-7.848939e-10,2.6020643e-09,0.6977563,1
2368846165,2368845547,0.7251832,-0.0044393665,0.0055691614,0.68851924,0.71633524,-7.848939e-10,2.6020643e-09,0.6977563,1
2368851303,2368850621,0.72519386,-0.00463899,0.005696309,0.6885056,0.71633524,-7.848939e-10,2.6020643e-09,0.6977563,1
2368861200,2368855662,0.72522974,-0.0048325374,0.005797029,0.6884656,0.71633524,-7.848939e-10,2.6020643e-09,0.6977563,1
2368867473,2368867011,0.72528476,-0.005237943,0.0059316084,0.68840355,0.71633524,-7.848939e-10,2.6020643e-09,0.6977563,1
2368872425,2368872046,0.72532696,-0.0054173693,0.0059456783,0.68835765,0.71633524,-7.848939e-10,2.6020643e-09,0.6977563,1
2368882523,2368882171,0.7253828,-0.0056943074,0.0059465976,0.68829656,0.71633524,-7.848939e-10,2.6020643e-09,0.6977563,1
2368891558,2368887654,0.72542393,-0.0058097816,0.0059133065,0.6882525,0.71633524,-7.848939e-10,2.6020643e-09,0.6977563,1
2368892752,2368892329,0.7254374,-0.0058974656,0.0058603208,0.6882379,0.71633524,-7.848939e-10,2.6020643e-09,0.6977563,1
2368898094,2368897385,0.725474,-0.005981729,0.005790314,0.6881993,0.71633524,-7.848939e-10,2.6020643e-09,0.6977563,1
2368902904,2368902410,0.72550005,-0.006061028,0.00570508,0.6881718,0.71633524,-7.848939e-10,2.6020643e-09,0.6977563,1
2368908214,2368907554,0.7255177,-0.0061104503,0.005586478,0.68815374,0.71633524,-7.848939e-10,2.6020643e-09,0.6977563,1
2368919896,2368918891,0.72556645,-0.006185977,0.005291259,0.688104,0.71633524,-7.848939e-10,2.6020643e-09,0.6977563,1
2368924472,2368923903,0.7255913,-0.006193318,0.0051397365,0.6880789,0.71633524,-7.848939e-10,2.6020643e-09,0.6977563,1
2368934471,2368933975,0.72560245,-0.006120805,0.00482091,0.68807006,0.71633524,-7.848939e-10,2.6020643e-09,0.6977563,1
2368939606,2368939089,0.7256173,-0.0060449513,0.0046674693,0.6880562,0.71633524,-7.848939e-10,2.6020643e-09,0.6977563,1
2368948515,2368944199,0.7256184,-0.0059430553,0.0045100013,0.6880569,0.71633524,-7.848939e-10,2.6020643e-09,0.6977563,1
2368954795,2368954215,0.7255866,-0.0056676595,0.004230409,0.68809456,0.71633524,-7.848939e-10,2.6020643e-09,0.6977563,1
2368963550,2368963000,0.72554415,-0.0053719943,0.004005308,0.688143,0.71633524,-7.848939e-10,2.6020643e-09,0.6977563,1
2368972416,2368968139,0.7255258,-0.0051937792,0.003874017,0.68816453,0.71633524,-7.848939e-10,2.6020643e-09,0.6977563,1
2368978826,2368978221,0.7254641,-0.004834321,0.0036347858,0.6882335,0.71633524,-7.848939e-10,2.6020643e-09,0.6977563,1
2368983954,2368983317,0.72544295,-0.0046503292,0.0035201407,0.6882577,0.71633524,-7.848939e-10,2.6020643e-09,0.6977563,1
2368994001,2368993359,0.72537494,-0.004253803,0.0033307585,0.6883328,0.71633524,-7.848939e-10,2.6020643e-09,0.6977563,1
2369005209,2369004782,0.7253387,-0.0038378935,0.0031768503,0.68837416,0.71633524,-7.848939e-10,2.6020643e-09,0.6977563,1
2369010493,2369009872,0.7253056,-0.0036459432,0.00312623,0.68841034,0.71633524,-7.848939e-10,2.6020643e-09,0.6977563,1
2369015319,2369014846,0.72530913,-0.0034703983,0.0030984303,0.6884077,0.71633524,-7.848939e-10,2.6020643e-09,0.6977563,1
2369020583,2369019897,0.7252979,-0.0033329078,0.003071523,0.68842036,0.71633524,-7.848939e-10,2.6020643e-09,0.6977563,1
2369032900,2369031337,0.7253141,-0.0030425126,0.0030324624,0.6884048,0.71633524,-7.848939e-10,2.6020643e-09,0.6977563,1
2369036970,2369036350,0.7253074,-0.0029538686,0.0030260915,0.6884122,0.71633524,-7.848939e-10,2.6020643e-09,0.6977563,1
2369041984,2369041404,0.7253262,-0.0028826892,0.0030224444,0.6883928,0.71633524,-7.848939e-10,2.6020643e-09,0.6977563,1
2369052103,2369050190,0.7253624,-0.0028040519,0.0030428949,0.6883548,0.71633524,-7.848939e-10,2.6020643e-09,0.6977563,1
2369060925,2369060324,0.7254188,-0.0027790214,0.003107217,0.6882952,0.71633524,-7.848939e-10,2.6020643e-09,0.6977563,1
2369069624,2369065515,0.72544146,-0.0028119753,0.0031510668,0.6882709,0.71633524,-7.848939e-10,2.6020643e-09,0.6977563,1
2369071642,2369070520,0.7254684,-0.0028607638,0.0032105222,0.68824214,0.71633524,-7.848939e-10,2.6020643e-09,0.6977563,1
2369076028,2369075462,0.72551537,-0.0029219482,0.003274396,0.68819207,0.71633524,-7.848939e-10,2.6020643e-09,0.6977563,1
2369084982,2369080552,0.7255323,-0.0030031872,0.0033402655,0.68817353,0.71633524,-7.848939e-10,2.6020643e-09,0.6977563,1
2369091142,2369090639,0.72560495,-0.0032246525,0.003484188,0.68809515,0.71633524,-7.848939e-10,2.6020643e-09,0.6977563,1
2369096272,2369095706,0.72560275,-0.003362465,0.0035500457,0.6880965,0.71633524,-7.848939e-10,2.6020643e-09,0.6977563,1
2369101256,2369100767,0.7256299,-0.003516809,0.003620018,0.6880668,0.71633524,-7.848939e-10,2.6020643e-09,0.6977563,1
2369111290,2369110881,0.72563225,-0.0038319454,0.0037547282,0.6880618,0.71633524,-7.848939e-10,2.6020643e-09,0.6977563,1
2369116462,2369115906,0.72564673,-0.0040022996,0.0038166114,0.68804526,0.71633524,-7.848939e-10,2.6020643e-09,0.6977563,1
2369127004,2369126114,0.725628,-0.0043461034,0.0039661587,0.6880621,0.71633524,-7.848939e-10,2.6020643e-09,0.6977563,1
2369131704,2369131097,0.725628,-0.0045114504,0.0040403274,0.68806064,0.71633524,-7.848939e-10,2.6020643e-09,0.6977563,1
2369142797,2369142439,0.72557503,-0.0048669395,0.0042049405,0.6881131,0.71633524,-7.848939e-10,2.6020643e-09,0.6977563,1
2369148142,2369147584,0.7255629,-0.004998063,0.0042851795,0.6881245,0.71633524,-7.848939e-10,2.6020643e-09,0.6977563,1
2369152979,2369152546,0.72553533,-0.005128606,0.00434588,0.6881522,0.71633524,-7.848939e-10,2.6020643e-09,0.6977563,1
2369158156,2369157667,0.7254879,-0.0052405316,0.0044338056,0.6882007,0.71633524,-7.848939e-10,2.6020643e-09,0.6977563,1
2369170123,2369169000,0.7254091,-0.00546705,0.0045808195,0.6882811,0.71633524,-7.848939e-10,2.6020643e-09,0.6977563,1
2369174647,2369174113,0.7253745,-0.0055326954,0.004650066,0.6883166,0.71633524,-7.848939e-10,2.6020643e-09,0.6977563,1
2369184767,2369184132,0.72530746,-0.005628725,0.0047683753,0.68838567,0.71633524,-7.848939e-10,2.6020643e-09,0.6977563,1
2369193573,2369189230,0.72528034,-0.005657917,0.0048387796,0.6884134,0.71633524,-7.848939e-10,2.6020643e-09,0.6977563,1
2369195494,2369194255,0.72527534,-0.0056588952,0.00488446,0.6884183,0.71633524,-7.848939e-10,2.6020643e-09,0.6977563,1
2369199965,2369199434,0.72524035,-0.0056402576,0.0049387007,0.688455,0.71633524,-7.848939e-10,2.6020643e-09,0.6977563,1
2369204898,2369204369,0.72523177,-0.0056184186,0.004988789,0.68846387,0.71633524,-7.848939e-10,2.6020643e-09,0.6977563,1
2369216885,2369215819,0.725214,-0.005481394,0.0050696214,0.6884831,0.71633524,-7.848939e-10,2.6020643e-09,0.6977563,1
2369226292,2369225765,0.72524303,-0.0053298823,0.005105511,0.6884535,0.71633524,-7.848939e-10,2.6020643e-09,0.6977563,1
2369236332,2369235923,0.725272,-0.005126027,0.005116078,0.6884244,0.71633524,-7.848939e-10,2.6020643e-09,0.6977563,1
2369245305,2369244768,0.72529536,-0.004937875,0.0050864927,0.6884014,0.71633524,-7.848939e-10,2.6020643e-09,0.6977563,1
2369255425,2369254887,0.72537374,-0.004717553,0.0050131087,0.6883208,0.71633524,-7.848939e-10,2.6020643e-09,0.6977563,1
2369260552,2369259938,0.7253932,-0.004593755,0.0049705477,0.6883015,0.71633524,-7.848939e-10,2.6020643e-09,0.6977563,1
2369265596,2369265028,0.7254373,-0.004486209,0.0049178842,0.6882561,0.71633524,-7.848939e-10,2.6020643e-09,0.6977563,1
2369270633,2369270039,0.72547466,-0.0043684365,0.0048442055,0.688218,0.71633524,-7.848939e-10,2.6020643e-09,0.6977563,1
2369275679,2369275120,0.72549206,-0.0042503164,0.0047773826,0.68820083,0.71633524,-7.848939e-10,2.6020643e-09,0.6977563,1
2369280779,2369280182,0.725537,-0.0041603222,0.004690004,0.6881546,0.71633524,-7.848939e-10,2.6020643e-09,0.6977563,1
2369285712,2369285180,0.72556967,-0.0040691337,0.0046048122,0.68812126,0.71633524,-7.848939e-10,2.6020643e-09,0.6977563,1
2369294610,2369290288,0.7255751,-0.0039785476,0.004522758,0.6881167,0.71633524,-7.848939e-10,2.6020643e-09,0.6977563,1
2369306081,2369305486,0.7256169,-0.003773613,0.0042518335,0.68807554,0.71633524,-7.848939e-10,2.6020643e-09,0.6977563,1
2369311095,2369310562,0.7256368,-0.0037314435,0.0041684257,0.6880553,0.71633524,-7.848939e-10,2.6020643e-09,0.6977563,1
2369322952,2369320546,0.7256106,-0.0036787353,0.004000279,0.6880842,0.71633524,-7.848939e-10,2.6020643e-09,0.6977563,1
2369336256,2369335717,0.72556496,-0.0036833754,0.0038045233,0.68813336,0.71633524,-7.848939e-10,2.6020643e-09,0.6977563,1
2369341367,2369340770,0.7255559,-0.0037030317,0.0037493336,0.68814313,0.71633524,-7.848939e-10,2.6020643e-09,0.6977563,1
2369350082,2369345933,0.72552896,-0.0037330207,0.0036865715,0.6881717,0.71633524,-7.848939e-10,2.6020643e-09,0.6977563,1
2369356419,2369355890,0.7254923,-0.0037828016,0.0036163654,0.6882104,0.71633524,-7.848939e-10,2.6020643e-09,0.6977563,1
2369365282,2369361111,0.72546756,-0.003821415,0.0035809153,0.6882365,0.71633524,-7.848939e-10,2.6020643e-09,0.6977563,1
2369366562,2369366146,0.7254367,-0.0038707957,0.0035710188,0.6882688,0.71633524,-7.848939e-10,2.6020643e-09,0.6977563,1
2369371743,2369371171,0.72543573,-0.003910294,0.0035588925,0.6882697,0.71633524,-7.848939e-10,2.6020643e-09,0.6977563,1
2369376631,2369376149,0.72541595,-0.003954599,0.0035536755,0.68829024,0.71633524,-7.848939e-10,2.6020643e-09,0.6977563,1
2369381775,2369381223,0.7253978,-0.0039990963,0.0035550457,0.6883091,0.71633524,-7.848939e-10,2.6020643e-09,0.6977563,1
2369393553,2369392657,0.7253783,-0.0040855417,0.0035988754,0.68832904,0.71633524,-7.848939e-10,2.6020643e-09,0.6977563,1
2369398198,2369397653,0.7253856,-0.0041229264,0.0036321126,0.6883208,0.71633524,-7.848939e-10,2.6020643e-09,0.6977563,1
2369409348,2369409000,0.7253731,-0.0042031063,0.0037306957,0.68833303,0.71633524,-7.848939e-10,2.6020643e-09,0.6977563,1
2369414610,2369414075,0.72539616,-0.0042568347,0.0037875904,0.68830806,0.71633524,-7.848939e-10,2.6020643e-09,0.6977563,1
2369419799,2369419124,0.72540396,-0.00429138,0.0038524456,0.6882993,0.71633524,-7.848939e-10,2.6020643e-09,0.6977563,1
2369424810,2369424214,0.7253954,-0.0043266285,0.003935801,0.6883077,0.71633524,-7.848939e-10,2.6020643e-09,0.6977563,1
2369429779,2369429230,0.7254234,-0.004370371,0.004014325,0.68827736,0.71633524,-7.848939e-10,2.6020643e-09,0.6977563,1
2369439829,2369434281,0.72543275,-0.00440023,0.0040947148,0.6882668,0.71633524,-7.848939e-10,2.6020643e-09,0.6977563,1
2369441125,2369440682,0.7254408,-0.004432432,0.0041973637,0.6882575,0.71633524,-7.848939e-10,2.6020643e-09,0.6977563,1
2369450087,2369449539,0.7254838,-0.0044908486,0.0043359115,0.688211,0.71633524,-7.848939e-10,2.6020643e-09,0.6977563,1
2369455000,2369454534,0.72549325,-0.0045133424,0.0044180527,0.68820035,0.71633524,-7.848939e-10,2.6020643e-09,0.6977563,1
2369460174,2369459520,0.72551745,-0.0045326245,0.004497594,0.6881742,0.71633524,-7.848939e-10,2.6020643e-09,0.6977563,1
2369465406,2369464582,0.72553056,-0.0045733354,0.004568503,0.68815964,0.71633524,-7.848939e-10,2.6020643e-09,0.6977563,1
2369474026,2369469636,0.7255347,-0.004580308,0.0046381615,0.68815476,0.71633524,-7.848939e-10,2.6020643e-09,0.6977563,1
2369480236,2369474700,0.7255587,-0.0045981617,0.004690472,0.68812895,0.71633524,-7.848939e-10,2.6020643e-09,0.6977563,1
2369481958,2369481061,0.72555727,-0.0046299053,0.0047478788,0.68812984,0.71633524,-7.848939e-10,2.6020643e-09,0.6977563,1
2369486819,2369486189,0.72556776,-0.0046445504,0.0047887964,0.6881184,0.71633524,-7.848939e-10,2.6020643e-09,0.6977563,1
2369491671,2369491132,0.7255779,-0.0046548024,0.0048137777,0.6881075,0.71633524,-7.848939e-10,2.6020643e-09,0.6977563,1
2369502645,2369501439,0.725569,-0.004676225,0.004839713,0.6881165,0.71633524,-7.848939e-10,2.6020643e-09,0.6977563,1
2369512093,2369510083,0.72555375,-0.004685189,0.004828875,0.6881327,0.71633524,-7.848939e-10,2.6020643e-09,0.6977563,1
2369515680,2369515187,0.7255356,-0.0046670367,0.004818424,0.688152,0.71633524,-7.848939e-10,2.6020643e-09,0.6977563,1
2369524624,2369523999,0.72551614,-0.004650805,0.004775006,0.6881729,0.71633524,-7.848939e-10,2.6020643e-09,0.6977563,1
2369535833,2369535433,0.7254733,-0.0046186876,0.004682782,0.68821895,0.71633524,-7.848939e-10,2.6020643e-09,0.6977563,1
2369541072,2369540420,0.72544646,-0.0046197884,0.0046230904,0.68824756,0.71633524,-7.848939e-10,2.6020643e-09,0.6977563,1
2369549799,2369549245,0.725433,-0.0045926594,0.0045052245,0.68826276,0.71633524,-7.848939e-10,2.6020643e-09,0.6977563,1
2369558582,2369558037,0.7253894,-0.00458371,0.0043658954,0.68830967,0.71633524,-7.848939e-10,2.6020643e-09,0.6977563,1
2369567464,2369563140,0.7253985,-0.0045724334,0.0042900536,0.6883006,0.71633524,-7.848939e-10,2.6020643e-09,0.6977563,1
2369574078,2369573503,0.72535723,-0.004528208,0.004127169,0.6883454,0.71633524,-7.848939e-10,2.6020643e-09,0.6977563,1
2369578967,2369578411,0.72536993,-0.004505619,0.004059478,0.68833256,0.71633524,-7.848939e-10,2.6020643e-09,0.6977563,1
2369590048,2369589672,0.7253545,-0.004470472,0.003897235,0.6883501,0.71633524,-7.848939e-10,2.6020643e-09,0.6977563,1
2369595336,2369594767,0.72537076,-0.004450344,0.003828815,0.6883334,0.71633524,-7.848939e-10,2.6020643e-09,0.6977563,1
2369604134,2369603558,0.7253703,-0.0044394713,0.0037208688,0.6883345,0.71633524,-7.848939e-10,2.6020643e-09,0.6977563,1
2369609298,2369608649,0.72540414,-0.004428457,0.0036616283,0.68829924,0.71633524,-7.848939e-10,2.6020643e-09,0.6977563,1
2369621274,2369620115,0.7254427,-0.0043790764,0.0035702044,0.68825936,0.71633524,-7.848939e-10,2.6020643e-09,0.6977563,1
2369625517,2369625019,0.72547513,-0.0043497994,0.0035364113,0.68822557,0.71633524,-7.848939e-10,2.6020643e-09,0.6977563,1
2369634496,2369633888,0.72550386,-0.0043081595,0.0035170754,0.68819565,0.71633524,-7.848939e-10,2.6020643e-09,0.6977563,1
2369639365,2369638891,0.7255408,-0.0042811176,0.0035223884,0.6881569,0.71633524,-7.848939e-10,2.6020643e-09,0.6977563,1
2369649625,2369649210,0.72556925,-0.004243166,0.0035539109,0.6881269,0.71633524,-7.848939e-10,2.6020643e-09,0.6977563,1
2369660927,2369660506,0.7255988,-0.004193028,0.0036248926,0.68809575,0.71633524,-7.848939e-10,2.6020643e-09,0.6977563,1
2369666268,2369665717,0.7256123,-0.0041586785,0.0036496208,0.68808156,0.71633524,-7.848939e-10,2.6020643e-09,0.6977563,1
2369671115,2369670526,0.7256238,-0.004129559,0.0036851927,0.6880694,0.71633524,-7.848939e-10,2.6020643e-09,0.6977563,1
2369676090,2369675540,0.72561455,-0.00411532,0.0037156683,0.688079,0.71633524,-7.848939e-10,2.6020643e-09,0.6977563,1
2369681117,2369680626,0.72562224,-0.004090063,0.0037535473,0.6880709,0.71633524,-7.848939e-10,2.6020643e-09,0.6977563,1
2369691096,2369690746,0.7256143,-0.0040643318,0.0038330527,0.68807906,0.71633524,-7.848939e-10,2.6020643e-09,0.6977563,1
2369700248,2369695997,0.7256072,-0.0040553804,0.0038875984,0.6880862,0.71633524,-7.848939e-10,2.6020643e-09,0.6977563,1
2369706632,2369706020,0.72557443,-0.004063864,0.0039842757,0.6881202,0.71633524,-7.848939e-10,2.6020643e-09,0.6977563,1
2369711677,2369711069,0.7255656,-0.0040909103,0.004025807,0.6881291,0.71633524,-7.848939e-10,2.6020643e-09,0.6977563,1
2369721537,2369716015,0.7255585,-0.004108754,0.0040632742,0.6881363,0.71633524,-7.848939e-10,2.6020643e-09,0.6977563,1
2369723711,2369723104,0.72551537,-0.0041533527,0.004110039,0.6881813,0.71633524,-7.848939e-10,2.6020643e-09,0.6977563,1
2369733124,2369732412,0.72549415,-0.004216299,0.0041473387,0.68820304,0.71633524,-7.848939e-10,2.6020643e-09,0.6977563,1
2369743155,2369742513,0.7254632,-0.0042845486,0.004178969,0.68823504,0.71633524,-7.848939e-10,2.6020643e-09,0.6977563,1
2369748253,2369747576,0.7254454,-0.004317272,0.004195469,0.68825346,0.71633524,-7.848939e-10,2.6020643e-09,0.6977563,1
2369753301,2369752760,0.72542197,-0.0043594227,0.004204452,0.6882778,0.71633524,-7.848939e-10,2.6020643e-09,0.6977563,1
2369758202,2369757695,0.72543764,-0.004409727,0.0042120446,0.688261,0.71633524,-7.848939e-10,2.6020643e-09,0.6977563,1
2369763386,2369762769,0.72542614,-0.0044442075,0.004218284,0.6882728,0.71633524,-7.848939e-10,2.6020643e-09,0.6977563,1
2369768500,2369767841,0.72541827,-0.0044797403,0.004218605,0.6882808,0.71633524,-7.848939e-10,2.6020643e-09,0.6977563,1
2369778480,2369772850,0.7254431,-0.0045245336,0.0042140153,0.68825436,0.71633524,-7.848939e-10,2.6020643e-09,0.6977563,1
2369779587,2369777922,0.7254428,-0.004571856,0.004193832,0.6882545,0.71633524,-7.848939e-10,2.6020643e-09,0.6977563,1
2369783674,2369783138,0.7254478,-0.004609055,0.0041877017,0.68824905,0.71633524,-7.848939e-10,2.6020643e-09,0.6977563,1
2369788692,2369788047,0.725476,-0.0046464624,0.0041707624,0.68821913,0.71633524,-7.848939e-10,2.6020643e-09,0.6977563,1
2369797500,2369793046,0.7254879,-0.0046806484,0.0041429047,0.6882066,0.71633524,-7.848939e-10,2.6020643e-09,0.6977563,1
2369803755,2369798371,0.7254991,-0.0046939244,0.0041332725,0.6881947,0.71633524,-7.848939e-10,2.6020643e-09,0.6977563,1
2369806237,2369804744,0.7255281,-0.004720858,0.0041218693,0.688164,0.71633524,-7.848939e-10,2.6020643e-09,0.6977563,1
2369810282,2369809607,0.72553504,-0.004741194,0.0041181142,0.6881566,0.71633524,-7.848939e-10,2.6020643e-09,0.6977563,1
2369821416,2369820924,0.7255609,-0.004747301,0.0041189855,0.68812925,0.71633524,-7.848939e-10,2.6020643e-09,0.6977563,1
2369831582,2369830982,0.7255739,-0.004748047,0.0041243215,0.68811554,0.71633524,-7.848939e-10,2.6020643e-09,0.6977563,1
2369836603,2369836030,0.72557956,-0.004744961,0.0041163634,0.68810964,0.71633524,-7.848939e-10,2.6020643e-09,0.6977563,1
2369841660,2369841115,0.7255699,-0.004716074,0.004116577,0.68812007,0.71633524,-7.848939e-10,2.6020643e-09,0.6977563,1
2369852734,2369851365,0.72558886,-0.004678991,0.0041085132,0.68810034,0.71633524,-7.848939e-10,2.6020643e-09,0.6977563,1
2369857019,2369856419,0.7255664,-0.0046473187,0.0041124457,0.6881242,0.71633524,-7.848939e-10,2.6020643e-09,0.6977563,1
2369862134,2369861349,0.7255821,-0.0046277633,0.004110605,0.6881078,0.71633524,-7.848939e-10,2.6020643e-09,0.6977563,1
2369870724,2369866553,0.7255768,-0.0045851795,0.0041285516,0.6881135,0.71633524,-7.848939e-10,2.6020643e-09,0.6977563,1
2369877097,2369876492,0.7255594,-0.0044916035,0.004174536,0.6881323,0.71633524,-7.848939e-10,2.6020643e-09,0.6977563,1
2369882155,2369881582,0.7255442,-0.0044418024,0.0041956482,0.68814844,0.71633524,-7.848939e-10,2.6020643e-09,0.6977563,1
2369890857,2369886715,0.7255192,-0.0043989806,0.0042160223,0.68817496,0.71633524,-7.848939e-10,2.6020643e-09,0.6977563,1
2369892025,2369891632,0.72553,-0.004345849,0.004225037,0.68816394,0.71633524,-7.848939e-10,2.6020643e-09,0.6977563,1
2369897297,2369896733,0.7255152,-0.004310865,0.004241662,0.6881796,0.71633524,-7.848939e-10,2.6020643e-09,0.6977563,1
2369909008,2369908045,0.725511,-0.0042202347,0.0042474284,0.6881845,0.71633524,-7.848939e-10,2.6020643e-09,0.6977563,1
2369913677,2369913074,0.7254973,-0.004204091,0.004240535,0.6881991,0.71633524,-7.848939e-10,2.6020643e-09,0.6977563,1
2369918838,2369918174,0.7254917,-0.004178694,0.004243655,0.68820524,0.71633524,-7.848939e-10,2.6020643e-09,0.6977563,1
2369931029,2369929520,0.72547716,-0.0041456036,0.0042595146,0.6882207,0.71633524,-7.848939e-10,2.6020643e-09,0.6977563,1
2369935303,2369934740,0.72548753,-0.0041217706,0.004263714,0.6882098,0.71633524,-7.848939e-10,2.6020643e-09,0.6977563,1
2369945374,2369944655,0.7254693,-0.0040997793,0.004269484,0.6882291,0.71633524,-7.848939e-10,2.6020643e-09,0.6977563,1
2369950383,2369949824,0.7254755,-0.004099281,0.0042623873,0.6882226,0.71633524,-7.848939e-10,2.6020643e-09,0.6977563,1
2369955374,2369954744,0.7254785,-0.0041125063,0.004246111,0.68821955,0.71633524,-7.848939e-10,2.6020643e-09,0.6977563,1
2369960250,2369959805,0.7254704,-0.0041311835,0.004232667,0.68822795,0.71633524,-7.848939e-10,2.6020643e-09,0.6977563,1
2369970340,2369969946,0.72548723,-0.0041896333,0.0041832975,0.68821025,0.71633524,-7.848939e-10,2.6020643e-09,0.6977563,1
2369975558,2369975015,0.7254808,-0.004229139,0.004168037,0.6882169,0.71633524,-7.848939e-10,2.6020643e-09,0.6977563,1
2369980689,2369980135,0.7255003,-0.0042678313,0.004143936,0.68819624,0.71633524,-7.848939e-10,2.6020643e-09,0.6977563,1
2369989447,2369985505,0.72551274,-0.004316791,0.0041330345,0.6881828,0.71633524,-7.848939e-10,2.6020643e-09,0.6977563,1
2369997920,2369996494,0.72553104,-0.0044079297,0.0041049006,0.6881631,0.71633524,-7.848939e-10,2.6020643e-09,0.6977563,1
2370002174,2370001569,0.7255349,-0.004446995,0.0041025165,0.68815875,0.71633524,-7.848939e-10,2.6020643e-09,0.6977563,1
2370007256,2370006575,0.72552824,-0.004481564,0.0040907077,0.68816566,0.71633524,-7.848939e-10,2.6020643e-09,0.6977563,1
2370012098,2370011603,0.7255549,-0.004525167,0.0040716,0.6881374,0.71633524,-7.848939e-10,2.6020643e-09,0.6977563,1
2370022153,2370021761,0.72554046,-0.0046008676,0.0040435973,0.68815225,0.71633524,-7.848939e-10,2.6020643e-09,0.6977563,1
2370031150,2370030592,0.72555834,-0.0046563726,0.004024347,0.6881331,0.71633524,-7.848939e-10,2.6020643e-09,0.6977563,1
2370043105,2370041954,0.7255684,-0.004700576,0.004019901,0.6881223,0.71633524,-7.848939e-10,2.6020643e-09,0.6977563,1
2370047714,2370047053,0.7255615,-0.0047188024,0.004018914,0.6881295,0.71633524,-7.848939e-10,2.6020643e-09,0.6977563,1
2370052663,2370052037,0.7255559,-0.0047156345,0.004031579,0.6881353,0.71633524,-7.848939e-10,2.6020643e-09,0.6977563,1
2370057605,2370057111,0.7255736,-0.0047254674,0.004043978,0.68811655,0.71633524,-7.848939e-10,2.6020643e-09,0.6977563,1
2370062847,2370062169,0.7255659,-0.0047270404,0.004051047,0.68812466,0.71633524,-7.848939e-10,2.6020643e-09,0.6977563,1
2370067827,2370067295,0.7255544,-0.004710666,0.004069564,0.6881367,0.71633524,-7.848939e-10,2.6020643e-09,0.6977563,1
2370078320,2370077290,0.7255639,-0.0046894574,0.0040740017,0.6881268,0.71633524,-7.848939e-10,2.6020643e-09,0.6977563,1
2370083149,2370082561,0.7255546,-0.0046527623,0.004092471,0.68813676,0.71633524,-7.848939e-10,2.6020643e-09,0.6977563,1
2370088039,2370087464,0.72557425,-0.00463161,0.004106427,0.688116,0.71633524,-7.848939e-10,2.6020643e-09,0.6977563,1
2370098054,2370092474,0.72556597,-0.00460425,0.0041265828,0.68812484,0.71633524,-7.848939e-10,2.6020643e-09,0.6977563,1
2370099570,2370098838,0.72556764,-0.004576069,0.0041577495,0.68812317,0.71633524,-7.848939e-10,2.6020643e-09,0.6977563,1
2370104417,2370103836,0.7255729,-0.0045455587,0.004178506,0.6881176,0.71633524,-7.848939e-10,2.6020643e-09,0.6977563,1
2370109524,2370108908,0.7255608,-0.0045174863,0.004205456,0.6881304,0.71633524,-7.848939e-10,2.6020643e-09,0.6977563,1
2370114704,2370114118,0.7255665,-0.004478282,0.004218907,0.6881246,0.71633524,-7.848939e-10,2.6020643e-09,0.6977563,1
2370124664,2370119200,0.72556454,-0.004439924,0.004238629,0.6881268,0.71633524,-7.848939e-10,2.6020643e-09,0.6977563,1
2370126480,2370125498,0.7255412,-0.0043920972,0.004259134,0.68815166,0.71633524,-7.848939e-10,2.6020643e-09,0.6977563,1
2370131481,2370130744,0.72554994,-0.0043747937,0.0042673084,0.6881424,0.71633524,-7.848939e-10,2.6020643e-09,0.6977563,1
2370136172,2370135413,0.7255386,-0.004360887,0.004282973,0.6881544,0.71633524,-7.848939e-10,2.6020643e-09,0.6977563,1
2370141161,2370140595,0.72551394,-0.004348412,0.004288103,0.6881804,0.71633524,-7.848939e-10,2.6020643e-09,0.6977563,1
2370152350,2370151819,0.7255072,-0.0043345485,0.0042825984,0.68818766,0.71633524,-7.848939e-10,2.6020643e-09,0.6977563,1
2370157534,2370156897,0.7254912,-0.004319942,0.004274863,0.68820465,0.71633524,-7.848939e-10,2.6020643e-09,0.6977563,1
2370168403,2370167328,0.7254837,-0.0043140254,0.0042431518,0.68821275,0.71633524,-7.848939e-10,2.6020643e-09,0.6977563,1
2370177766,2370177112,0.72548467,-0.004307461,0.0042212885,0.688212,0.71633524,-7.848939e-10,2.6020643e-09,0.6977563,1
2370182886,2370182261,0.72547066,-0.0043086777,0.0041945786,0.6882268,0.71633524,-7.848939e-10,2.6020643e-09,0.6977563,1
2370188010,2370187446,0.72546273,-0.0043032854,0.004179923,0.6882353,0.71633524,-7.848939e-10,2.6020643e-09,0.6977563,1
2370192863,2370192303,0.72546417,-0.004317438,0.0041497727,0.6882339,0.71633524,-7.848939e-10,2.6020643e-09,0.6977563,1
2370197908,2370197318,0.72545105,-0.0043306225,0.004117021,0.68824786,0.71633524,-7.848939e-10,2.6020643e-09,0.6977563,1
2370207983,2370202432,0.7254428,-0.004339462,0.0040976615,0.6882566,0.71633524,-7.848939e-10,2.6020643e-09,0.6977563,1
2370209947,2370207447,0.725452,-0.004368092,0.0040618177,0.68824697,0.71633524,-7.848939e-10,2.6020643e-09,0.6977563,1
2370213675,2370212990,0.7254401,-0.0044083693,0.004035362,0.6882594,0.71633524,-7.848939e-10,2.6020643e-09,0.6977563,1
2370218222,2370217612,0.72544193,-0.00442728,0.004016638,0.68825746,0.71633524,-7.848939e-10,2.6020643e-09,0.6977563,1
2370229119,2370227846,0.7254554,-0.004473326,0.003964568,0.6882432,0.71633524,-7.848939e-10,2.6020643e-09,0.6977563,1
2370233438,2370232845,0.7254695,-0.0044874456,0.003939167,0.6882284,0.71633524,-7.848939e-10,2.6020643e-09,0.6977563,1
2370238290,2370237715,0.72548836,-0.00451075,0.0039164424,0.6882086,0.71633524,-7.848939e-10,2.6020643e-09,0.6977563,1
2370249335,2370248847,0.7255086,-0.0045571,0.0038679666,0.68818724,0.71633524,-7.848939e-10,2.6020643e-09,0.6977563,1
2370253718,2370253124,0.72551495,-0.0045674364,0.0038531162,0.6881805,0.71633524,-7.848939e-10,2.6020643e-09,0.6977563,1
2370258500,2370257969,0.7255134,-0.0045907367,0.0038337146,0.6881821,0.71633524,-7.848939e-10,2.6020643e-09,0.6977563,1
2370263631,2370263035,0.72552395,-0.0045935707,0.0038253467,0.688171,0.71633524,-7.848939e-10,2.6020643e-09,0.6977563,1
2370268690,2370268073,0.72553176,-0.0046240212,0.0038082513,0.6881626,0.71633524,-7.848939e-10,2.6020643e-09,0.6977563,1
2370280913,2370278185,0.7255397,-0.004647219,0.0037965972,0.6881543,0.71633524,-7.848939e-10,2.6020643e-09,0.6977563,1
2370284056,2370283369,0.7255561,-0.0046477397,0.0037827108,0.688137,0.71633524,-7.848939e-10,2.6020643e-09,0.6977563,1
2370293865,2370288289,0.7255527,-0.0046430076,0.0037902135,0.6881406,0.71633524,-7.848939e-10,2.6020643e-09,0.6977563,1
2370295085,2370293343,0.7255601,-0.004621056,0.0037978282,0.6881329,0.71633524,-7.848939e-10,2.6020643e-09,0.6977563,1
2370299098,2370298602,0.7255747,-0.0045949467,0.0038030823,0.6881177,0.71633524,-7.848939e-10,2.6020643e-09,0.6977563,1
2370309052,2370303450,0.7255656,-0.004576592,0.0038216172,0.6881273,0.71633524,-7.848939e-10,2.6020643e-09,0.6977563,1
2370310886,2370308554,0.72557324,-0.0045524593,0.0038381892,0.6881193,0.71633524,-7.848939e-10,2.6020643e-09,0.6977563,1
2370319286,2370318640,0.7255606,-0.004535711,0.0038720055,0.68813246,0.71633524,-7.848939e-10,2.6020643e-09,0.6977563,1
2370324219,2370323675,0.725566,-0.00452884,0.0038875502,0.68812674,0.71633524,-7.848939e-10,2.6020643e-09,0.6977563,1
2370335786,2370335207,0.72553223,-0.0045233397,0.003955871,0.688162,0.71633524,-7.848939e-10,2.6020643e-09,0.6977563,1
2370344392,2370343847,0.7255242,-0.004501507,0.0040125535,0.68817025,0.71633524,-7.848939e-10,2.6020643e-09,0.6977563,1
2370353299,2370348993,0.7255095,-0.0044960272,0.004059138,0.6881855,0.71633524,-7.848939e-10,2.6020643e-09,0.6977563,1
2370359576,2370359025,0.72550637,-0.004456203,0.004124961,0.68818873,0.71633524,-7.848939e-10,2.6020643e-09,0.6977563,1
2370368490,2370367880,0.7254972,-0.004429121,0.0041916324,0.6881982,0.71633524,-7.848939e-10,2.6020643e-09,0.6977563,1
2370373510,2370373016,0.72550225,-0.0044216407,0.0042127986,0.6881927,0.71633524,-7.848939e-10,2.6020643e-09,0.6977563,1
2370378654,2370377994,0.7254838,-0.004426875,0.0042247614,0.6882121,0.71633524,-7.848939e-10,2.6020643e-09,0.6977563,1
2370383526,2370383006,0.72548985,-0.0044293995,0.004223333,0.68820566,0.71633524,-7.848939e-10,2.6020643e-09,0.6977563,1
2370388766,2370388092,0.7254917,-0.004440946,0.004228794,0.6882037,0.71633524,-7.848939e-10,2.6020643e-09,0.6977563,1
2370400634,2370398185,0.7254866,-0.0044532996,0.0042328183,0.6882089,0.71633524,-7.848939e-10,2.6020643e-09,0.6977563,1
2370407665,2370403556,0.72548515,-0.0044641565,0.0042322828,0.68821037,0.71633524,-7.848939e-10,2.6020643e-09,0.6977563,1
2370409667,2370408715,0.72547877,-0.004477267,0.0042261295,0.68821704,0.71633524,-7.848939e-10,2.6020643e-09,0.6977563,1
2370414062,2370413493,0.7254809,-0.0044803526,0.004228665,0.6882148,0.71633524,-7.848939e-10,2.6020643e-09,0.6977563,1
2370422664,2370418724,0.7254773,-0.0044914996,0.004216227,0.6882186,0.71633524,-7.848939e-10,2.6020643e-09,0.6977563,1
2370429147,2370423477,0.7254743,-0.0044962293,0.0042105713,0.68822175,0.71633524,-7.848939e-10,2.6020643e-09,0.6977563,1
2370431309,2370430309,0.72548825,-0.0044913217,0.004181461,0.68820727,0.71633524,-7.848939e-10,2.6020643e-09,0.6977563,1
2370440648,2370439941,0.72548884,-0.004511426,0.0041284864,0.68820685,0.71633524,-7.848939e-10,2.6020643e-09,0.6977563,1
2370445522,2370444951,0.72549534,-0.004519478,0.004094225,0.6882001,0.71633524,-7.848939e-10,2.6020643e-09,0.6977563,1
2370455606,2370455029,0.7254785,-0.0044848565,0.004017117,0.6882186,0.71633524,-7.848939e-10,2.6020643e-09,0.6977563,1
2370464413,2370460086,0.72550935,-0.004463661,0.0039635305,0.68818647,0.71633524,-7.848939e-10,2.6020643e-09,0.6977563,1
2370470721,2370470204,0.72551656,-0.0043960745,0.0038837593,0.68817973,0.71633524,-7.848939e-10,2.6020643e-09,0.6977563,1
2370479546,2370479014,0.7255171,-0.0043231733,0.003784487,0.6881802,0.71633524,-7.848939e-10,2.6020643e-09,0.6977563,1
2370484620,2370484152,0.72555494,-0.004285105,0.0037226118,0.6881409,0.71633524,-7.848939e-10,2.6020643e-09,0.6977563,1
2370493496,2370489592,0.7255336,-0.004253737,0.0036434848,0.688164,0.71633524,-7.848939e-10,2.6020643e-09,0.6977563,1
2370499793,2370498035,0.7255402,-0.004164033,0.0035269482,0.68815815,0.71633524,-7.848939e-10,2.6020643e-09,0.6977563,1
2370504273,2370503473,0.725566,-0.004114948,0.0034556035,0.68813163,0.71633524,-7.848939e-10,2.6020643e-09,0.6977563,1
2370508871,2370508340,0.72554046,-0.0040554083,0.0034134488,0.6881591,0.71633524,-7.848939e-10,2.6020643e-09,0.6977563,1
2370513739,2370513190,0.7255681,-0.0039807805,0.003371564,0.6881307,0.71633524,-7.848939e-10,2.6020643e-09,0.6977563,1
2370518880,2370518258,0.7255446,-0.0039254804,0.0033391435,0.68815595,0.71633524,-7.848939e-10,2.6020643e-09,0.6977563,1
2370523882,2370523304,0.7255534,-0.0038568315,0.0033066822,0.6881472,0.71633524,-7.848939e-10,2.6020643e-09,0.6977563,1
2370534067,2370528409,0.7255777,-0.0038112176,0.0032231056,0.68812215,0.71633524,-7.848939e-10,2.6020643e-09,0.6977563,1
2370538979,2370533677,0.7255677,-0.00378457,0.003189861,0.688133,0.71633524,-7.848939e-10,2.6020643e-09,0.6977563,1
2370541299,2370540263,0.72556347,-0.0037531063,0.0030865278,0.6881381,0.71633524,-7.848939e-10,2.6020643e-09,0.6977563,1
2370545491,2370544816,0.7255852,-0.0037378073,0.0030230351,0.6881156,0.71633524,-7.848939e-10,2.6020643e-09,0.6977563,1
2370550411,2370549838,0.7255621,-0.0037118322,0.0029844707,0.6881403,0.71633524,-7.848939e-10,2.6020643e-09,0.6977563,1
2370560425,2370559917,0.72555333,-0.0036055152,0.002953417,0.68815017,0.71633524,-7.848939e-10,2.6020643e-09,0.6977563,1
2370565447,2370564981,0.7255582,-0.0035421564,0.002956385,0.6881453,0.71633524,-7.848939e-10,2.6020643e-09,0.6977563,1
2370570658,2370570075,0.7255486,-0.0034954448,0.0029418222,0.6881557,0.71633524,-7.848939e-10,2.6020643e-09,0.6977563,1
2370575690,2370575071,0.7255446,-0.003454085,0.0029273953,0.68816036,0.71633524,-7.848939e-10,2.6020643e-09,0.6977563,1
2370580711,2370580185,0.7255478,-0.0034554712,0.0028386996,0.6881573,0.71633524,-7.848939e-10,2.6020643e-09,0.6977563,1
2370585679,2370585154,0.72555363,-0.0034470945,0.0027661393,0.6881515,0.71633524,-7.848939e-10,2.6020643e-09,0.6977563,1
2370590869,2370590346,0.7255368,-0.0034204805,0.0026891832,0.6881696,0.71633524,-7.848939e-10,2.6020643e-09,0.6977563,1
2370595877,2370595324,0.7255245,-0.0033940133,0.0026436525,0.688183,0.71633524,-7.848939e-10,2.6020643e-09,0.6977563,1
2370604722,2370600341,0.72550535,-0.0033908559,0.0026185615,0.6882033,0.71633524,-7.848939e-10,2.6020643e-09,0.6977563,1
2370605783,2370605364,0.72550553,-0.0033956522,0.0025963087,0.6882032,0.71633524,-7.848939e-10,2.6020643e-09,0.6977563,1
2370616030,2370615573,0.72553855,-0.0033782644,0.0025194741,0.68816864,0.71633524,-7.848939e-10,2.6020643e-09,0.6977563,1
2370621174,2370620614,0.7255316,-0.0033616482,0.002480924,0.6881762,0.71633524,-7.848939e-10,2.6020643e-09,0.6977563,1
2370631176,2370625589,0.72551876,-0.0033270763,0.0024390258,0.68819004,0.71633524,-7.848939e-10,2.6020643e-09,0.6977563,1
2370633313,2370630642,0.72548515,-0.00331189,0.0023584927,0.6882259,0.71633524,-7.848939e-10,2.6020643e-09,0.6977563,1
2370636481,2370635772,0.725466,-0.0033021048,0.002278945,0.6882464,0.71633524,-7.848939e-10,2.6020643e-09,0.6977563,1
2370641326,2370640816,0.72544444,-0.003302653,0.0022165542,0.6882694,0.71633524,-7.848939e-10,2.6020643e-09,0.6977563,1
2370646434,2370645756,0.72545165,-0.0032989508,0.002141481,0.6882619,0.71633524,-7.848939e-10,2.6020643e-09,0.6977563,1
2370651622,2370650955,0.72546226,-0.0032661655,0.002079948,0.6882511,0.71633524,-7.848939e-10,2.6020643e-09,0.6977563,1
2370663432,2370660936,0.7254578,-0.0031764717,0.002040749,0.6882564,0.71633524,-7.848939e-10,2.6020643e-09,0.6977563,1
2370673666,2370671019,0.7254297,-0.0030685598,0.0019667493,0.68828666,0.71633524,-7.848939e-10,2.6020643e-09,0.6977563,1
2370685650,2370685085,0.72539407,-0.0030198642,0.0017548918,0.6883249,0.71633524,-7.848939e-10,2.6020643e-09,0.6977563,1
2370690536,2370689977,0.72539496,-0.0030092825,0.0017542038,0.6883241,0.71633524,-7.848939e-10,2.6020643e-09,0.6977563,1
2370695595,2370695068,0.7254127,-0.0029480963,0.0018677568,0.6883053,0.71633524,-7.848939e-10,2.6020643e-09,0.6977563,1
2370700692,2370700114,0.7254289,-0.0029744045,0.0020124863,0.68828785,0.71633524,-7.848939e-10,2.6020643e-09,0.6977563,1
2370709527,2370705565,0.7254558,-0.0029382708,0.0023074604,0.68825865,0.71633524,-7.848939e-10,2.6020643e-09,0.6977563,1
2370718031,2370716597,0.72548103,-0.002939142,0.002684182,0.68823075,0.71633524,-7.848939e-10,2.6020643e-09,0.6977563,1
2370727108,2370726626,0.725483,-0.0027562096,0.002796091,0.688229,0.71633524,-7.848939e-10,2.6020643e-09,0.6977563,1
2370736053,2370735503,0.72553974,-0.0026230903,0.0028933045,0.68816924,0.71633524,-7.848939e-10,2.6020643e-09,0.6977563,1
2370744770,2370740637,0.72558343,-0.002566253,0.0029852197,0.688123,0.71633524,-7.848939e-10,2.6020643e-09,0.6977563,1
2370751228,2370750628,0.72569346,-0.0024089133,0.0032704663,0.6880063,0.71633524,-7.848939e-10,2.6020643e-09,0.6977563,1
2370756246,2370755748,0.7257079,-0.002287346,0.0033702669,0.68799096,0.71633524,-7.848939e-10,2.6020643e-09,0.6977563,1
2370767676,2370767154,0.72573113,-0.0019681584,0.0035127602,0.6879667,0.71633524,-7.848939e-10,2.6020643e-09,0.6977563,1
2370772792,2370772160,0.72576207,-0.0018527998,0.0035278122,0.6879343,0.71633524,-7.848939e-10,2.6020643e-09,0.6977563,1
2370782759,2370781062,0.7257655,-0.00171665,0.0035213,0.6879311,0.71633524,-7.848939e-10,2.6020643e-09,0.6977563,1
2370787019,2370786010,0.7257544,-0.001642019,0.0035421988,0.6879429,0.71633524,-7.848939e-10,2.6020643e-09,0.6977563,1
2370791513,2370791060,0.7257685,-0.0016009962,0.0035487812,0.6879281,0.71633524,-7.848939e-10,2.6020643e-09,0.6977563,1
2370796638,2370796144,0.7257928,-0.0015227069,0.0035581857,0.68790257,0.71633524,-7.848939e-10,2.6020643e-09,0.6977563,1
2370806826,2370801188,0.7257091,-0.0013936951,0.0035731546,0.6879911,0.71633524,-7.848939e-10,2.6020643e-09,0.6977563,1
2370811813,2370811289,0.72559875,-0.001341811,0.0034775073,0.68810797,0.71633524,-7.848939e-10,2.6020643e-09,0.6977563,1
2370820709,2370820151,0.7254361,-0.0013556442,0.0034914867,0.68827933,0.71633524,-7.848939e-10,2.6020643e-09,0.6977563,1
2370825865,2370825185,0.7253053,-0.0013582685,0.0034922394,0.68841714,0.71633524,-7.848939e-10,2.6020643e-09,0.6977563,1
2370830788,2370830304,0.72522753,-0.001360679,0.00345553,0.68849933,0.71633524,-7.848939e-10,2.6020643e-09,0.6977563,1
2370835851,2370835347,0.7251644,-0.0012838563,0.003513371,0.6885657,0.71633524,-7.848939e-10,2.6020643e-09,0.6977563,1
2370840934,2370840361,0.72503895,-0.001242203,0.0036098477,0.6886973,0.71633524,-7.848939e-10,2.6020643e-09,0.6977563,1
2370849714,2370845784,0.7249455,-0.001185903,0.0037193282,0.6887952,0.71633524,-7.848939e-10,2.6020643e-09,0.6977563,1
2370856074,2370850551,0.72483796,-0.0010984114,0.0038293302,0.688908,0.71633524,-7.848939e-10,2.6020643e-09,0.6977563,1
2370858083,2370856841,0.7246642,-0.0011035725,0.0039399937,0.6890901,0.71633524,-7.848939e-10,2.6020643e-09,0.6977563,1
2370862525,2370861822,0.7245089,-0.0010899751,0.003998715,0.68925303,0.71633524,-7.848939e-10,2.6020643e-09,0.6977563,1
2370872375,2370866945,0.72436374,-0.0012196794,0.0040349676,0.6894051,0.71633524,-7.848939e-10,2.6020643e-09,0.6977563,1
2370873702,2370873279,0.72413117,-0.0013341069,0.0041091163,0.68964875,0.71633524,-7.848939e-10,2.6020643e-09,0.6977563,1
2370878685,2370878216,0.7239731,-0.0014901444,0.004139316,0.6898142,0.71633524,-7.848939e-10,2.6020643e-09,0.6977563,1
2370883842,2370883301,0.7238185,-0.0015650198,0.0042124987,0.68997586,0.71633524,-7.848939e-10,2.6020643e-09,0.6977563,1
2370889009,2370888435,0.72365093,-0.0016970724,0.0042995135,0.6901507,0.71633524,-7.848939e-10,2.6020643e-09,0.6977563,1
2370899010,2370893475,0.7234943,-0.0017359522,0.004399178,0.6903142,0.71633524,-7.848939e-10,2.6020643e-09,0.6977563,1
2370901183,2370900610,0.72325855,-0.0017499535,0.004487287,0.6905605,0.71633524,-7.848939e-10,2.6020643e-09,0.6977563,1
2370905592,2370904980,0.7231134,-0.0016434487,0.004569567,0.6907123,0.71633524,-7.848939e-10,2.6020643e-09,0.6977563,1
2370910425,2370909808,0.722924,-0.0014858607,0.004599334,0.6909107,0.71633524,-7.848939e-10,2.6020643e-09,0.6977563,1
2370922243,2370921280,0.7224836,-0.00080615067,0.004583379,0.6913725,0.71633524,-7.848939e-10,2.6020643e-09,0.6977563,1
2370931850,2370931300,0.72206646,-0.00016229431,0.0044484884,0.6918095,0.71633524,-7.848939e-10,2.6020643e-09,0.6977563,1
2370936898,2370936373,0.72185713,0.00018052068,0.0043879137,0.6920282,0.71633524,-7.848939e-10,2.6020643e-09,0.6977563,1
2370947099,2370945270,0.7215387,0.0005022321,0.0040666047,0.69236207,0.71633524,-7.848939e-10,2.6020643e-09,0.6977563,1
2370950954,2370950287,0.7213382,0.00059020036,0.003976004,0.6925714,0.71633524,-7.848939e-10,2.6020643e-09,0.6977563,1
2370962845,2370961673,0.7208869,0.0005948498,0.0038659852,0.69304174,0.71633524,-7.848939e-10,2.6020643e-09,0.6977563,1
2370972450,2370971822,0.72049344,0.00067780894,0.003828619,0.69345087,0.71633524,-7.848939e-10,2.6020643e-09,0.6977563,1
2370977385,2370976802,0.72033924,0.0006887525,0.0037390864,0.6936116,0.71633524,-7.848939e-10,2.6020643e-09,0.6977563,1
2370982454,2370981901,0.7201822,0.0006295691,0.0036190867,0.6937753,0.71633524,-7.848939e-10,2.6020643e-09,0.6977563,1
2370991188,2370987135,0.72004884,0.0006099397,0.0034213662,0.6939148,0.71633524,-7.848939e-10,2.6020643e-09,0.6977563,1
2370997657,2370997010,0.71980065,0.0005851471,0.0029400995,0.69417435,0.71633524,-7.848939e-10,2.6020643e-09,0.6977563,1
2371002622,2371002074,0.7196514,0.00053212605,0.0026699207,0.69433016,0.71633524,-7.848939e-10,2.6020643e-09,0.6977563,1
2371007865,2371007165,0.71954197,0.00049900607,0.0023770134,0.69444466,0.71633524,-7.848939e-10,2.6020643e-09,0.6977563,1
2371022886,2371022281,0.7192374,-2.1845388e-05,0.002395074,0.6947604,0.71633524,-7.848939e-10,2.6020643e-09,0.6977563,1
2371027846,2371027321,0.71909857,-0.00035887232,0.0023849015,0.69490397,0.71633524,-7.848939e-10,2.6020643e-09,0.6977563,1
2371032874,2371032429,0.71893185,-0.00065014034,0.002420649,0.6950761,0.71633524,-7.848939e-10,2.6020643e-09,0.6977563,1
2371037961,2371037428,0.71880716,-0.0009153248,0.002356208,0.695205,0.71633524,-7.848939e-10,2.6020643e-09,0.6977563,1
2371046866,2371042463,0.7186746,-0.0010396838,0.002296243,0.69534206,0.71633524,-7.848939e-10,2.6020643e-09,0.6977563,1
2371053180,2371047547,0.7185509,-0.0011336379,0.002268606,0.69546974,0.71633524,-7.848939e-10,2.6020643e-09,0.6977563,1
2371058176,2371057634,0.71830916,-0.0011319297,0.0023754921,0.69571906,0.71633524,-7.848939e-10,2.6020643e-09,0.6977563,1
2371068363,2371066520,0.71806556,-0.0012323213,0.0026080206,0.6959695,0.71633524,-7.848939e-10,2.6020643e-09,0.6977563,1
2371077234,2371076594,0.7177644,-0.0015920437,0.0028801754,0.69627833,0.71633524,-7.848939e-10,2.6020643e-09,0.6977563,1
2371082092,2371081626,0.71758157,-0.0017923822,0.0030729955,0.69646543,0.71633524,-7.848939e-10,2.6020643e-09,0.6977563,1
2371090996,2371087371,0.717418,-0.002005392,0.0031310685,0.6966331,0.71633524,-7.848939e-10,2.6020643e-09,0.6977563,1
2371092307,2371091804,0.71726847,-0.0021177689,0.0032283396,0.6967862,0.71633524,-7.848939e-10,2.6020643e-09,0.6977563,1
2371103490,2371103127,0.7168913,-0.0023254084,0.0034599877,0.6971725,0.71633524,-7.848939e-10,2.6020643e-09,0.6977563,1
2371108813,2371108175,0.7167441,-0.0025315161,0.003498501,0.6973229,0.71633524,-7.848939e-10,2.6020643e-09,0.6977563,1
2371118818,2371118299,0.71638364,-0.0030038757,0.003594592,0.6976909,0.71633524,-7.848939e-10,2.6020643e-09,0.6977563,1
2371123834,2371123315,0.7162263,-0.0032519612,0.00357739,0.6978515,0.71633524,-7.848939e-10,2.6020643e-09,0.6977563,1
2371135978,2371134893,0.7158227,-0.0038388583,0.0032827596,0.6982639,0.71633524,-7.848939e-10,2.6020643e-09,0.6977563,1
2371140372,2371139814,0.71563345,-0.0040334403,0.0031055384,0.6984575,0.71633524,-7.848939e-10,2.6020643e-09,0.6977563,1
2371145438,2371144804,0.71547556,-0.0041498463,0.002957161,0.69861925,0.71633524,-7.848939e-10,2.6020643e-09,0.6977563,1
2371157146,2371156197,0.71504605,-0.004602301,0.0027073391,0.699057,0.71633524,-7.848939e-10,2.6020643e-09,0.6977563,1
2371166823,2371166306,0.7146686,-0.0052193766,0.002711997,0.69943863,0.71633524,-7.848939e-10,2.6020643e-09,0.6977563,1
2371172022,2371171360,0.7144479,-0.0055928365,0.002780406,0.69966084,0.71633524,-7.848939e-10,2.6020643e-09,0.6977563,1
2371176802,2371176372,0.71426123,-0.005959627,0.002846965,0.6998481,0.71633524,-7.848939e-10,2.6020643e-09,0.6977563,1
2371186992,2371186585,0.71384835,-0.006722807,0.0029118052,0.700262,0.71633524,-7.848939e-10,2.6020643e-09,0.6977563,1
2371192088,2371191555,0.7136133,-0.007001038,0.0029187186,0.7004989,0.71633524,-7.848939e-10,2.6020643e-09,0.6977563,1
2371197195,2371196639,0.71335965,-0.0073361862,0.002950583,0.7007535,0.71633524,-7.848939e-10,2.6020643e-09,0.6977563,1
2371202303,2371201690,0.71318525,-0.007593007,0.0029409267,0.70092833,0.71633524,-7.848939e-10,2.6020643e-09,0.6977563,1
2371207291,2371206754,0.7129247,-0.007831644,0.0030144625,0.7011904,0.71633524,-7.848939e-10,2.6020643e-09,0.6977563,1
2371217388,2371211768,0.71269566,-0.008113666,0.003077325,0.7014198,0.71633524,-7.848939e-10,2.6020643e-09,0.6977563,1
2371222365,2371221870,0.7122695,-0.008725788,0.0035170924,0.7018431,0.71633524,-7.848939e-10,2.6020643e-09,0.6977563,1
2371227522,2371226951,0.712018,-0.008990087,0.0038291705,0.70209324,0.71633524,-7.848939e-10,2.6020643e-09,0.6977563,1
2371232356,2371231943,0.71179074,-0.009356806,0.004256755,0.70231634,0.71633524,-7.848939e-10,2.6020643e-09,0.6977563,1
2371242504,2371242122,0.7112923,-0.009839077,0.0050736847,0.7028092,0.71633524,-7.848939e-10,2.6020643e-09,0.6977563,1
2371247953,2371247190,0.71102214,-0.010079916,0.0055417498,0.7030755,0.71633524,-7.848939e-10,2.6020643e-09,0.6977563,1
2371259611,2371258573,0.7103924,-0.010432104,0.0065892953,0.70369774,0.71633524,-7.848939e-10,2.6020643e-09,0.6977563,1
2371264142,2371263568,0.710146,-0.010466236,0.0070873247,0.70394105,0.71633524,-7.848939e-10,2.6020643e-09,0.6977563,1
2371274291,2371268599,0.7098207,-0.010536867,0.0076036393,0.7042626,0.71633524,-7.848939e-10,2.6020643e-09,0.6977563,1
2371279394,2371278889,0.7092779,-0.010659856,0.00872305,0.7047944,0.71633524,-7.848939e-10,2.6020643e-09,0.6977563,1
2371284309,2371283744,0.70902306,-0.010768396,0.009263893,0.70504224,0.71633524,-7.848939e-10,2.6020643e-09,0.6977563,1
2371293149,2371292620,0.7085846,-0.011084703,0.010042095,0.7054674,0.71633524,-7.848939e-10,2.6020643e-09,0.6977563,1
2371301973,2371297936,0.7083188,-0.011334432,0.010457915,0.7057242,0.71633524,-7.848939e-10,2.6020643e-09,0.6977563,1
2371303220,2371302778,0.7081104,-0.011617812,0.010733223,0.70592463,0.71633524,-7.848939e-10,2.6020643e-09,0.6977563,1
2371313564,2371311533,0.7077244,-0.01199982,0.011120855,0.7062992,0.71633524,-7.848939e-10,2.6020643e-09,0.6977563,1
2371317033,2371316566,0.7074538,-0.012149801,0.011287765,0.706565,0.71633524,-7.848939e-10,2.6020643e-09,0.6977563,1
2371327250,2371326685,0.70709205,-0.012174532,0.011439411,0.70692426,0.71633524,-7.848939e-10,2.6020643e-09,0.6977563,1
2371332322,2371331779,0.706891,-0.012143432,0.011387913,0.7071266,0.71633524,-7.848939e-10,2.6020643e-09,0.6977563,1
2371337408,2371336801,0.7066947,-0.01203695,0.011268975,0.7073265,0.71633524,-7.848939e-10,2.6020643e-09,0.6977563,1
2371342479,2371341881,0.7065428,-0.011909573,0.011150049,0.7074822,0.71633524,-7.848939e-10,2.6020643e-09,0.6977563,1
2371347672,2371346933,0.7064241,-0.011861231,0.011016791,0.7076037,0.71633524,-7.848939e-10,2.6020643e-09,0.6977563,1
2371352615,2371352063,0.7063146,-0.01168897,0.010849696,0.7077184,0.71633524,-7.848939e-10,2.6020643e-09,0.6977563,1
2371361322,2371357155,0.70615304,-0.01151603,0.010712619,0.7078846,0.71633524,-7.848939e-10,2.6020643e-09,0.6977563,1
2371367765,2371362109,0.70602006,-0.011385723,0.010595203,0.70802104,0.71633524,-7.848939e-10,2.6020643e-09,0.6977563,1
2371369378,2371367130,0.70596886,-0.01120652,0.010402457,0.70807785,0.71633524,-7.848939e-10,2.6020643e-09,0.6977563,1
2371372769,2371372226,0.70583093,-0.011018183,0.010220151,0.7082209,0.71633524,-7.848939e-10,2.6020643e-09,0.6977563,1
2371383979,2371383582,0.7055659,-0.010657306,0.009661225,0.7084983,0.71633524,-7.848939e-10,2.6020643e-09,0.6977563,1
2371389237,2371388674,0.70540714,-0.010456109,0.009331039,0.7086638,0.71633524,-7.848939e-10,2.6020643e-09,0.6977563,1
2371394234,2371393716,0.70532763,-0.010258094,0.009008179,0.70875,0.71633524,-7.848939e-10,2.6020643e-09,0.6977563,1
2371403078,2371398861,0.70526546,-0.010073425,0.008757953,0.7088177,0.71633524,-7.848939e-10,2.6020643e-09,0.6977563,1
2371409599,2371408828,0.7050564,-0.009572875,0.008198188,0.7090393,0.71633524,-7.848939e-10,2.6020643e-09,0.6977563,1
2371414557,2371413964,0.7049757,-0.009293418,0.007966842,0.7091258,0.71633524,-7.848939e-10,2.6020643e-09,0.6977563,1
2371419624,2371418943,0.7048765,-0.009051287,0.007733775,0.7092302,0.71633524,-7.848939e-10,2.6020643e-09,0.6977563,1
2371429629,2371423965,0.70477617,-0.008781109,0.007481519,0.709336,0.71633524,-7.848939e-10,2.6020643e-09,0.6977563,1
2371434603,2371434100,0.7045893,-0.008345337,0.00701634,0.7095316,0.71633524,-7.848939e-10,2.6020643e-09,0.6977563,1
2371439771,2371439202,0.7044974,-0.008075872,0.00674064,0.70962864,0.71633524,-7.848939e-10,2.6020643e-09,0.6977563,1
2371451659,2371450588,0.7042801,-0.0074887485,0.0062803486,0.709855,0.71633524,-7.848939e-10,2.6020643e-09,0.6977563,1
2371456217,2371455621,0.7041517,-0.0072338143,0.0061110174,0.7099865,0.71633524,-7.848939e-10,2.6020643e-09,0.6977563,1
2371464886,2371464401,0.7039911,-0.0067097237,0.005798266,0.71015346,0.71633524,-7.848939e-10,2.6020643e-09,0.6977563,1
2371470010,2371469502,0.7039105,-0.0064373934,0.0056573846,0.7102369,0.71633524,-7.848939e-10,2.6020643e-09,0.6977563,1
2371475273,2371474593,0.7037792,-0.0062082964,0.0055708643,0.7103698,0.71633524,-7.848939e-10,2.6020643e-09,0.6977563,1
2371480168,2371479648,0.70365113,-0.005960066,0.0055074897,0.7104993,0.71633524,-7.848939e-10,2.6020643e-09,0.6977563,1
2371485234,2371484647,0.7036038,-0.005753454,0.0054813055,0.7105481,0.71633524,-7.848939e-10,2.6020643e-09,0.6977563,1
2371497057,2371494718,0.70331854,-0.005361259,0.00547438,0.7108336,0.71633524,-7.848939e-10,2.6020643e-09,0.6977563,1
2371500546,2371499831,0.7032734,-0.0051348964,0.005451678,0.7108801,0.71633524,-7.848939e-10,2.6020643e-09,0.6977563,1
2371505563,2371504993,0.7031494,-0.004974426,0.0054948153,0.71100366,0.71633524,-7.848939e-10,2.6020643e-09,0.6977563,1
2371510503,2371509914,0.7030166,-0.004737286,0.0054595647,0.7111368,0.71633524,-7.848939e-10,2.6020643e-09,0.6977563,1
2371515507,2371514979,0.70295125,-0.004497818,0.005436212,0.71120304,0.71633524,-7.848939e-10,2.6020643e-09,0.6977563,1
2371520561,2371520108,0.70288056,-0.004264772,0.0054421565,0.7112743,0.71633524,-7.848939e-10,2.6020643e-09,0.6977563,1
2371525601,2371525065,0.7027894,-0.003997314,0.0053280196,0.71136683,0.71633524,-7.848939e-10,2.6020643e-09,0.6977563,1
2371534438,2371530133,0.7027094,-0.0037255355,0.005290633,0.71144766,0.71633524,-7.848939e-10,2.6020643e-09,0.6977563,1
2371536291,2371535361,0.7026548,-0.0035675112,0.0052274214,0.7115028,0.71633524,-7.848939e-10,2.6020643e-09,0.6977563,1
2371545771,2371540296,0.702591,-0.0033514248,0.005097645,0.71156776,0.71633524,-7.848939e-10,2.6020643e-09,0.6977563,1
2371547897,2371545272,0.7025243,-0.003151292,0.005002183,0.71163523,0.71633524,-7.848939e-10,2.6020643e-09,0.6977563,1
2371551004,2371550354,0.7024872,-0.0029767114,0.0049208407,0.71167326,0.71633524,-7.848939e-10,2.6020643e-09,0.6977563,1
2371555993,2371555396,0.7024862,-0.0027922166,0.004785511,0.7116759,0.71633524,-7.848939e-10,2.6020643e-09,0.6977563,1
2371565987,2371560433,0.7024571,-0.002513191,0.0046776775,0.71170634,0.71633524,-7.848939e-10,2.6020643e-09,0.6977563,1
2371567865,2371566786,0.7024191,-0.002202893,0.0045405272,0.71174574,0.71633524,-7.848939e-10,2.6020643e-09,0.6977563,1
2371572338,2371571789,0.7024002,-0.0019256043,0.0043964596,0.7117661,0.71633524,-7.848939e-10,2.6020643e-09,0.6977563,1
2371583554,2371583162,0.7023564,-0.0013132739,0.004065787,0.7118126,0.71633524,-7.848939e-10,2.6020643e-09,0.6977563,1
2371588927,2371588352,0.70228565,-0.0010880532,0.0039221635,0.71188366,0.71633524,-7.848939e-10,2.6020643e-09,0.6977563,1
2371593771,2371593260,0.7022831,-0.0008321291,0.003703159,0.7118877,0.71633524,-7.848939e-10,2.6020643e-09,0.6977563,1
2371598840,2371598355,0.7023461,-0.0005934635,0.0035311906,0.7118266,0.71633524,-7.848939e-10,2.6020643e-09,0.6977563,1
2371610893,2371609792,0.7023328,-2.3373192e-05,0.0029911892,0.71184254,0.71633524,-7.848939e-10,2.6020643e-09,0.6977563,1
2371615370,2371614792,0.7023164,0.00021739618,0.0027421112,0.7118596,0.71633524,-7.848939e-10,2.6020643e-09,0.6977563,1
2371625444,2371624884,0.7023907,0.00070029666,0.002207297,0.711788,0.71633524,-7.848939e-10,2.6020643e-09,0.6977563,1
2371636138,2371635628,0.7023782,0.00116948,0.0015699846,0.7118013,0.71633524,-7.848939e-10,2.6020643e-09,0.6977563,1
2371645683,2371645119,0.702459,0.0016105397,0.0010466425,0.71172166,0.71633524,-7.848939e-10,2.6020643e-09,0.6977563,1
2371650732,2371650108,0.70246136,0.0018687028,0.000642125,0.7117192,0.71633524,-7.848939e-10,2.6020643e-09,0.6977563,1
2371655854,2371655198,0.70249736,0.0021350312,0.00034880903,0.71168315,0.71633524,-7.848939e-10,2.6020643e-09,0.6977563,1
2371664849,2371660486,0.7025737,0.0023361077,2.5653178e-05,0.71160716,0.71633524,-7.848939e-10,2.6020643e-09,0.6977563,1
2371670880,2371669104,0.7026445,0.0027708197,-0.00054175284,0.71153545,0.71633524,-7.848939e-10,2.6020643e-09,0.6977563,1
2371674951,2371674350,0.7027168,0.0029831494,-0.0008531586,0.7114629,0.71633524,-7.848939e-10,2.6020643e-09,0.6977563,1
2371679925,2371679182,0.7027795,0.0031899887,-0.0011182056,0.7113998,0.71633524,-7.848939e-10,2.6020643e-09,0.6977563,1
2371689958,2371689435,0.70292956,0.0036851724,-0.0017561011,0.71124786,0.71633524,-7.848939e-10,2.6020643e-09,0.6977563,1
2371698683,2371694373,0.7030249,0.0039280504,-0.0020492885,0.7111514,0.71633524,-7.848939e-10,2.6020643e-09,0.6977563,1
2371705061,2371704430,0.7031631,0.0044334363,-0.0026685197,0.7110098,0.71633524,-7.848939e-10,2.6020643e-09,0.6977563,1
2371710155,2371709521,0.7032611,0.0046850727,-0.0030103326,0.7109099,0.71633524,-7.848939e-10,2.6020643e-09,0.6977563,1
2371715240,2371714610,0.7034153,0.004926474,-0.0033243282,0.7107543,0.71633524,-7.848939e-10,2.6020643e-09,0.6977563,1
2371720311,2371719705,0.70348954,0.00519221,-0.003674448,0.7106772,0.71633524,-7.848939e-10,2.6020643e-09,0.6977563,1
2371725233,2371724690,0.7035383,0.0054437425,-0.003988372,0.7106253,0.71633524,-7.848939e-10,2.6020643e-09,0.6977563,1
2371730329,2371729777,0.7037386,0.0056913644,-0.0043183733,0.7104232,0.71633524,-7.848939e-10,2.6020643e-09,0.6977563,1
2371735374,2371734797,0.7039052,0.0059442674,-0.004636272,0.710254,0.71633524,-7.848939e-10,2.6020643e-09,0.6977563,1
2371744172,2371740030,0.70404476,0.0061650383,-0.0049111196,0.7101119,0.71633524,-7.848939e-10,2.6020643e-09,0.6977563,1
2371752981,2371751199,0.7043397,0.006615436,-0.0055683074,0.7098105,0.71633524,-7.848939e-10,2.6020643e-09,0.6977563,1
2371756988,2371756268,0.7046027,0.00680191,-0.0057938327,0.7095458,0.71633524,-7.848939e-10,2.6020643e-09,0.6977563,1
2371761870,2371761305,0.7046742,0.0070417738,-0.0060894396,0.70947,0.71633524,-7.848939e-10,2.6020643e-09,0.6977563,1
2371772848,2371771895,0.7048952,0.0074598207,-0.0066661867,0.709241,0.71633524,-7.848939e-10,2.6020643e-09,0.6977563,1
2371777068,2371776508,0.70510906,0.007645906,-0.006942914,0.7090237,0.71633524,-7.848939e-10,2.6020643e-09,0.6977563,1
2371782207,2371781539,0.70537764,0.007826125,-0.0071992455,0.70875204,0.71633524,-7.848939e-10,2.6020643e-09,0.6977563,1
2371792812,2371792035,0.70558596,0.008236966,-0.0077463277,0.7085341,0.71633524,-7.848939e-10,2.6020643e-09,0.6977563,1
2371797498,2371796698,0.7057301,0.008379754,-0.007982855,0.70838636,0.71633524,-7.848939e-10,2.6020643e-09,0.6977563,1
2371802379,2371801858,0.70605296,0.008483231,-0.008214698,0.7080606,0.71633524,-7.848939e-10,2.6020643e-09,0.6977563,1
2371811089,2371806983,0.70625466,0.008661112,-0.008454594,0.70785445,0.71633524,-7.848939e-10,2.6020643e-09,0.6977563,1
2371813034,2371811917,0.706432,0.008812477,-0.008690192,0.7076727,0.71633524,-7.848939e-10,2.6020643e-09,0.6977563,1
2371817549,2371816997,0.7066064,0.008976205,-0.008925916,0.70749366,0.71633524,-7.848939e-10,2.6020643e-09,0.6977563,1
2371822481,2371821925,0.706672,0.009144479,-0.009160981,0.7074229,0.71633524,-7.848939e-10,2.6020643e-09,0.6977563,1
2371831430,2371827071,0.70682716,0.009313149,-0.009396556,0.7072626,0.71633524,-7.848939e-10,2.6020643e-09,0.6977563,1
2371833656,2371832047,0.7070619,0.009426414,-0.009612278,0.7070235,0.71633524,-7.848939e-10,2.6020643e-09,0.6977563,1
2371837761,2371837222,0.70739746,0.009543385,-0.00981473,0.7066834,0.71633524,-7.848939e-10,2.6020643e-09,0.6977563,1
2371842895,2371842231,0.707556,0.009682856,-0.010022083,0.70651984,0.71633524,-7.848939e-10,2.6020643e-09,0.6977563,1
2371847749,2371847223,0.7077375,0.009806449,-0.010221694,0.7063336,0.71633524,-7.848939e-10,2.6020643e-09,0.6977563,1
2371852910,2371852247,0.70793325,0.009949453,-0.010410573,0.7061326,0.71633524,-7.848939e-10,2.6020643e-09,0.6977563,1
2371861605,2371857478,0.7080992,0.0100735305,-0.010593485,0.70596164,0.71633524,-7.848939e-10,2.6020643e-09,0.6977563,1
2371869157,2371867469,0.7085477,0.010260945,-0.010847221,0.705505,0.71633524,-7.848939e-10,2.6020643e-09,0.6977563,1
2371884552,2371883966,0.70913583,0.010541833,-0.011266277,0.70490307,0.71633524,-7.848939e-10,2.6020643e-09,0.6977563,1
2371889585,2371888930,0.70932674,0.01061718,-0.011383249,0.70470804,0.71633524,-7.848939e-10,2.6020643e-09,0.6977563,1
2371894651,2371893991,0.709559,0.010707153,-0.011510381,0.70447063,0.71633524,-7.848939e-10,2.6020643e-09,0.6977563,1
2371906114,2371904076,0.71002805,0.010893001,-0.011724433,0.7039915,0.71633524,-7.848939e-10,2.6020643e-09,0.6977563,1
2371913604,2371912950,0.710465,0.010996165,-0.01180948,0.70354754,0.71633524,-7.848939e-10,2.6020643e-09,0.6977563,1
2371918583,2371917959,0.71063316,0.011073594,-0.011864885,0.7033756,0.71633524,-7.848939e-10,2.6020643e-09,0.6977563,1
2371923520,2371922972,0.71083003,0.011093815,-0.011914669,0.7031754,0.71633524,-7.848939e-10,2.6020643e-09,0.6977563,1
2371933909,2371933440,0.71140486,0.011139359,-0.012010252,0.70259154,0.71633524,-7.848939e-10,2.6020643e-09,0.6977563,1
2371938816,2371938161,0.71155095,0.011151371,-0.012057928,0.7024425,0.71633524,-7.848939e-10,2.6020643e-09,0.6977563,1
2371947583,2371943256,0.7117436,0.011168728,-0.01210138,0.7022463,0.71633524,-7.848939e-10,2.6020643e-09,0.6977563,1
2371949858,2371949298,0.7121264,0.011221446,-0.012208082,0.7018555,0.71633524,-7.848939e-10,2.6020643e-09,0.6977563,1
2371953773,2371953314,0.7123721,0.011222914,-0.012241988,0.7016054,0.71633524,-7.848939e-10,2.6020643e-09,0.6977563,1
2371965187,2371964739,0.71286625,0.0112066325,-0.012284711,0.7011029,0.71633524,-7.848939e-10,2.6020643e-09,0.6977563,1
2371974086,2371970241,0.71329033,0.011178784,-0.012226358,0.7006729,0.71633524,-7.848939e-10,2.6020643e-09,0.6977563,1
2371980437,2371979875,0.7136429,0.011175492,-0.012265752,0.70031327,0.71633524,-7.848939e-10,2.6020643e-09,0.6977563,1
2371985562,2371984981,0.71394944,0.011171773,-0.012254593,0.7000009,0.71633524,-7.848939e-10,2.6020643e-09,0.6977563,1
2371990468,2371989990,0.71421844,0.0111873485,-0.0122658545,0.69972605,0.71633524,-7.848939e-10,2.6020643e-09,0.6977563,1
2372000766,2371995010,0.71438205,0.01119649,-0.012257511,0.6995589,0.71633524,-7.848939e-10,2.6020643e-09,0.6977563,1
2372005799,2372005220,0.71490055,0.011193705,-0.012208621,0.69903,0.71633524,-7.848939e-10,2.6020643e-09,0.6977563,1
2372014680,2372014036,0.71538466,0.011186744,-0.012128461,0.6985361,0.71633524,-7.848939e-10,2.6020643e-09,0.6977563,1
2372019660,2372019010,0.7155429,0.011182786,-0.012088242,0.69837475,0.71633524,-7.848939e-10,2.6020643e-09,0.6977563,1
2372024631,2372024087,0.7157809,0.011186027,-0.012080264,0.6981309,0.71633524,-7.848939e-10,2.6020643e-09,0.6977563,1
2372035764,2372034293,0.716194,0.011131793,-0.0120048225,0.69770926,0.71633524,-7.848939e-10,2.6020643e-09,0.6977563,1
2372039813,2372039262,0.7164349,0.011169915,-0.012005839,0.69746125,0.71633524,-7.848939e-10,2.6020643e-09,0.6977563,1
2372049860,2372049401,0.71682966,0.011198325,-0.011920449,0.6970565,0.71633524,-7.848939e-10,2.6020643e-09,0.6977563,1
2372060073,2372059494,0.7172332,0.011198334,-0.011839381,0.69664264,0.71633524,-7.848939e-10,2.6020643e-09,0.6977563,1
2372068844,2372064519,0.71742964,0.011177855,-0.011754609,0.6964422,0.71633524,-7.848939e-10,2.6020643e-09,0.6977563,1
2372070982,2372069765,0.7176203,0.011169579,-0.011751285,0.6962459,0.71633524,-7.848939e-10,2.6020643e-09,0.6977563,1
2372075292,2372074672,0.7178437,0.011147033,-0.011699203,0.6960167,0.71633524,-7.848939e-10,2.6020643e-09,0.6977563,1
2372080350,2372079869,0.7180258,0.011146766,-0.011613872,0.6958303,0.71633524,-7.848939e-10,2.6020643e-09,0.6977563,1
2372085356,2372084684,0.71817553,0.011137186,-0.011599397,0.69567615,0.71633524,-7.848939e-10,2.6020643e-09,0.6977563,1
2372090506,2372089746,0.7184526,0.01111495,-0.011559717,0.69539106,0.71633524,-7.848939e-10,2.6020643e-09,0.6977563,1
2372095389,2372094844,0.7186351,0.011115264,-0.011497429,0.6952034,0.71633524,-7.848939e-10,2.6020643e-09,0.6977563,1
2372105495,2372099907,0.71874994,0.011078873,-0.011461508,0.6950859,0.71633524,-7.848939e-10,2.6020643e-09,0.6977563,1
2372110605,2372110067,0.7191812,0.011039319,-0.011310382,0.6946428,0.71633524,-7.848939e-10,2.6020643e-09,0.6977563,1
2372119559,2372115327,0.71930355,0.011011807,-0.011231008,0.69451785,0.71633524,-7.848939e-10,2.6020643e-09,0.6977563,1
2372125685,2372125115,0.71970356,0.010994033,-0.011072211,0.6941062,0.71633524,-7.848939e-10,2.6020643e-09,0.6977563,1
2372135922,2372135257,0.71998996,0.010978656,-0.010952685,0.6938113,0.71633524,-7.848939e-10,2.6020643e-09,0.6977563,1
2372147215,2372146703,0.720386,0.010933594,-0.010829267,0.6934026,0.71633524,-7.848939e-10,2.6020643e-09,0.6977563,1
2372152262,2372151676,0.7206191,0.010886108,-0.01074652,0.69316244,0.71633524,-7.848939e-10,2.6020643e-09,0.6977563,1
2372157424,2372156708,0.7207838,0.010829595,-0.0106376195,0.6929937,0.71633524,-7.848939e-10,2.6020643e-09,0.6977563,1
2372162523,2372161930,0.7209367,0.010802801,-0.010593762,0.69283575,0.71633524,-7.848939e-10,2.6020643e-09,0.6977563,1
2372167571,2372166828,0.72112644,0.010749148,-0.010503334,0.6926405,0.71633524,-7.848939e-10,2.6020643e-09,0.6977563,1
2372178610,2372178200,0.72151434,0.0106497975,-0.010335959,0.6922404,0.71633524,-7.848939e-10,2.6020643e-09,0.6977563,1
2372188963,2372187187,0.7218883,0.010523251,-0.010108962,0.6918558,0.71633524,-7.848939e-10,2.6020643e-09,0.6977563,1
2372192581,2372192082,0.7220833,0.010517923,-0.010077134,0.6916528,0.71633524,-7.848939e-10,2.6020643e-09,0.6977563,1
2372197857,2372197162,0.72221667,0.010508981,-0.01001082,0.6915147,0.71633524,-7.848939e-10,2.6020643e-09,0.6977563,1
2372202729,2372202225,0.7224177,0.0104855765,-0.0099160625,0.69130635,0.71633524,-7.848939e-10,2.6020643e-09,0.6977563,1
2372208004,2372207284,0.72261137,0.0104818465,-0.009851299,0.69110495,0.71633524,-7.848939e-10,2.6020643e-09,0.6977563,1
2372213160,2372212493,0.72278094,0.010470054,-0.009812841,0.6909283,0.71633524,-7.848939e-10,2.6020643e-09,0.6977563,1
2372217935,2372217440,0.72296906,0.01045527,-0.009726663,0.6907329,0.71633524,-7.848939e-10,2.6020643e-09,0.6977563,1
2372228106,2372222508,0.7231066,0.010452157,-0.009688755,0.6905894,0.71633524,-7.848939e-10,2.6020643e-09,0.6977563,1
2372233383,2372232796,0.72347456,0.0103971595,-0.009597588,0.6902061,0.71633524,-7.848939e-10,2.6020643e-09,0.6977563,1
2372238089,2372237578,0.723596,0.010376143,-0.009540467,0.69007987,0.71633524,-7.848939e-10,2.6020643e-09,0.6977563,1
2372249930,2372247720,0.72392446,0.010312734,-0.009427538,0.68973774,0.71633524,-7.848939e-10,2.6020643e-09,0.6977563,1
2372253454,2372252790,0.7240972,0.010295034,-0.009379256,0.6895574,0.71633524,-7.848939e-10,2.6020643e-09,0.6977563,1
2372264662,2372264133,0.72433734,0.0102202,-0.0092636645,0.6893078,0.71633524,-7.848939e-10,2.6020643e-09,0.6977563,1
2372269857,2372269217,0.72443163,0.010194905,-0.009184963,0.6892102,0.71633524,-7.848939e-10,2.6020643e-09,0.6977563,1
2372274909,2372274271,0.7245405,0.010166364,-0.009133393,0.6890968,0.71633524,-7.848939e-10,2.6020643e-09,0.6977563,1
2372286098,2372285598,0.7249071,0.010112959,-0.009023429,0.6887133,0.71633524,-7.848939e-10,2.6020643e-09,0.6977563,1
2372295003,2372294437,0.7252234,0.010064629,-0.008943597,0.688382,0.71633524,-7.848939e-10,2.6020643e-09,0.6977563,1
2372303882,2372303350,0.7255461,0.009962542,-0.008835931,0.6880447,0.71633524,-7.848939e-10,2.6020643e-09,0.6977563,1
2372313353,2372312488,0.7257785,0.009879484,-0.008719521,0.6878022,0.71633524,-7.848939e-10,2.6020643e-09,0.6977563,1
2372317648,2372317198,0.7258935,0.00986802,-0.008701315,0.6876813,0.71633524,-7.848939e-10,2.6020643e-09,0.6977563,1
2372322826,2372322259,0.7260643,0.009781058,-0.008643323,0.687503,0.71633524,-7.848939e-10,2.6020643e-09,0.6977563,1
2372327884,2372327298,0.7262213,0.009662432,-0.008565796,0.6873397,0.71633524,-7.848939e-10,2.6020643e-09,0.6977563,1
2372337959,2372337578,0.7264695,0.009514438,-0.008507317,0.6870802,0.71633524,-7.848939e-10,2.6020643e-09,0.6977563,1
2372343018,2372342407,0.72662634,0.009380607,-0.008389665,0.68691766,0.71633524,-7.848939e-10,2.6020643e-09,0.6977563,1
2372348143,2372347543,0.72676593,0.009330865,-0.008382167,0.6867707,0.71633524,-7.848939e-10,2.6020643e-09,0.6977563,1
2372359239,2372357572,0.72702056,0.009151161,-0.008255334,0.6865051,0.71633524,-7.848939e-10,2.6020643e-09,0.6977563,1
2372363330,2372362703,0.7271688,0.009055213,-0.008255805,0.68634933,0.71633524,-7.848939e-10,2.6020643e-09,0.6977563,1
2372373939,2372373039,0.72739685,0.0088245105,-0.008079022,0.6861128,0.71633524,-7.848939e-10,2.6020643e-09,0.6977563,1
2372378453,2372377906,0.7275232,0.008716265,-0.008029257,0.68598074,0.71633524,-7.848939e-10,2.6020643e-09,0.6977563,1
2372383568,2372382924,0.72770286,0.008604981,-0.008010019,0.6857918,0.71633524,-7.848939e-10,2.6020643e-09,0.6977563,1
2372388492,2372387905,0.7277928,0.008485541,-0.007917096,0.685699,0.71633524,-7.848939e-10,2.6020643e-09,0.6977563,1
2372393554,2372393015,0.72789586,0.008371678,-0.007882007,0.68559134,0.71633524,-7.848939e-10,2.6020643e-09,0.6977563,1
2372405897,2372403099,0.72813755,0.008154107,-0.0077925655,0.68533826,0.71633524,-7.848939e-10,2.6020643e-09,0.6977563,1
2372408819,2372408245,0.72824824,0.008079294,-0.007798666,0.68522143,0.71633524,-7.848939e-10,2.6020643e-09,0.6977563,1
2372419979,2372418240,0.72851676,0.00789477,-0.0076666703,0.68493956,0.71633524,-7.848939e-10,2.6020643e-09,0.6977563,1
2372423923,2372423311,0.7285944,0.007827364,-0.007632478,0.68485814,0.71633524,-7.848939e-10,2.6020643e-09,0.6977563,1
2372434678,2372433842,0.7288207,0.00761957,-0.007458048,0.6846217,0.71633524,-7.848939e-10,2.6020643e-09,0.6977563,1
2372439118,2372438425,0.7288816,0.007537659,-0.007450478,0.68455786,0.71633524,-7.848939e-10,2.6020643e-09,0.6977563,1
2372444034,2372443480,0.7289617,0.0074395775,-0.0073725516,0.68447435,0.71633524,-7.848939e-10,2.6020643e-09,0.6977563,1
2372449093,2372448531,0.7290771,0.007327319,-0.007314156,0.6843533,0.71633524,-7.848939e-10,2.6020643e-09,0.6977563,1
2372457906,2372453669,0.7291274,0.0072810594,-0.0073153838,0.68430024,0.71633524,-7.848939e-10,2.6020643e-09,0.6977563,1
2372466777,2372466133,0.7293239,0.0071306564,-0.0072317785,0.6840932,0.71633524,-7.848939e-10,2.6020643e-09,0.6977563,1
2372475573,2372475032,0.7294824,0.006989467,-0.007147602,0.6839266,0.71633524,-7.848939e-10,2.6020643e-09,0.6977563,1
2372484554,2372483923,0.729658,0.0068576485,-0.0071133617,0.68374085,0.71633524,-7.848939e-10,2.6020643e-09,0.6977563,1
2372489484,2372488955,0.7297158,0.0067670317,-0.0070393435,0.68368095,0.71633524,-7.848939e-10,2.6020643e-09,0.6977563,1
2372498653,2372494000,0.72976005,0.006649726,-0.0069745355,0.68363553,0.71633524,-7.848939e-10,2.6020643e-09,0.6977563,1
2372499605,2372499212,0.72986484,0.006574493,-0.006952812,0.68352455,0.71633524,-7.848939e-10,2.6020643e-09,0.6977563,1
2372504823,2372504192,0.72988915,0.0065396405,-0.006909615,0.68349934,0.71633524,-7.848939e-10,2.6020643e-09,0.6977563,1
2372509786,2372509241,0.72995317,0.0064467513,-0.0068579153,0.6834324,0.71633524,-7.848939e-10,2.6020643e-09,0.6977563,1
2372518754,2372514497,0.7301073,0.0064211516,-0.0068398574,0.6832681,0.71633524,-7.848939e-10,2.6020643e-09,0.6977563,1
2372519749,2372519281,0.7301442,0.006373348,-0.0067817415,0.6832297,0.71633524,-7.848939e-10,2.6020643e-09,0.6977563,1
2372531127,2372530689,0.73028797,0.006336687,-0.006660585,0.6830775,0.71633524,-7.848939e-10,2.6020643e-09,0.6977563,1
2372540124,2372539567,0.7303629,0.0063208793,-0.00658155,0.68299836,0.71633524,-7.848939e-10,2.6020643e-09,0.6977563,1
2372550213,2372549593,0.73045844,0.0062662195,-0.0064613894,0.68289787,0.71633524,-7.848939e-10,2.6020643e-09,0.6977563,1
2372555366,2372554760,0.7304954,0.0062750233,-0.006387659,0.6828589,0.71633524,-7.848939e-10,2.6020643e-09,0.6977563,1
2372560368,2372559811,0.7305938,0.006241783,-0.0062787854,0.68275493,0.71633524,-7.848939e-10,2.6020643e-09,0.6977563,1
2372565571,2372565023,0.7306082,0.0062215785,-0.0062142797,0.68274033,0.71633524,-7.848939e-10,2.6020643e-09,0.6977563,1
2372574106,2372569800,0.7306287,0.0062527214,-0.0061326865,0.6827188,0.71633524,-7.848939e-10,2.6020643e-09,0.6977563,1
2372576149,2372574951,0.7306967,0.0062400666,-0.006032468,0.68264717,0.71633524,-7.848939e-10,2.6020643e-09,0.6977563,1
2372580503,2372579940,0.7307076,0.006228451,-0.0059596086,0.6826362,0.71633524,-7.848939e-10,2.6020643e-09,0.6977563,1
2372590603,2372584960,0.7307372,0.0062578293,-0.0058933385,0.6826048,0.71633524,-7.848939e-10,2.6020643e-09,0.6977563,1
2372591755,2372591295,0.730766,0.006214474,-0.005808211,0.6825751,0.71633524,-7.848939e-10,2.6020643e-09,0.6977563,1
2372601009,2372600162,0.7307995,0.00630352,-0.005735819,0.68253905,0.71633524,-7.848939e-10,2.6020643e-09,0.6977563,1
2372605928,2372605261,0.7307845,0.0062879287,-0.005643936,0.68255603,0.71633524,-7.848939e-10,2.6020643e-09,0.6977563,1
2372610809,2372610219,0.7308441,0.006283982,-0.005591648,0.6824926,0.71633524,-7.848939e-10,2.6020643e-09,0.6977563,1
2372621930,2372620842,0.73080456,0.006320293,-0.0053811986,0.6825363,0.71633524,-7.848939e-10,2.6020643e-09,0.6977563,1
2372626015,2372625435,0.7308492,0.006335368,-0.0053116987,0.6824889,0.71633524,-7.848939e-10,2.6020643e-09,0.6977563,1
2372631106,2372630505,0.7308112,0.006405993,-0.0052645435,0.68252933,0.71633524,-7.848939e-10,2.6020643e-09,0.6977563,1
2372636157,2372635625,0.73079544,0.0063723926,-0.0051724627,0.6825472,0.71633524,-7.848939e-10,2.6020643e-09,0.6977563,1
2372641191,2372640574,0.73083586,0.006414208,-0.00515087,0.6825037,0.71633524,-7.848939e-10,2.6020643e-09,0.6977563,1
2372651328,2372645634,0.7307967,0.00642784,-0.0050861747,0.68254596,0.71633524,-7.848939e-10,2.6020643e-09,0.6977563,1
2372653703,2372650727,0.7307836,0.006420837,-0.0050418577,0.68256044,0.71633524,-7.848939e-10,2.6020643e-09,0.6977563,1
2372656544,2372656004,0.7308366,0.006466971,-0.0050149253,0.68250346,0.71633524,-7.848939e-10,2.6020643e-09,0.6977563,1
2372661285,2372660789,0.73076016,0.006458451,-0.0049478333,0.6825859,0.71633524,-7.848939e-10,2.6020643e-09,0.6977563,1
2372670032,2372665960,0.73075736,0.0064536612,-0.0049012727,0.68258923,0.71633524,-7.848939e-10,2.6020643e-09,0.6977563,1
2372677703,2372677301,0.730768,0.0064609395,-0.0047748014,0.68257874,0.71633524,-7.848939e-10,2.6020643e-09,0.6977563,1
2372687900,2372687279,0.7307628,0.006438881,-0.0046205577,0.6825856,0.71633524,-7.848939e-10,2.6020643e-09,0.6977563,1
2372692923,2372692387,0.7307733,0.0065045017,-0.0045950934,0.68257385,0.71633524,-7.848939e-10,2.6020643e-09,0.6977563,1
2372697995,2372697498,0.73077416,0.0064787753,-0.004504685,0.68257374,0.71633524,-7.848939e-10,2.6020643e-09,0.6977563,1
2372703043,2372702525,0.7307642,0.006494971,-0.0044818805,0.68258435,0.71633524,-7.848939e-10,2.6020643e-09,0.6977563,1
2372713060,2372707673,0.7307487,0.006598912,-0.0045315283,0.6825996,0.71633524,-7.848939e-10,2.6020643e-09,0.6977563,1
2372714327,2372713875,0.7307321,0.006608123,-0.004479301,0.6826177,0.71633524,-7.848939e-10,2.6020643e-09,0.6977563,1
2372723210,2372718907,0.7306946,0.0066524916,-0.00446912,0.6826575,0.71633524,-7.848939e-10,2.6020643e-09,0.6977563,1
2372733626,2372733077,0.7306549,0.006667452,-0.0043587172,0.6827005,0.71633524,-7.848939e-10,2.6020643e-09,0.6977563,1
2372748557,2372748087,0.7306111,0.006591453,-0.0042105783,0.6827491,0.71633524,-7.848939e-10,2.6020643e-09,0.6977563,1
2372757319,2372753140,0.7305497,0.0065907673,-0.00411435,0.68281543,0.71633524,-7.848939e-10,2.6020643e-09,0.6977563,1
2372763758,2372763163,0.73055065,0.006619319,-0.0040433123,0.6828146,0.71633524,-7.848939e-10,2.6020643e-09,0.6977563,1
2372773875,2372768143,0.7304885,0.0066171093,-0.003997498,0.6828813,0.71633524,-7.848939e-10,2.6020643e-09,0.6977563,1
2372776121,2372774567,0.7305055,0.0066294246,-0.0039777122,0.68286306,0.71633524,-7.848939e-10,2.6020643e-09,0.6977563,1
2372780147,2372779545,0.73043615,0.0065843053,-0.0039201337,0.6829381,0.71633524,-7.848939e-10,2.6020643e-09,0.6977563,1
2372785101,2372784584,0.73045295,0.0065642633,-0.0038837367,0.6829205,0.71633524,-7.848939e-10,2.6020643e-09,0.6977563,1
2372790187,2372789665,0.73043764,0.006501857,-0.0037962333,0.682938,0.71633524,-7.848939e-10,2.6020643e-09,0.6977563,1
2372795194,2372794659,0.7304054,0.006440028,-0.003729254,0.68297344,0.71633524,-7.848939e-10,2.6020643e-09,0.6977563,1
2372806119,2372805064,0.7303941,0.006393618,-0.0036089239,0.68298656,0.71633524,-7.848939e-10,2.6020643e-09,0.6977563,1
2372810437,2372809844,0.7303595,0.0064150565,-0.0035904793,0.6830235,0.71633524,-7.848939e-10,2.6020643e-09,0.6977563,1
2372815495,2372814919,0.73034126,0.006421627,-0.0035384991,0.68304324,0.71633524,-7.848939e-10,2.6020643e-09,0.6977563,1
2372820486,2372819979,0.7303473,0.006432181,-0.0034895546,0.68303686,0.71633524,-7.848939e-10,2.6020643e-09,0.6977563,1
2372825527,2372825004,0.730261,0.006480737,-0.0035495854,0.6831283,0.71633524,-7.848939e-10,2.6020643e-09,0.6977563,1
2372836034,2372835206,0.73022276,0.006520839,-0.003484523,0.6831691,0.71633524,-7.848939e-10,2.6020643e-09,0.6977563,1
2372840672,2372840188,0.7301757,0.0065399134,-0.0034752302,0.6832194,0.71633524,-7.848939e-10,2.6020643e-09,0.6977563,1
2372845721,2372845185,0.73014647,0.006573461,-0.00340507,0.6832506,0.71633524,-7.848939e-10,2.6020643e-09,0.6977563,1
2372850768,2372850263,0.73010635,0.006537683,-0.0033305264,0.6832942,0.71633524,-7.848939e-10,2.6020643e-09,0.6977563,1
2372855847,2372855313,0.7300774,0.006574997,-0.003303984,0.68332493,0.71633524,-7.848939e-10,2.6020643e-09,0.6977563,1
2372866598,2372866106,0.72997946,0.006600376,-0.0031823497,0.6834298,0.71633524,-7.848939e-10,2.6020643e-09,0.6977563,1
2372871005,2372870489,0.7299317,0.0066708094,-0.003158202,0.6834803,0.71633524,-7.848939e-10,2.6020643e-09,0.6977563,1
2372879847,2372875555,0.72985864,0.0067200316,-0.0031107736,0.683558,0.71633524,-7.848939e-10,2.6020643e-09,0.6977563,1
2372881053,2372880633,0.72982246,0.0067452323,-0.003093744,0.6835965,0.71633524,-7.848939e-10,2.6020643e-09,0.6977563,1
2372891067,2372890703,0.7297232,0.006865915,-0.0030433238,0.68370146,0.71633524,-7.848939e-10,2.6020643e-09,0.6977563,1
2372896364,2372895830,0.7296833,0.0068692677,-0.0030178025,0.6837441,0.71633524,-7.848939e-10,2.6020643e-09,0.6977563,1
2372901404,2372900870,0.7296536,0.0068993773,-0.00299606,0.68377554,0.71633524,-7.848939e-10,2.6020643e-09,0.6977563,1
2372910117,2372906107,0.7295476,0.0068989163,-0.0029470397,0.68388885,0.71633524,-7.848939e-10,2.6020643e-09,0.6977563,1
2372911379,2372910967,0.7295335,0.006927349,-0.0029131863,0.6839038,0.71633524,-7.848939e-10,2.6020643e-09,0.6977563,1
2372916494,2372915939,0.7295183,0.007017573,-0.0029223848,0.6839191,0.71633524,-7.848939e-10,2.6020643e-09,0.6977563,1
2372929036,2372926065,0.7293958,0.0069897487,-0.0029023835,0.68405,0.71633524,-7.848939e-10,2.6020643e-09,0.6977563,1
2372938633,2372937559,0.7292405,0.0070095086,-0.002957179,0.6842152,0.71633524,-7.848939e-10,2.6020643e-09,0.6977563,1
2372943042,2372942493,0.7291741,0.0070041404,-0.0029473302,0.68428606,0.71633524,-7.848939e-10,2.6020643e-09,0.6977563,1
2372953095,2372947549,0.72909623,0.0070300116,-0.002972513,0.68436867,0.71633524,-7.848939e-10,2.6020643e-09,0.6977563,1
2372954413,2372953864,0.7290449,0.0070234654,-0.002940355,0.6844235,0.71633524,-7.848939e-10,2.6020643e-09,0.6977563,1
2372959434,2372958887,0.7289614,0.0070784255,-0.0029642624,0.6845118,0.71633524,-7.848939e-10,2.6020643e-09,0.6977563,1
2372969586,2372968995,0.7288707,0.007025127,-0.0028900974,0.6846093,0.71633524,-7.848939e-10,2.6020643e-09,0.6977563,1
2372974659,2372974063,0.72877914,0.0070707398,-0.002935918,0.6847061,0.71633524,-7.848939e-10,2.6020643e-09,0.6977563,1
2372979660,2372979149,0.7287393,0.0070273336,-0.0028881428,0.6847491,0.71633524,-7.848939e-10,2.6020643e-09,0.6977563,1
2372984749,2372984181,0.72868216,0.006983752,-0.002898994,0.6848104,0.71633524,-7.848939e-10,2.6020643e-09,0.6977563,1
2372989887,2372989246,0.72861797,0.006983693,-0.0029549685,0.6848784,0.71633524,-7.848939e-10,2.6020643e-09,0.6977563,1
2373001144,2372999404,0.72850776,0.0068923966,-0.0030068613,0.6849963,0.71633524,-7.848939e-10,2.6020643e-09,0.6977563,1
2373010230,2373009666,0.7283583,0.006842667,-0.003012553,0.68515575,0.71633524,-7.848939e-10,2.6020643e-09,0.6977563,1
2373020085,2373019561,0.7282467,0.0068721767,-0.0030868112,0.6852737,0.71633524,-7.848939e-10,2.6020643e-09,0.6977563,1
2373030179,2373029636,0.7281455,0.0068249367,-0.0031080917,0.68538165,0.71633524,-7.848939e-10,2.6020643e-09,0.6977563,1
2373035354,2373034733,0.72808665,0.0068214242,-0.0030851178,0.6854443,0.71633524,-7.848939e-10,2.6020643e-09,0.6977563,1
2373040261,2373039774,0.7279919,0.0067994706,-0.0030825557,0.6855452,0.71633524,-7.848939e-10,2.6020643e-09,0.6977563,1
2373050363,2373044785,0.7279415,0.006775161,-0.0030774071,0.68559885,0.71633524,-7.848939e-10,2.6020643e-09,0.6977563,1
2373051590,2373051156,0.7278259,0.0067283334,-0.003067508,0.6857222,0.71633524,-7.848939e-10,2.6020643e-09,0.6977563,1
2373056771,2373056237,0.7278254,0.006675789,-0.0030819722,0.6857231,0.71633524,-7.848939e-10,2.6020643e-09,0.6977563,1
2373061688,2373061232,0.727749,0.0066764522,-0.003088108,0.6858041,0.71633524,-7.848939e-10,2.6020643e-09,0.6977563,1
2373066823,2373066300,0.7276076,0.006604442,-0.0030879115,0.6859548,0.71633524,-7.848939e-10,2.6020643e-09,0.6977563,1
2373077530,2373076528,0.7274986,0.006566684,-0.0030746234,0.6860709,0.71633524,-7.848939e-10,2.6020643e-09,0.6977563,1
2373081964,2373081468,0.7274309,0.00656035,-0.0030733338,0.6861428,0.71633524,-7.848939e-10,2.6020643e-09,0.6977563,1
2373090804,2373086718,0.7274294,0.0065667685,-0.0030734367,0.6861443,0.71633524,-7.848939e-10,2.6020643e-09,0.6977563,1
2373091947,2373091562,0.72734976,0.0065019135,-0.0030579607,0.6862294,0.71633524,-7.848939e-10,2.6020643e-09,0.6977563,1
2373103400,2373102956,0.7272003,0.006394306,-0.0030298932,0.6863889,0.71633524,-7.848939e-10,2.6020643e-09,0.6977563,1
2373112468,2373111900,0.7270489,0.006378672,-0.003064333,0.68654925,0.71633524,-7.848939e-10,2.6020643e-09,0.6977563,1
2373117366,2373116815,0.72700095,0.0063013327,-0.0030242647,0.686601,0.71633524,-7.848939e-10,2.6020643e-09,0.6977563,1
2373126222,2373122180,0.7269105,0.0062200283,-0.0030322555,0.6866974,0.71633524,-7.848939e-10,2.6020643e-09,0.6977563,1
2373132628,2373132021,0.7267645,0.006182033,-0.0030374425,0.6868522,0.71633524,-7.848939e-10,2.6020643e-09,0.6977563,1
2373141385,2373140872,0.72665393,0.0061081145,-0.0030760805,0.6869697,0.71633524,-7.848939e-10,2.6020643e-09,0.6977563,1
2373146461,2373145884,0.72656256,0.0061160703,-0.0031093706,0.68706614,0.71633524,-7.848939e-10,2.6020643e-09,0.6977563,1
2373156435,2373156000,0.7264037,0.005973988,-0.0031019773,0.6872354,0.71633524,-7.848939e-10,2.6020643e-09,0.6977563,1
2373165431,2373164851,0.726247,0.005857646,-0.0031167353,0.6874019,0.71633524,-7.848939e-10,2.6020643e-09,0.6977563,1
2373170403,2373169863,0.72614324,0.005780937,-0.0031331878,0.687512,0.71633524,-7.848939e-10,2.6020643e-09,0.6977563,1
2373175604,2373174963,0.7260946,0.005740543,-0.0032199207,0.6875633,0.71633524,-7.848939e-10,2.6020643e-09,0.6977563,1
2373180575,2373180057,0.72599,0.00574488,-0.0032447649,0.68767357,0.71633524,-7.848939e-10,2.6020643e-09,0.6977563,1
2373190575,2373185069,0.72586393,0.005723775,-0.0033176485,0.68780655,0.71633524,-7.848939e-10,2.6020643e-09,0.6977563,1
2373191835,2373190088,0.7258062,0.005715593,-0.0033758085,0.6878672,0.71633524,-7.848939e-10,2.6020643e-09,0.6977563,1
2373202435,2373201837,0.7255618,0.0056833965,-0.0034760472,0.68812484,0.71633524,-7.848939e-10,2.6020643e-09,0.6977563,1
2373207156,2373206544,0.72545385,0.005651492,-0.0035044116,0.6882387,0.71633524,-7.848939e-10,2.6020643e-09,0.6977563,1
2373217255,2373216594,0.72529024,0.005551489,-0.0035269542,0.68841183,0.71633524,-7.848939e-10,2.6020643e-09,0.6977563,1
2373227208,2373226674,0.7250564,0.0054225796,-0.0035234608,0.6886592,0.71633524,-7.848939e-10,2.6020643e-09,0.6977563,1
2373236098,2373231814,0.72499895,0.0053947023,-0.0035387708,0.6887198,0.71633524,-7.848939e-10,2.6020643e-09,0.6977563,1
2373238407,2373236866,0.72491395,0.005340331,-0.0035103862,0.6888098,0.71633524,-7.848939e-10,2.6020643e-09,0.6977563,1
2373247404,2373246927,0.72471535,0.00536982,-0.0036188595,0.6890179,0.71633524,-7.848939e-10,2.6020643e-09,0.6977563,1
2373252691,2373252006,0.72465533,0.0053103687,-0.0035953599,0.6890817,0.71633524,-7.848939e-10,2.6020643e-09,0.6977563,1
2373264380,2373262192,0.72445786,0.005374566,-0.0036373953,0.68928856,0.71633524,-7.848939e-10,2.6020643e-09,0.6977563,1
2373267835,2373267300,0.7243622,0.0053540845,-0.0035949107,0.6893895,0.71633524,-7.848939e-10,2.6020643e-09,0.6977563,1
2373272877,2373272231,0.7242907,0.0053756293,-0.0036202623,0.68946433,0.71633524,-7.848939e-10,2.6020643e-09,0.6977563,1
2373282951,2373282290,0.7241025,0.005332693,-0.0036275948,0.6896622,0.71633524,-7.848939e-10,2.6020643e-09,0.6977563,1
2373291901,2373291137,0.7239709,0.005303777,-0.0036642484,0.68980044,0.71633524,-7.848939e-10,2.6020643e-09,0.6977563,1
2373296678,2373296266,0.72386515,0.0052675297,-0.0036901168,0.68991154,0.71633524,-7.848939e-10,2.6020643e-09,0.6977563,1
2373301986,2373301362,0.72383374,0.005255034,-0.0036852572,0.6899446,0.71633524,-7.848939e-10,2.6020643e-09,0.6977563,1
2373306782,2373306277,0.72374463,0.0052734623,-0.0036972237,0.69003785,0.71633524,-7.848939e-10,2.6020643e-09,0.6977563,1
2373311992,2373311402,0.7235657,0.005238954,-0.0036850544,0.69022584,0.71633524,-7.848939e-10,2.6020643e-09,0.6977563,1
2373316978,2373316414,0.7235742,0.0052683135,-0.0036883627,0.69021666,0.71633524,-7.848939e-10,2.6020643e-09,0.6977563,1
2373326933,2373326555,0.72341096,0.005319313,-0.00368268,0.69038737,0.71633524,-7.848939e-10,2.6020643e-09,0.6977563,1
2373335989,2373331628,0.7233637,0.0053568296,-0.0036811011,0.6904367,0.71633524,-7.848939e-10,2.6020643e-09,0.6977563,1
2373337066,2373336650,0.72335887,0.005349921,-0.0036666803,0.69044185,0.71633524,-7.848939e-10,2.6020643e-09,0.6977563,1
2373345981,2373341684,0.7233072,0.0053533334,-0.003608864,0.69049627,0.71633524,-7.848939e-10,2.6020643e-09,0.6977563,1
2373352358,2373346753,0.7231601,0.0053713336,-0.0035931503,0.6906502,0.71633524,-7.848939e-10,2.6020643e-09,0.6977563,1
2373357427,2373356863,0.72311074,0.005304941,-0.0035499372,0.69070274,0.71633524,-7.848939e-10,2.6020643e-09,0.6977563,1
2373367597,2373365679,0.72300833,0.0053023053,-0.0035309761,0.69081,0.71633524,-7.848939e-10,2.6020643e-09,0.6977563,1
2373371315,2373370772,0.72286725,0.0053113834,-0.00354306,0.69095755,0.71633524,-7.848939e-10,2.6020643e-09,0.6977563,1
2373381552,2373380832,0.72282404,0.005256598,-0.0035023326,0.69100326,0.71633524,-7.848939e-10,2.6020643e-09,0.6977563,1
2373386590,2373385955,0.722711,0.0052530956,-0.0035017994,0.69112146,0.71633524,-7.848939e-10,2.6020643e-09,0.6977563,1
2373398340,2373397835,0.7226066,0.0051987125,-0.003416475,0.69123155,0.71633524,-7.848939e-10,2.6020643e-09,0.6977563,1
2373402975,2373402446,0.72252715,0.0051712943,-0.0033934233,0.69131494,0.71633524,-7.848939e-10,2.6020643e-09,0.6977563,1
2373408142,2373407483,0.7224008,0.0051734955,-0.0034165338,0.69144684,0.71633524,-7.848939e-10,2.6020643e-09,0.6977563,1
2373413085,2373412553,0.7223949,0.005126133,-0.0034112874,0.6914534,0.71633524,-7.848939e-10,2.6020643e-09,0.6977563,1
2373418193,2373417549,0.7223557,0.005048694,-0.0033581231,0.6914952,0.71633524,-7.848939e-10,2.6020643e-09,0.6977563,1
2373428139,2373422515,0.7222999,0.0050315633,-0.003375798,0.6915535,0.71633524,-7.848939e-10,2.6020643e-09,0.6977563,1
2373433294,2373432678,0.7222325,0.004945007,-0.0033435726,0.6916246,0.71633524,-7.848939e-10,2.6020643e-09,0.6977563,1
2373438362,2373437714,0.7221895,0.0049424157,-0.0033694159,0.69166946,0.71633524,-7.848939e-10,2.6020643e-09,0.6977563,1
2373447131,2373442768,0.7221204,0.004932719,-0.003389175,0.6917415,0.71633524,-7.848939e-10,2.6020643e-09,0.6977563,1
2373448463,2373447993,0.72210234,0.00492505,-0.003357567,0.69176066,0.71633524,-7.848939e-10,2.6020643e-09,0.6977563,1
2373453460,2373452852,0.7220415,0.0049321745,-0.003371662,0.6918241,0.71633524,-7.848939e-10,2.6020643e-09,0.6977563,1
2373462156,2373457945,0.72200185,0.0048906133,-0.0033826723,0.6918657,0.71633524,-7.848939e-10,2.6020643e-09,0.6977563,1
2373468621,2373468042,0.7219592,0.00480325,-0.0033148688,0.69191116,0.71633524,-7.848939e-10,2.6020643e-09,0.6977563,1
2373473669,2373473186,0.721899,0.004733583,-0.003297691,0.69197446,0.71633524,-7.848939e-10,2.6020643e-09,0.6977563,1
2373478741,2373478145,0.7219229,0.00469104,-0.0032741583,0.69194996,0.71633524,-7.848939e-10,2.6020643e-09,0.6977563,1
2373483612,2373483151,0.7219334,0.0046527083,-0.0032535454,0.69193923,0.71633524,-7.848939e-10,2.6020643e-09,0.6977563,1
2373492573,2373488242,0.7218401,0.0046173865,-0.0032248374,0.692037,0.71633524,-7.848939e-10,2.6020643e-09,0.6977563,1
2373498828,2373493274,0.72182065,0.0046128077,-0.0032189225,0.6920573,0.71633524,-7.848939e-10,2.6020643e-09,0.6977563,1
2373500198,2373498348,0.72188205,0.0045842975,-0.0032163854,0.6919935,0.71633524,-7.848939e-10,2.6020643e-09,0.6977563,1
2373503978,2373503470,0.7218205,0.0045809345,-0.0031821078,0.69205785,0.71633524,-7.848939e-10,2.6020643e-09,0.6977563,1
2373514168,2373513498,0.72173285,0.004519959,-0.0031544433,0.6921498,0.71633524,-7.848939e-10,2.6020643e-09,0.6977563,1
2373519075,2373518557,0.72175634,0.004473862,-0.003105568,0.69212586,0.71633524,-7.848939e-10,2.6020643e-09,0.6977563,1
2373524279,2373523716,0.72169715,0.004455807,-0.0031097059,0.6921877,0.71633524,-7.848939e-10,2.6020643e-09,0.6977563,1
2373534190,2373528639,0.7216329,0.004432247,-0.0031370958,0.69225466,0.71633524,-7.848939e-10,2.6020643e-09,0.6977563,1
2373535747,2373535015,0.7216898,0.004352515,-0.003088949,0.692196,0.71633524,-7.848939e-10,2.6020643e-09,0.6977563,1
2373545843,2373545105,0.72160584,0.004240651,-0.0030895171,0.6922843,0.71633524,-7.848939e-10,2.6020643e-09,0.6977563,1
2373554506,2373553968,0.721654,0.0041290745,-0.0030640478,0.6922349,0.71633524,-7.848939e-10,2.6020643e-09,0.6977563,1
2373559459,2373558961,0.7215992,0.004062262,-0.0030665947,0.6922924,0.71633524,-7.848939e-10,2.6020643e-09,0.6977563,1
2373564661,2373564078,0.72156763,0.004024177,-0.0030784798,0.6923254,0.71633524,-7.848939e-10,2.6020643e-09,0.6977563,1
2373569535,2373569073,0.7215602,0.00399564,-0.0030787096,0.6923334,0.71633524,-7.848939e-10,2.6020643e-09,0.6977563,1
2373574639,2373574140,0.72153884,0.0039228625,-0.003055362,0.6923561,0.71633524,-7.848939e-10,2.6020643e-09,0.6977563,1
2373586641,2373584237,0.7215033,0.003874568,-0.0030628706,0.69239336,0.71633524,-7.848939e-10,2.6020643e-09,0.6977563,1
2373589895,2373589358,0.72146875,0.0038091664,-0.0030220847,0.69242996,0.71633524,-7.848939e-10,2.6020643e-09,0.6977563,1
2373600984,2373600655,0.72142917,0.003695457,-0.0030522707,0.6924717,0.71633524,-7.848939e-10,2.6020643e-09,0.6977563,1
2373610064,2373609510,0.721338,0.0036164203,-0.0030634925,0.69256705,0.71633524,-7.848939e-10,2.6020643e-09,0.6977563,1
2373618906,2373614632,0.721369,0.0035800014,-0.0031120367,0.6925347,0.71633524,-7.848939e-10,2.6020643e-09,0.6977563,1
2373620972,2373620441,0.7213692,0.0035474796,-0.003093756,0.69253474,0.71633524,-7.848939e-10,2.6020643e-09,0.6977563,1
2373625262,2373624713,0.7213397,0.003519074,-0.003112038,0.6925655,0.71633524,-7.848939e-10,2.6020643e-09,0.6977563,1
2373630281,2373629732,0.721316,0.0034833949,-0.0031527681,0.6925902,0.71633524,-7.848939e-10,2.6020643e-09,0.6977563,1
2373639100,2373634779,0.72135913,0.0034239325,-0.003146659,0.69254565,0.71633524,-7.848939e-10,2.6020643e-09,0.6977563,1
2373645457,2373644865,0.7212727,0.0033556458,-0.0032194946,0.69263566,0.71633524,-7.848939e-10,2.6020643e-09,0.6977563,1
2373654566,2373653864,0.7213223,0.0032828979,-0.0032921948,0.69258404,0.71633524,-7.848939e-10,2.6020643e-09,0.6977563,1
2373659457,2373658893,0.7213148,0.0032446655,-0.0033324917,0.69259185,0.71633524,-7.848939e-10,2.6020643e-09,0.6977563,1
2373669484,2373663880,0.7212476,0.003189086,-0.0033483498,0.6926619,0.71633524,-7.848939e-10,2.6020643e-09,0.6977563,1
2373671537,2373670172,0.72129136,0.003130736,-0.003339862,0.69261664,0.71633524,-7.848939e-10,2.6020643e-09,0.6977563,1
2373675873,2373675277,0.7212444,0.0030783985,-0.0033430916,0.69266576,0.71633524,-7.848939e-10,2.6020643e-09,0.6977563,1
2373684664,2373684109,0.7211982,0.0030216873,-0.0034249744,0.6927138,0.71633524,-7.848939e-10,2.6020643e-09,0.6977563,1
2373689736,2373689117,0.7212365,0.002941645,-0.0034061226,0.69267434,0.71633524,-7.848939e-10,2.6020643e-09,0.6977563,1
2373699599,2373699247,0.7211709,0.0028593307,-0.0035295824,0.6927423,0.71633524,-7.848939e-10,2.6020643e-09,0.6977563,1
2373708591,2373704583,0.7211966,0.002772998,-0.0035056325,0.69271606,0.71633524,-7.848939e-10,2.6020643e-09,0.6977563,1
2373709800,2373709341,0.7211829,0.0027326024,-0.00355645,0.69273025,0.71633524,-7.848939e-10,2.6020643e-09,0.6977563,1
2373714955,2373714364,0.7211514,0.0026993228,-0.0035951696,0.6927629,0.71633524,-7.848939e-10,2.6020643e-09,0.6977563,1
2373723664,2373719491,0.72112215,0.0026756816,-0.0035870532,0.6927935,0.71633524,-7.848939e-10,2.6020643e-09,0.6977563,1
2373725729,2373725257,0.72113013,0.0025764045,-0.0035523355,0.6927858,0.71633524,-7.848939e-10,2.6020643e-09,0.6977563,1
2373735183,2373734598,0.7210845,0.0024736663,-0.0035817,0.69283354,0.71633524,-7.848939e-10,2.6020643e-09,0.6977563,1
2373740282,2373739740,0.7210553,0.002381525,-0.0035465755,0.6928644,0.71633524,-7.848939e-10,2.6020643e-09,0.6977563,1
2373745188,2373744682,0.72102755,0.0022932454,-0.003551885,0.69289356,0.71633524,-7.848939e-10,2.6020643e-09,0.6977563,1
2373750443,2373749974,0.721034,0.0022245478,-0.0035629694,0.69288707,0.71633524,-7.848939e-10,2.6020643e-09,0.6977563,1
2373755544,2373754935,0.7209824,0.002179929,-0.0035195837,0.692941,0.71633524,-7.848939e-10,2.6020643e-09,0.6977563,1
2373760420,2373759920,0.7209528,0.0021261254,-0.0035041184,0.69297206,0.71633524,-7.848939e-10,2.6020643e-09,0.6977563,1
2373765506,2373764909,0.7209807,0.0021053832,-0.0035090605,0.6929431,0.71633524,-7.848939e-10,2.6020643e-09,0.6977563,1
2373770788,2373770053,0.720903,0.0020403685,-0.00343323,0.6930246,0.71633524,-7.848939e-10,2.6020643e-09,0.6977563,1
2373775600,2373775039,0.7208742,0.002023652,-0.0034153792,0.6930546,0.71633524,-7.848939e-10,2.6020643e-09,0.6977563,1
2373780761,2373780166,0.72091156,0.002014266,-0.0034421107,0.6930157,0.71633524,-7.848939e-10,2.6020643e-09,0.6977563,1
2373786008,2373785184,0.7209213,0.0019549078,-0.0033885988,0.69300604,0.71633524,-7.848939e-10,2.6020643e-09,0.6977563,1
2373790843,2373790217,0.72086203,0.0019610676,-0.0034124865,0.6930675,0.71633524,-7.848939e-10,2.6020643e-09,0.6977563,1
2373795909,2373795323,0.72085637,0.0019304252,-0.0034472866,0.6930732,0.71633524,-7.848939e-10,2.6020643e-09,0.6977563,1
2373810982,2373810422,0.72083384,0.0018281322,-0.0034691002,0.6930968,0.71633524,-7.848939e-10,2.6020643e-09,0.6977563,1
2373819754,2373815856,0.7208872,0.0017864192,-0.0034645575,0.6930415,0.71633524,-7.848939e-10,2.6020643e-09,0.6977563,1
2373821949,2373821462,0.7208345,0.001708107,-0.0034386416,0.69309664,0.71633524,-7.848939e-10,2.6020643e-09,0.6977563,1
2373826144,2373825608,0.7208044,0.0016918138,-0.0034296971,0.69312805,0.71633524,-7.848939e-10,2.6020643e-09,0.6977563,1
2373831221,2373830653,0.72083306,0.0016452987,-0.0034147445,0.6930984,0.71633524,-7.848939e-10,2.6020643e-09,0.6977563,1
2373836304,2373835693,0.72082233,0.0015582086,-0.0033693225,0.69311,0.71633524,-7.848939e-10,2.6020643e-09,0.6977563,1
2373841429,2373840782,0.7207588,0.0015567531,-0.003415171,0.6931758,0.71633524,-7.848939e-10,2.6020643e-09,0.6977563,1
2373853311,2373850803,0.7207691,0.0014231957,-0.003390611,0.6931655,0.71633524,-7.848939e-10,2.6020643e-09,0.6977563,1
2373856860,2373856199,0.72077173,0.0013816857,-0.0034521555,0.69316256,0.71633524,-7.848939e-10,2.6020643e-09,0.6977563,1
2373861448,2373860950,0.72076225,0.0013400682,-0.003420151,0.69317263,0.71633524,-7.848939e-10,2.6020643e-09,0.6977563,1
2373866658,2373866058,0.7207682,0.0012641588,-0.0033622216,0.69316685,0.71633524,-7.848939e-10,2.6020643e-09,0.6977563,1
2373871654,2373871127,0.720796,0.0012681064,-0.0033726431,0.69313794,0.71633524,-7.848939e-10,2.6020643e-09,0.6977563,1
2373876751,2373876204,0.720782,0.0012779663,-0.0033187119,0.6931528,0.71633524,-7.848939e-10,2.6020643e-09,0.6977563,1
2373885464,2373881130,0.7207745,0.0012382101,-0.0032355909,0.6931611,0.71633524,-7.848939e-10,2.6020643e-09,0.6977563,1
2373894271,2373891208,0.720842,0.0012410359,-0.0032000025,0.6930909,0.71633524,-7.848939e-10,2.6020643e-09,0.6977563,1
2373897041,2373896255,0.7208117,0.0012161594,-0.0031309398,0.6931228,0.71633524,-7.848939e-10,2.6020643e-09,0.6977563,1
2373902235,2373901584,0.72081584,0.00116912,-0.0030861082,0.69311875,0.71633524,-7.848939e-10,2.6020643e-09,0.6977563,1
2373907027,2373906477,0.7208922,0.0011383218,-0.0030508859,0.69303966,0.71633524,-7.848939e-10,2.6020643e-09,0.6977563,1
2373912095,2373911475,0.72085303,0.0010678377,-0.002981817,0.6930808,0.71633524,-7.848939e-10,2.6020643e-09,0.6977563,1
2373922216,2373916511,0.720856,0.0010305516,-0.0029305322,0.6930779,0.71633524,-7.848939e-10,2.6020643e-09,0.6977563,1
2373923826,2373921563,0.720921,0.0010139142,-0.0029150865,0.69301045,0.71633524,-7.848939e-10,2.6020643e-09,0.6977563,1
2373927570,2373926860,0.7209115,0.00094530266,-0.002837702,0.69302076,0.71633524,-7.848939e-10,2.6020643e-09,0.6977563,1
2373932272,2373931659,0.72089845,0.0009723776,-0.0028399653,0.69303423,0.71633524,-7.848939e-10,2.6020643e-09,0.6977563,1
2373944040,2373941758,0.72098684,0.0009527103,-0.0028061813,0.69294244,0.71633524,-7.848939e-10,2.6020643e-09,0.6977563,1
2373947385,2373946853,0.7209833,0.00097298605,-0.0028594523,0.6929459,0.71633524,-7.848939e-10,2.6020643e-09,0.6977563,1
2373957770,2373957000,0.72102624,0.00094185665,-0.0028267696,0.69290143,0.71633524,-7.848939e-10,2.6020643e-09,0.6977563,1
2373962594,2373961960,0.7210517,0.00094870495,-0.0028446605,0.6928748,0.71633524,-7.848939e-10,2.6020643e-09,0.6977563,1
2373973798,2373972127,0.7211395,0.00086236134,-0.002727839,0.692784,0.71633524,-7.848939e-10,2.6020643e-09,0.6977563,1
2373977603,2373977114,0.72114533,0.00086873426,-0.0027294874,0.69277793,0.71633524,-7.848939e-10,2.6020643e-09,0.6977563,1
2373982766,2373982173,0.7211611,0.00086304994,-0.0026990368,0.6927616,0.71633524,-7.848939e-10,2.6020643e-09,0.6977563,1
2373993188,2373992434,0.72126716,0.0007961875,-0.0026817047,0.69265133,0.71633524,-7.848939e-10,2.6020643e-09,0.6977563,1
2373998132,2373997474,0.7213204,0.0007822478,-0.002703394,0.69259584,0.71633524,-7.848939e-10,2.6020643e-09,0.6977563,1
2374003054,2374002520,0.72133005,0.000748313,-0.0026864454,0.69258595,0.71633524,-7.848939e-10,2.6020643e-09,0.6977563,1
2374014281,2374013809,0.7213818,0.0006940544,-0.002701423,0.69253206,0.71633524,-7.848939e-10,2.6020643e-09,0.6977563,1
2374019431,2374018880,0.7214687,0.0006898293,-0.0027309998,0.6924414,0.71633524,-7.848939e-10,2.6020643e-09,0.6977563,1
2374024364,2374023873,0.72153723,0.0007146952,-0.002785141,0.69236964,0.71633524,-7.848939e-10,2.6020643e-09,0.6977563,1
2374029572,2374029043,0.7215097,0.00067692384,-0.002726079,0.69239867,0.71633524,-7.848939e-10,2.6020643e-09,0.6977563,1
2374034670,2374034029,0.72157794,0.00071966083,-0.0027537022,0.6923274,0.71633524,-7.848939e-10,2.6020643e-09,0.6977563,1
2374039591,2374039062,0.7216851,0.0007169444,-0.0027688565,0.6922156,0.71633524,-7.848939e-10,2.6020643e-09,0.6977563,1
2374044863,2374044153,0.72169465,0.00071947236,-0.0027155692,0.69220585,0.71633524,-7.848939e-10,2.6020643e-09,0.6977563,1
2374055025,2374054404,0.7218398,0.00066827895,-0.0027386805,0.6920545,0.71633524,-7.848939e-10,2.6020643e-09,0.6977563,1
2374066055,2374064311,0.7219135,0.00057713495,-0.0027598876,0.69197756,0.71633524,-7.848939e-10,2.6020643e-09,0.6977563,1
2374076173,2374075736,0.7220728,0.00048225495,-0.0027294825,0.69181156,0.71633524,-7.848939e-10,2.6020643e-09,0.6977563,1
2374086350,2374084543,0.7222051,0.00048252978,-0.0027051892,0.6916736,0.71633524,-7.848939e-10,2.6020643e-09,0.6977563,1
2374090093,2374089547,0.7222724,0.00047667677,-0.0026999114,0.69160336,0.71633524,-7.848939e-10,2.6020643e-09,0.6977563,1
2374095207,2374094605,0.7223159,0.00054200407,-0.0027274354,0.6915577,0.71633524,-7.848939e-10,2.6020643e-09,0.6977563,1
2374103966,2374099640,0.722411,0.0005828059,-0.0027359126,0.69145834,0.71633524,-7.848939e-10,2.6020643e-09,0.6977563,1
2374105998,2374104753,0.7224835,0.0005702921,-0.0027613395,0.69138247,0.71633524,-7.848939e-10,2.6020643e-09,0.6977563,1
2374110371,2374109811,0.7225685,0.00060022774,-0.0027969915,0.6912935,0.71633524,-7.848939e-10,2.6020643e-09,0.6977563,1
2374115488,2374114892,0.7226461,0.0006094577,-0.0027923135,0.69121236,0.71633524,-7.848939e-10,2.6020643e-09,0.6977563,1
2374120404,2374119889,0.7227368,0.000560065,-0.002772883,0.69111764,0.71633524,-7.848939e-10,2.6020643e-09,0.6977563,1
2374130601,2374124962,0.7228626,0.00061040255,-0.0028232003,0.69098586,0.71633524,-7.848939e-10,2.6020643e-09,0.6977563,1
2374131825,2374131352,0.72295535,0.00059382897,-0.002777612,0.690889,0.71633524,-7.848939e-10,2.6020643e-09,0.6977563,1
2374136915,2374136320,0.7230625,0.000627188,-0.0028009883,0.6907767,0.71633524,-7.848939e-10,2.6020643e-09,0.6977563,1
2374145743,2374141443,0.72311157,0.0005901964,-0.0027521912,0.69072556,0.71633524,-7.848939e-10,2.6020643e-09,0.6977563,1
2374147838,2374146608,0.72322875,0.00055851176,-0.0027582485,0.6906029,0.71633524,-7.848939e-10,2.6020643e-09,0.6977563,1
2374157144,2374156570,0.7233971,0.0005180973,-0.002743766,0.6904266,0.71633524,-7.848939e-10,2.6020643e-09,0.6977563,1
2374168412,2374167973,0.723612,0.00046622477,-0.0027515288,0.6902014,0.71633524,-7.848939e-10,2.6020643e-09,0.6977563,1
2374182420,2374181917,0.72393566,0.00050869735,-0.0027909682,0.68986166,0.71633524,-7.848939e-10,2.6020643e-09,0.6977563,1
2374187525,2374186919,0.7239805,0.0005203909,-0.0027947808,0.68981457,0.71633524,-7.848939e-10,2.6020643e-09,0.6977563,1
2374192545,2374191916,0.72406226,0.00054677593,-0.002817036,0.68972874,0.71633524,-7.848939e-10,2.6020643e-09,0.6977563,1
2374201368,2374197192,0.7242216,0.0005742964,-0.0027703436,0.68956155,0.71633524,-7.848939e-10,2.6020643e-09,0.6977563,1
2374202376,2374202002,0.72429883,0.0005920469,-0.0027677084,0.68948036,0.71633524,-7.848939e-10,2.6020643e-09,0.6977563,1
2374211451,2374210847,0.72440934,0.00066387857,-0.0027414118,0.6893644,0.71633524,-7.848939e-10,2.6020643e-09,0.6977563,1
2374222461,2374221343,0.7246208,0.00067016174,-0.0027073363,0.6891422,0.71633524,-7.848939e-10,2.6020643e-09,0.6977563,1
2374231728,2374231093,0.7247662,0.00075564015,-0.0027160454,0.68898916,0.71633524,-7.848939e-10,2.6020643e-09,0.6977563,1
2374236747,2374236180,0.724846,0.0007660039,-0.002747629,0.688905,0.71633524,-7.848939e-10,2.6020643e-09,0.6977563,1
2374241861,2374241319,0.72494197,0.00087415986,-0.0027612888,0.68880385,0.71633524,-7.848939e-10,2.6020643e-09,0.6977563,1
2374250489,2374246574,0.72500145,0.0009372577,-0.0027627437,0.6887412,0.71633524,-7.848939e-10,2.6020643e-09,0.6977563,1
2374251779,2374251301,0.72509956,0.0009792101,-0.0027704996,0.6886378,0.71633524,-7.848939e-10,2.6020643e-09,0.6977563,1
2374256962,2374256355,0.7252034,0.0011193944,-0.0027850997,0.6885282,0.71633524,-7.848939e-10,2.6020643e-09,0.6977563,1
2374262127,2374261407,0.7252392,0.0011451571,-0.0027482004,0.6884905,0.71633524,-7.848939e-10,2.6020643e-09,0.6977563,1
2374267524,2374266817,0.72536534,0.0012284302,-0.0027601102,0.6883575,0.71633524,-7.848939e-10,2.6020643e-09,0.6977563,1
2374272306,2374271666,0.7254346,0.0013415309,-0.002787444,0.6882843,0.71633524,-7.848939e-10,2.6020643e-09,0.6977563,1
2374287314,2374286743,0.7256848,0.001485579,-0.0028228085,0.6880199,0.71633524,-7.848939e-10,2.6020643e-09,0.6977563,1
2374298173,2374297631,0.72587806,0.0015316468,-0.0028194955,0.687816,0.71633524,-7.848939e-10,2.6020643e-09,0.6977563,1
2374302547,2374301865,0.7259205,0.0015422974,-0.0027987657,0.6877712,0.71633524,-7.848939e-10,2.6020643e-09,0.6977563,1
2374313817,2374313252,0.7260591,0.0015863737,-0.0027729378,0.687625,0.71633524,-7.848939e-10,2.6020643e-09,0.6977563,1
2374318976,2374318205,0.7261244,0.0016352916,-0.0028142105,0.6875557,0.71633524,-7.848939e-10,2.6020643e-09,0.6977563,1
2374323884,2374323294,0.72620654,0.0016715598,-0.002802494,0.6874688,0.71633524,-7.848939e-10,2.6020643e-09,0.6977563,1
2374328859,2374328334,0.7262584,0.0017100216,-0.002834292,0.6874139,0.71633524,-7.848939e-10,2.6020643e-09,0.6977563,1
2374337670,2374333503,0.72632754,0.0017945421,-0.0028870192,0.68734044,0.71633524,-7.848939e-10,2.6020643e-09,0.6977563,1
2374339697,2374338603,0.7263945,0.0017890775,-0.0028602201,0.6872698,0.71633524,-7.848939e-10,2.6020643e-09,0.6977563,1
2374344200,2374343540,0.7264694,0.0018445676,-0.0029186604,0.6871902,0.71633524,-7.848939e-10,2.6020643e-09,0.6977563,1
2374349219,2374348702,0.72651124,0.0019125993,-0.0029722187,0.68714553,0.71633524,-7.848939e-10,2.6020643e-09,0.6977563,1
2374354318,2374353596,0.72658557,0.0019024613,-0.002956136,0.68706703,0.71633524,-7.848939e-10,2.6020643e-09,0.6977563,1
2374365584,2374363713,0.7266695,0.0021085234,-0.0030617155,0.6869772,0.71633524,-7.848939e-10,2.6020643e-09,0.6977563,1
2374369555,2374368741,0.7267404,0.0021615736,-0.0030671516,0.686902,0.71633524,-7.848939e-10,2.6020643e-09,0.6977563,1
2374374433,2374373834,0.72679675,0.0022529694,-0.003134162,0.6868418,0.71633524,-7.848939e-10,2.6020643e-09,0.6977563,1
2374379386,2374378856,0.7268221,0.002361252,-0.0031078227,0.6868147,0.71633524,-7.848939e-10,2.6020643e-09,0.6977563,1
2374391565,2374390257,0.72694004,0.0024466952,-0.0031521954,0.6866894,0.71633524,-7.848939e-10,2.6020643e-09,0.6977563,1
2374395815,2374395292,0.72698283,0.002427833,-0.003159544,0.6866441,0.71633524,-7.848939e-10,2.6020643e-09,0.6977563,1
2374400914,2374400348,0.7270488,0.0025030388,-0.003155871,0.686574,0.71633524,-7.848939e-10,2.6020643e-09,0.6977563,1
2374411058,2374405434,0.7270495,0.0025131728,-0.003144667,0.6865732,0.71633524,-7.848939e-10,2.6020643e-09,0.6977563,1
2374413176,2374412598,0.72714525,0.0026455014,-0.003161786,0.68647134,0.71633524,-7.848939e-10,2.6020643e-09,0.6977563,1
2374422403,2374421847,0.7272268,0.002782605,-0.0032354144,0.686384,0.71633524,-7.848939e-10,2.6020643e-09,0.6977563,1
2374432542,2374426895,0.72727364,0.002869532,-0.0032677997,0.68633384,0.71633524,-7.848939e-10,2.6020643e-09,0.6977563,1
2374437561,2374437060,0.72735333,0.003030683,-0.0033621222,0.68624824,0.71633524,-7.848939e-10,2.6020643e-09,0.6977563,1
2374446372,2374445808,0.727416,0.003164372,-0.003388681,0.68618107,0.71633524,-7.848939e-10,2.6020643e-09,0.6977563,1
2374455153,2374454650,0.7274553,0.0032739618,-0.0034099373,0.6861388,0.71633524,-7.848939e-10,2.6020643e-09,0.6977563,1
2374465436,2374464777,0.7275207,0.003315453,-0.003386541,0.6860695,0.71633524,-7.848939e-10,2.6020643e-09,0.6977563,1
2374470428,2374469813,0.72755426,0.0034542219,-0.0034323626,0.68603295,0.71633524,-7.848939e-10,2.6020643e-09,0.6977563,1
2374479193,2374478669,0.7276077,0.0035309698,-0.0034466947,0.68597573,0.71633524,-7.848939e-10,2.6020643e-09,0.6977563,1
2374484351,2374483861,0.7276386,0.0035917088,-0.0034811853,0.6859425,0.71633524,-7.848939e-10,2.6020643e-09,0.6977563,1
2374489405,2374488820,0.72765744,0.0037089358,-0.00354661,0.68592155,0.71633524,-7.848939e-10,2.6020643e-09,0.6977563,1
2374494469,2374493912,0.7276739,0.0037268947,-0.0035183819,0.68590415,0.71633524,-7.848939e-10,2.6020643e-09,0.6977563,1
2374499567,2374498975,0.72771585,0.003825793,-0.0036007217,0.68585867,0.71633524,-7.848939e-10,2.6020643e-09,0.6977563,1
2374510749,2374509004,0.7277661,0.0039319666,-0.0036269997,0.6858046,0.71633524,-7.848939e-10,2.6020643e-09,0.6977563,1
2374514859,2374514184,0.72781914,0.0040165554,-0.0036945653,0.68574744,0.71633524,-7.848939e-10,2.6020643e-09,0.6977563,1
2374519878,2374519315,0.72781616,0.0040913844,-0.0036769682,0.68575025,0.71633524,-7.848939e-10,2.6020643e-09,0.6977563,1
2374530007,2374529234,0.7278713,0.004218235,-0.0036861505,0.68569094,0.71633524,-7.848939e-10,2.6020643e-09,0.6977563,1
2374534849,2374534264,0.7278798,0.0043332563,-0.0036647846,0.6856813,0.71633524,-7.848939e-10,2.6020643e-09,0.6977563,1
2374543594,2374539351,0.7279269,0.0044183913,-0.0036911273,0.6856306,0.71633524,-7.848939e-10,2.6020643e-09,0.6977563,1
2374550104,2374549438,0.72795993,0.004608077,-0.0037253925,0.6855941,0.71633524,-7.848939e-10,2.6020643e-09,0.6977563,1
2374555003,2374554472,0.72799593,0.0046957005,-0.0037810772,0.685555,0.71633524,-7.848939e-10,2.6020643e-09,0.6977563,1
2374560061,2374559514,0.7280399,0.004769509,-0.003803787,0.6855076,0.71633524,-7.848939e-10,2.6020643e-09,0.6977563,1
2374565182,2374564604,0.7280348,0.0048537217,-0.003860783,0.6855122,0.71633524,-7.848939e-10,2.6020643e-09,0.6977563,1
2374570381,2374569730,0.72805166,0.0049484554,-0.003945642,0.68549305,0.71633524,-7.848939e-10,2.6020643e-09,0.6977563,1
2374575361,2374574781,0.72808886,0.005040819,-0.0039768675,0.6854528,0.71633524,-7.848939e-10,2.6020643e-09,0.6977563,1
2374584035,2374579875,0.728041,0.0051826825,-0.0040864376,0.6855019,0.71633524,-7.848939e-10,2.6020643e-09,0.6977563,1
2374590330,2374584920,0.72807616,0.005272546,-0.0041454295,0.68546355,0.71633524,-7.848939e-10,2.6020643e-09,0.6977563,1
2374592507,2374591379,0.7280462,0.005406763,-0.004245274,0.68549377,0.71633524,-7.848939e-10,2.6020643e-09,0.6977563,1
2374601837,2374601209,0.7280991,0.0055693057,-0.004334914,0.6854356,0.71633524,-7.848939e-10,2.6020643e-09,0.6977563,1
2374606878,2374606269,0.72807395,0.005638714,-0.0044049476,0.68546134,0.71633524,-7.848939e-10,2.6020643e-09,0.6977563,1
2374617720,2374616449,0.72811663,0.005759597,-0.0044621583,0.68541455,0.71633524,-7.848939e-10,2.6020643e-09,0.6977563,1
2374622012,2374621431,0.7280863,0.00586137,-0.0045204894,0.6854456,0.71633524,-7.848939e-10,2.6020643e-09,0.6977563,1
2374632245,2374631613,0.728084,0.005898951,-0.004547023,0.6854475,0.71633524,-7.848939e-10,2.6020643e-09,0.6977563,1
2374637177,2374636617,0.72806996,0.006020421,-0.0046311636,0.68546087,0.71633524,-7.848939e-10,2.6020643e-09,0.6977563,1
2374647309,2374646680,0.72805774,0.006156041,-0.0047314744,0.68547183,0.71633524,-7.848939e-10,2.6020643e-09,0.6977563,1
2374652252,2374651719,0.72804654,0.00626963,-0.004818328,0.68548214,0.71633524,-7.848939e-10,2.6020643e-09,0.6977563,1
2374657723,2374656782,0.7280157,0.0063623823,-0.004850532,0.68551385,0.71633524,-7.848939e-10,2.6020643e-09,0.6977563,1
2374667307,2374661815,0.7280134,0.006423459,-0.004876109,0.68551546,0.71633524,-7.848939e-10,2.6020643e-09,0.6977563,1
2374669532,2374668231,0.7279652,0.006556335,-0.0048926654,0.68556535,0.71633524,-7.848939e-10,2.6020643e-09,0.6977563,1
2374673974,2374673245,0.72800237,0.006613442,-0.004901535,0.68552524,0.71633524,-7.848939e-10,2.6020643e-09,0.6977563,1
2374682677,2374682039,0.72798204,0.0068432465,-0.0049536247,0.6855442,0.71633524,-7.848939e-10,2.6020643e-09,0.6977563,1
2374693207,2374692742,0.727978,0.0069513055,-0.004987795,0.6855471,0.71633524,-7.848939e-10,2.6020643e-09,0.6977563,1
2374697848,2374697247,0.72795886,0.006981582,-0.0049935766,0.6855671,0.71633524,-7.848939e-10,2.6020643e-09,0.6977563,1
2374702935,2374701789,0.7279395,0.0070098536,-0.0050021377,0.6855874,0.71633524,-7.848939e-10,2.6020643e-09,0.6977563,1
2374711671,2374711118,0.7279519,0.007096175,-0.005109161,0.6855725,0.71633524,-7.848939e-10,2.6020643e-09,0.6977563,1
2374723343,2374721213,0.7278965,0.0072030732,-0.005122808,0.68563014,0.71633524,-7.848939e-10,2.6020643e-09,0.6977563,1
2374726662,2374726251,0.7279369,0.0072534624,-0.005135031,0.6855866,0.71633524,-7.848939e-10,2.6020643e-09,0.6977563,1
2374732002,2374731332,0.7279152,0.0073284777,-0.0051345285,0.68560886,0.71633524,-7.848939e-10,2.6020643e-09,0.6977563,1
2374736905,2374736430,0.7278703,0.007370949,-0.0051882155,0.68565565,0.71633524,-7.848939e-10,2.6020643e-09,0.6977563,1
2374742121,2374741480,0.7279002,0.007428138,-0.005219932,0.685623,0.71633524,-7.848939e-10,2.6020643e-09,0.6977563,1
2374746988,2374746470,0.72786933,0.0074629197,-0.005254008,0.6856552,0.71633524,-7.848939e-10,2.6020643e-09,0.6977563,1
2374757132,2374751527,0.7277984,0.0075063617,-0.005319871,0.6857295,0.71633524,-7.848939e-10,2.6020643e-09,0.6977563,1
2374764423,2374761687,0.7277806,0.0075729876,-0.0054014283,0.68574697,0.71633524,-7.848939e-10,2.6020643e-09,0.6977563,1
2374767415,2374766769,0.72776806,0.007657242,-0.0054462077,0.685759,0.71633524,-7.848939e-10,2.6020643e-09,0.6977563,1
2374777473,2374776783,0.7277615,0.007719008,-0.0054718344,0.685765,0.71633524,-7.848939e-10,2.6020643e-09,0.6977563,1
2374788970,2374788227,0.72769976,0.0077716294,-0.0054532606,0.6858302,0.71633524,-7.848939e-10,2.6020643e-09,0.6977563,1
2374793688,2374793187,0.7276911,0.007830266,-0.005454551,0.6858387,0.71633524,-7.848939e-10,2.6020643e-09,0.6977563,1
2374803812,2374803281,0.7276412,0.007788362,-0.005368723,0.68589276,0.71633524,-7.848939e-10,2.6020643e-09,0.6977563,1
2374812748,2374812185,0.7276334,0.007858613,-0.0053949086,0.68590003,0.71633524,-7.848939e-10,2.6020643e-09,0.6977563,1
2374817803,2374817227,0.72759444,0.007849974,-0.005383538,0.6859416,0.71633524,-7.848939e-10,2.6020643e-09,0.6977563,1
2374822918,2374822353,0.7276212,0.007886361,-0.005403518,0.68591255,0.71633524,-7.848939e-10,2.6020643e-09,0.6977563,1
2374832969,2374827524,0.7276121,0.007966366,-0.005471414,0.6859208,0.71633524,-7.848939e-10,2.6020643e-09,0.6977563,1
2374834063,2374833659,0.7275941,0.008006276,-0.00544781,0.6859396,0.71633524,-7.848939e-10,2.6020643e-09,0.6977563,1
2374843159,2374838944,0.7275884,0.00807562,-0.0054843323,0.6859445,0.71633524,-7.848939e-10,2.6020643e-09,0.6977563,1
2374844391,2374843744,0.72755265,0.008077932,-0.00545706,0.6859826,0.71633524,-7.848939e-10,2.6020643e-09,0.6977563,1
2374849340,2374848829,0.72756547,0.008106601,-0.0054822247,0.6859685,0.71633524,-7.848939e-10,2.6020643e-09,0.6977563,1
2374859384,2374853892,0.727575,0.008118613,-0.005477294,0.68595827,0.71633524,-7.848939e-10,2.6020643e-09,0.6977563,1
2374861420,2374860206,0.7275612,0.008105939,-0.005467509,0.6859731,0.71633524,-7.848939e-10,2.6020643e-09,0.6977563,1
2374865750,2374865223,0.72757834,0.008126104,-0.0054498217,0.68595487,0.71633524,-7.848939e-10,2.6020643e-09,0.6977563,1
2374870810,2374870294,0.72750986,0.008083073,-0.0054398845,0.68602806,0.71633524,-7.848939e-10,2.6020643e-09,0.6977563,1
2374879707,2374879118,0.7275266,0.0080565205,-0.0054545226,0.6860105,0.71633524,-7.848939e-10,2.6020643e-09,0.6977563,1
2374884827,2374884312,0.7275281,0.008017158,-0.0054281875,0.68600965,0.71633524,-7.848939e-10,2.6020643e-09,0.6977563,1
2374889765,2374889212,0.72750765,0.007999977,-0.0054319273,0.68603146,0.71633524,-7.848939e-10,2.6020643e-09,0.6977563,1
2374894882,2374894345,0.7275222,0.008006816,-0.0054230383,0.686016,0.71633524,-7.848939e-10,2.6020643e-09,0.6977563,1
2374906795,2374904364,0.72748184,0.008032015,-0.0054060468,0.6860587,0.71633524,-7.848939e-10,2.6020643e-09,0.6977563,1
2374910118,2374909510,0.7275027,0.008049276,-0.00536493,0.68603665,0.71633524,-7.848939e-10,2.6020643e-09,0.6977563,1
2374920045,2374919626,0.7274809,0.0080286125,-0.005371315,0.68606,0.71633524,-7.848939e-10,2.6020643e-09,0.6977563,1
2374925178,2374924620,0.7274807,0.008068459,-0.005343871,0.68605995,0.71633524,-7.848939e-10,2.6020643e-09,0.6977563,1
2374933955,2374930047,0.7274716,0.008005353,-0.0053356746,0.68607044,0.71633524,-7.848939e-10,2.6020643e-09,0.6977563,1
2374940269,2374939767,0.7274257,0.008009453,-0.005302067,0.68611926,0.71633524,-7.848939e-10,2.6020643e-09,0.6977563,1
2374945244,2374944811,0.72740984,0.007913276,-0.005243435,0.6861377,0.71633524,-7.848939e-10,2.6020643e-09,0.6977563,1
2374954105,2374950197,0.72739375,0.007890769,-0.0052288733,0.6861551,0.71633524,-7.848939e-10,2.6020643e-09,0.6977563,1
2374960450,2374959968,0.72734785,0.007804621,-0.00513069,0.6862054,0.71633524,-7.848939e-10,2.6020643e-09,0.6977563,1
2374965626,2374965035,0.7273782,0.007797599,-0.0051507847,0.6861732,0.71633524,-7.848939e-10,2.6020643e-09,0.6977563,1
2374970566,2374970076,0.72733,0.007790883,-0.0051345336,0.68622446,0.71633524,-7.848939e-10,2.6020643e-09,0.6977563,1
2374975739,2374975136,0.7272489,0.0077243736,-0.005100443,0.6863114,0.71633524,-7.848939e-10,2.6020643e-09,0.6977563,1
2374987596,2374986690,0.727187,0.007699143,-0.005124939,0.6863771,0.71633524,-7.848939e-10,2.6020643e-09,0.6977563,1
2374998894,2374997919,0.7271229,0.0076613035,-0.005119245,0.6864455,0.71633524,-7.848939e-10,2.6020643e-09,0.6977563,1
2375003565,2375002980,0.7271644,0.0076965424,-0.0051533617,0.6864009,0.71633524,-7.848939e-10,2.6020643e-09,0.6977563,1
2375013623,2375013015,0.72709846,0.0076902257,-0.0050852178,0.68647134,0.71633524,-7.848939e-10,2.6020643e-09,0.6977563,1
2375022340,2375021867,0.7271023,0.0077201766,-0.00507226,0.6864671,0.71633524,-7.848939e-10,2.6020643e-09,0.6977563,1
2375027612,2375026939,0.7270631,0.0077259466,-0.0050605536,0.6865086,0.71633524,-7.848939e-10,2.6020643e-09,0.6977563,1
2375032622,2375031970,0.7270211,0.0077633667,-0.0051251366,0.68655217,0.71633524,-7.848939e-10,2.6020643e-09,0.6977563,1
2375042774,2375042102,0.7270285,0.0077994824,-0.0051738615,0.6865435,0.71633524,-7.848939e-10,2.6020643e-09,0.6977563,1
2375054241,2375053669,0.7270096,0.007894967,-0.005290715,0.6865615,0.71633524,-7.848939e-10,2.6020643e-09,0.6977563,1
2375059123,2375058601,0.72697586,0.007930118,-0.0053502657,0.6865964,0.71633524,-7.848939e-10,2.6020643e-09,0.6977563,1
2375064051,2375063579,0.72697914,0.007958513,-0.0053659924,0.6865925,0.71633524,-7.848939e-10,2.6020643e-09,0.6977563,1
2375069345,2375068703,0.7269794,0.007952149,-0.0054099974,0.6865919,0.71633524,-7.848939e-10,2.6020643e-09,0.6977563,1
2375074167,2375073712,0.72695446,0.008014451,-0.0054500606,0.68661726,0.71633524,-7.848939e-10,2.6020643e-09,0.6977563,1
2375079249,2375078695,0.72695595,0.008038643,-0.0054239947,0.68661565,0.71633524,-7.848939e-10,2.6020643e-09,0.6977563,1
2375091147,2375088801,0.72693354,0.008058163,-0.0053947563,0.6866394,0.71633524,-7.848939e-10,2.6020643e-09,0.6977563,1
2375099398,2375093903,0.72691816,0.008041767,-0.00532037,0.6866564,0.71633524,-7.848939e-10,2.6020643e-09,0.6977563,1
2375101522,2375100706,0.72691405,0.008045444,-0.005315865,0.6866607,0.71633524,-7.848939e-10,2.6020643e-09,0.6977563,1
2375105896,2375105299,0.7268911,0.008058949,-0.0052930363,0.6866851,0.71633524,-7.848939e-10,2.6020643e-09,0.6977563,1
2375114624,2375114085,0.726865,0.007996701,-0.0052744728,0.6867136,0.71633524,-7.848939e-10,2.6020643e-09,0.6977563,1
2375119754,2375119154,0.7268702,0.008010917,-0.005298352,0.68670774,0.71633524,-7.848939e-10,2.6020643e-09,0.6977563,1
2375124707,2375124202,0.7268093,0.007974327,-0.0052845962,0.6867727,0.71633524,-7.848939e-10,2.6020643e-09,0.6977563,1
2375136973,2375136363,0.7267222,0.007877816,-0.005239324,0.6868664,0.71633524,-7.848939e-10,2.6020643e-09,0.6977563,1
2375146326,2375144392,0.7266969,0.0078558065,-0.005249615,0.68689334,0.71633524,-7.848939e-10,2.6020643e-09,0.6977563,1
2375155231,2375153247,0.7266738,0.0078601,-0.005268486,0.6869176,0.71633524,-7.848939e-10,2.6020643e-09,0.6977563,1
2375163831,2375163347,0.7265995,0.007848836,-0.005265452,0.68699634,0.71633524,-7.848939e-10,2.6020643e-09,0.6977563,1
2375172724,2375168673,0.7265998,0.007832755,-0.005250847,0.6869963,0.71633524,-7.848939e-10,2.6020643e-09,0.6977563,1
2375173836,2375173471,0.7265402,0.0078101363,-0.00523257,0.68705976,0.71633524,-7.848939e-10,2.6020643e-09,0.6977563,1
2375182873,2375182341,0.72649664,0.0077326633,-0.005254147,0.68710643,0.71633524,-7.848939e-10,2.6020643e-09,0.6977563,1
2375195507,2375193761,0.72645193,0.007639938,-0.0052581034,0.6871547,0.71633524,-7.848939e-10,2.6020643e-09,0.6977563,1
2375199221,2375198739,0.7264822,0.0075851013,-0.005218075,0.68712366,0.71633524,-7.848939e-10,2.6020643e-09,0.6977563,1
2375208210,2375207596,0.7264283,0.0074960617,-0.0051931925,0.68718183,0.71633524,-7.848939e-10,2.6020643e-09,0.6977563,1
2375222162,2375221546,0.72645074,0.0073897564,-0.0051122555,0.68715984,0.71633524,-7.848939e-10,2.6020643e-09,0.6977563,1
2375227061,2375226502,0.7264073,0.007330063,-0.0051265326,0.6872064,0.71633524,-7.848939e-10,2.6020643e-09,0.6977563,1
2375237909,2375236705,0.72637165,0.007264362,-0.00509053,0.68724495,0.71633524,-7.848939e-10,2.6020643e-09,0.6977563,1
2375247260,2375246762,0.72632605,0.007184822,-0.0050193705,0.6872945,0.71633524,-7.848939e-10,2.6020643e-09,0.6977563,1
2375252397,2375251807,0.72624975,0.0070765517,-0.004913006,0.687377,0.71633524,-7.848939e-10,2.6020643e-09,0.6977563,1
2375264907,2375263197,0.72618675,0.0069557996,-0.004773159,0.6874458,0.71633524,-7.848939e-10,2.6020643e-09,0.6977563,1
2375268703,2375268240,0.72620285,0.006875042,-0.0047319345,0.6874299,0.71633524,-7.848939e-10,2.6020643e-09,0.6977563,1
2375273955,2375273341,0.7261817,0.006835592,-0.0047062677,0.68745285,0.71633524,-7.848939e-10,2.6020643e-09,0.6977563,1
2375286334,2375284656,0.72614914,0.0066598034,-0.0046316544,0.6874894,0.71633524,-7.848939e-10,2.6020643e-09,0.6977563,1
2375295215,2375294727,0.726082,0.0065112053,-0.0045130523,0.6875625,0.71633524,-7.848939e-10,2.6020643e-09,0.6977563,1
2375304228,2375303607,0.72605234,0.006470123,-0.004428211,0.68759483,0.71633524,-7.848939e-10,2.6020643e-09,0.6977563,1
2375313042,2375312485,0.7259733,0.0063721114,-0.0043154606,0.68767995,0.71633524,-7.848939e-10,2.6020643e-09,0.6977563,1
2375323233,2375322705,0.7259512,0.006225014,-0.0041843764,0.6877054,0.71633524,-7.848939e-10,2.6020643e-09,0.6977563,1
2375328288,2375327724,0.72589713,0.006134775,-0.00413768,0.6877636,0.71633524,-7.848939e-10,2.6020643e-09,0.6977563,1
2375333230,2375332686,0.72586787,0.0060538226,-0.004093159,0.68779534,0.71633524,-7.848939e-10,2.6020643e-09,0.6977563,1
2375348591,2375348027,0.7257788,0.005862764,-0.004000978,0.68789154,0.71633524,-7.848939e-10,2.6020643e-09,0.6977563,1
2375353443,2375352978,0.72578996,0.0058263545,-0.0039706207,0.6878802,0.71633524,-7.848939e-10,2.6020643e-09,0.6977563,1
2375358512,2375357967,0.72570795,0.0057723513,-0.0039469907,0.68796736,0.71633524,-7.848939e-10,2.6020643e-09,0.6977563,1
2375370409,2375367995,0.72570467,0.0057207225,-0.0038703931,0.6879717,0.71633524,-7.848939e-10,2.6020643e-09,0.6977563,1
2375373692,2375373156,0.72565895,0.0056322506,-0.0038342597,0.6880208,0.71633524,-7.848939e-10,2.6020643e-09,0.6977563,1
2375378720,2375378217,0.72564197,0.0056186826,-0.0038204903,0.68803895,0.71633524,-7.848939e-10,2.6020643e-09,0.6977563,1
2375383847,2375383204,0.72561514,0.005499368,-0.003734506,0.6880687,0.71633524,-7.848939e-10,2.6020643e-09,0.6977563,1
2375394982,2375394544,0.72554487,0.0052970573,-0.0035868192,0.6881451,0.71633524,-7.848939e-10,2.6020643e-09,0.6977563,1
2375400185,2375399643,0.72554046,0.005237933,-0.0035707192,0.68815035,0.71633524,-7.848939e-10,2.6020643e-09,0.6977563,1
2375412541,2375411055,0.72546405,0.0051141754,-0.0035008697,0.6882321,0.71633524,-7.848939e-10,2.6020643e-09,0.6977563,1
2375416582,2375416005,0.72540855,0.0051059113,-0.0034716094,0.68829095,0.71633524,-7.848939e-10,2.6020643e-09,0.6977563,1
2375425310,2375424840,0.7252982,0.0050086896,-0.0033557934,0.68840843,0.71633524,-7.848939e-10,2.6020643e-09,0.6977563,1
2375437225,2375436340,0.7252161,0.0049254405,-0.0032430023,0.6884962,0.71633524,-7.848939e-10,2.6020643e-09,0.6977563,1
2375441867,2375441277,0.7252015,0.0048865,-0.0032117693,0.68851197,0.71633524,-7.848939e-10,2.6020643e-09,0.6977563,1
2375452028,2375450108,0.7251042,0.0047657792,-0.0030685503,0.68861586,0.71633524,-7.848939e-10,2.6020643e-09,0.6977563,1
2375460778,2375460202,0.7249988,0.004627935,-0.0029571443,0.6887284,0.71633524,-7.848939e-10,2.6020643e-09,0.6977563,1
2375469556,2375469073,0.7249254,0.0045244317,-0.0028686135,0.68880665,0.71633524,-7.848939e-10,2.6020643e-09,0.6977563,1
2375478431,2375474154,0.72481495,0.004436333,-0.0028357063,0.6889235,0.71633524,-7.848939e-10,2.6020643e-09,0.6977563,1
2375480710,2375480145,0.72483665,0.004389,-0.0028195423,0.68890107,0.71633524,-7.848939e-10,2.6020643e-09,0.6977563,1
2375484756,2375484246,0.7247908,0.004332388,-0.0027921796,0.68894976,0.71633524,-7.848939e-10,2.6020643e-09,0.6977563,1
2375495991,2375495607,0.7246467,0.004117356,-0.002690389,0.6891031,0.71633524,-7.848939e-10,2.6020643e-09,0.6977563,1
2375504932,2375504419,0.72454184,0.003964698,-0.0025865945,0.68921465,0.71633524,-7.848939e-10,2.6020643e-09,0.6977563,1
2375510035,2375509506,0.7244954,0.0039146687,-0.0025435805,0.6892639,0.71633524,-7.848939e-10,2.6020643e-09,0.6977563,1
2375515170,2375514596,0.7244544,0.003796454,-0.0024515428,0.6893079,0.71633524,-7.848939e-10,2.6020643e-09,0.6977563,1
2375524034,2375519681,0.7243872,0.0037514076,-0.0024314052,0.6893788,0.71633524,-7.848939e-10,2.6020643e-09,0.6977563,1
2375530275,2375529746,0.72427166,0.0036443097,-0.0022906996,0.6895013,0.71633524,-7.848939e-10,2.6020643e-09,0.6977563,1
2375540445,2375539851,0.7241594,0.0036048298,-0.0022208628,0.68961966,0.71633524,-7.848939e-10,2.6020643e-09,0.6977563,1
2375549175,2375545002,0.7241181,0.003534335,-0.00214121,0.6896636,0.71633524,-7.848939e-10,2.6020643e-09,0.6977563,1
2375550953,2375550504,0.72409964,0.003484246,-0.0021251065,0.6896834,0.71633524,-7.848939e-10,2.6020643e-09,0.6977563,1
2375560532,2375560034,0.72397614,0.0033989567,-0.001987227,0.6898139,0.71633524,-7.848939e-10,2.6020643e-09,0.6977563,1
2375569391,2375565175,0.72395813,0.0033304372,-0.0019401074,0.6898332,0.71633524,-7.848939e-10,2.6020643e-09,0.6977563,1
2375571283,2375570156,0.7239214,0.0032965736,-0.0018600604,0.6898721,0.71633524,-7.848939e-10,2.6020643e-09,0.6977563,1
2375575692,2375575218,0.72381985,0.003230442,-0.0017429477,0.68997926,0.71633524,-7.848939e-10,2.6020643e-09,0.6977563,1
2375587016,2375586598,0.7236757,0.00316348,-0.0015276503,0.6901313,0.71633524,-7.848939e-10,2.6020643e-09,0.6977563,1
2375592199,2375591633,0.7236536,0.003131017,-0.0014445354,0.6901548,0.71633524,-7.848939e-10,2.6020643e-09,0.6977563,1
2375602370,2375601715,0.7235275,0.00310039,-0.0013082357,0.6902874,0.71633524,-7.848939e-10,2.6020643e-09,0.6977563,1
2375607259,2375606757,0.7235347,0.0031170703,-0.0013009714,0.69027984,0.71633524,-7.848939e-10,2.6020643e-09,0.6977563,1
2375616254,2375611898,0.7235126,0.0031096176,-0.001263019,0.690303,0.71633524,-7.848939e-10,2.6020643e-09,0.6977563,1
2375617865,2375617064,0.72343075,0.0030930429,-0.0012106549,0.6903889,0.71633524,-7.848939e-10,2.6020643e-09,0.6977563,1
2375622493,2375621971,0.7233667,0.0031311684,-0.0012047155,0.690456,0.71633524,-7.848939e-10,2.6020643e-09,0.6977563,1
2375632891,2375632077,0.7232703,0.0031256974,-0.001085117,0.6905572,0.71633524,-7.848939e-10,2.6020643e-09,0.6977563,1
2375637695,2375637094,0.7231861,0.003163194,-0.0010490679,0.6906453,0.71633524,-7.848939e-10,2.6020643e-09,0.6977563,1
2375646518,2375645940,0.72311646,0.0031533567,-0.0009218573,0.6907184,0.71633524,-7.848939e-10,2.6020643e-09,0.6977563,1
2375656470,2375656116,0.722971,0.0031099017,-0.0008567425,0.69087094,0.71633524,-7.848939e-10,2.6020643e-09,0.6977563,1
2375661783,2375661122,0.72291833,0.0031141296,-0.00080241717,0.6909261,0.71633524,-7.848939e-10,2.6020643e-09,0.6977563,1
2375666766,2375666159,0.72287506,0.003111178,-0.00077392394,0.6909713,0.71633524,-7.848939e-10,2.6020643e-09,0.6977563,1
2375676935,2375676336,0.7227503,0.0031976372,-0.00076187326,0.6911015,0.71633524,-7.848939e-10,2.6020643e-09,0.6977563,1
2375681915,2375681350,0.72269255,0.0031948134,-0.00071580475,0.6911619,0.71633524,-7.848939e-10,2.6020643e-09,0.6977563,1
2375690825,2375690172,0.7226332,0.0033227054,-0.0006844113,0.69122344,0.71633524,-7.848939e-10,2.6020643e-09,0.6977563,1
2375699581,2375695270,0.722531,0.0033850952,-0.0006290559,0.69132996,0.71633524,-7.848939e-10,2.6020643e-09,0.6977563,1
2375705900,2375705310,0.7224397,0.0034628015,-0.00055396196,0.6914251,0.71633524,-7.848939e-10,2.6020643e-09,0.6977563,1
2375714804,2375714179,0.7223095,0.003535893,-0.00044554274,0.69156075,0.71633524,-7.848939e-10,2.6020643e-09,0.6977563,1
2375725767,2375724280,0.7221966,0.0036213591,-0.00037749705,0.69167835,0.71633524,-7.848939e-10,2.6020643e-09,0.6977563,1
2375735188,2375734540,0.72201884,0.0036863526,-0.0002640018,0.69186354,0.71633524,-7.848939e-10,2.6020643e-09,0.6977563,1
2375740121,2375739478,0.7219825,0.003701782,-0.00025898195,0.6919014,0.71633524,-7.848939e-10,2.6020643e-09,0.6977563,1
2375745005,2375744508,0.7219326,0.0037034063,-0.00025198987,0.6919535,0.71633524,-7.848939e-10,2.6020643e-09,0.6977563,1
2375750223,2375749619,0.7218058,0.0036780953,-0.00022859781,0.69208586,0.71633524,-7.848939e-10,2.6020643e-09,0.6977563,1
2375755254,2375754660,0.7217524,0.003702477,-0.00020279734,0.6921414,0.71633524,-7.848939e-10,2.6020643e-09,0.6977563,1
2375765366,2375759633,0.72173303,0.00370947,-0.00016591816,0.6921617,0.71633524,-7.848939e-10,2.6020643e-09,0.6977563,1
2375770292,2375769806,0.72155577,0.0037753705,-0.00012379505,0.69234604,0.71633524,-7.848939e-10,2.6020643e-09,0.6977563,1
2375775490,2375774908,0.72152066,0.0037978773,-0.00011228292,0.6923825,0.71633524,-7.848939e-10,2.6020643e-09,0.6977563,1
2375780273,2375779846,0.72140145,0.0038378574,-0.00010368389,0.69250655,0.71633524,-7.848939e-10,2.6020643e-09,0.6977563,1
2375790831,2375789989,0.72127,0.003933249,-9.562378e-05,0.69264287,0.71633524,-7.848939e-10,2.6020643e-09,0.6977563,1
2375800694,2375795021,0.7211804,0.003962258,-9.68649e-05,0.6927361,0.71633524,-7.848939e-10,2.6020643e-09,0.6977563,1
2375801897,2375801418,0.72107255,0.0040097293,-5.8690563e-05,0.69284797,0.71633524,-7.848939e-10,2.6020643e-09,0.6977563,1
2375812038,2375811421,0.72090864,0.0040964857,-2.211441e-05,0.6930181,0.71633524,-7.848939e-10,2.6020643e-09,0.6977563,1
2375822202,2375821536,0.72080535,0.0041643074,9.29698e-05,0.6931251,0.71633524,-7.848939e-10,2.6020643e-09,0.6977563,1
2375831267,2375830394,0.7206876,0.004246649,9.9986064e-05,0.693247,0.71633524,-7.848939e-10,2.6020643e-09,0.6977563,1
2375836240,2375835467,0.72063506,0.0042938543,8.719711e-05,0.6933014,0.71633524,-7.848939e-10,2.6020643e-09,0.6977563,1
2375841235,2375840573,0.7205695,0.004279595,0.000108588094,0.6933696,0.71633524,-7.848939e-10,2.6020643e-09,0.6977563,1
2375846220,2375845587,0.7205347,0.00432648,6.6011344e-05,0.69340545,0.71633524,-7.848939e-10,2.6020643e-09,0.6977563,1
2375851130,2375850604,0.7204593,0.0043245046,8.57102e-05,0.6934838,0.71633524,-7.848939e-10,2.6020643e-09,0.6977563,1
2375861147,2375860757,0.72039694,0.0042917123,8.020901e-05,0.69354874,0.71633524,-7.848939e-10,2.6020643e-09,0.6977563,1
2375870137,2375865808,0.7203567,0.004292581,0.0001014648,0.6935905,0.71633524,-7.848939e-10,2.6020643e-09,0.6977563,1
2375878262,2375877761,0.7202998,0.004330601,0.00012405626,0.6936495,0.71633524,-7.848939e-10,2.6020643e-09,0.6977563,1
2375882699,2375882141,0.7202539,0.004337006,0.00014191025,0.69369704,0.71633524,-7.848939e-10,2.6020643e-09,0.6977563,1
2375896605,2375896048,0.7202199,0.004403682,0.00013049063,0.6937319,0.71633524,-7.848939e-10,2.6020643e-09,0.6977563,1
2375905471,2375901146,0.72009444,0.0043994943,0.00014751429,0.69386214,0.71633524,-7.848939e-10,2.6020643e-09,0.6977563,1
2375911914,2375911224,0.72007793,0.004346092,0.00011341053,0.69387966,0.71633524,-7.848939e-10,2.6020643e-09,0.6977563,1
2375916882,2375916316,0.719986,0.004313828,0.00012103,0.6939752,0.71633524,-7.848939e-10,2.6020643e-09,0.6977563,1
2375921878,2375921329,0.7199824,0.004319754,6.577034e-05,0.6939789,0.71633524,-7.848939e-10,2.6020643e-09,0.6977563,1
2375927074,2375926433,0.7199826,0.0043249703,5.7965928e-05,0.6939786,0.71633524,-7.848939e-10,2.6020643e-09,0.6977563,1
2375932075,2375931452,0.719939,0.0043142606,5.628053e-05,0.69402397,0.71633524,-7.848939e-10,2.6020643e-09,0.6977563,1
2375940874,2375936516,0.7198842,0.004377173,-1.0499547e-05,0.6940805,0.71633524,-7.848939e-10,2.6020643e-09,0.6977563,1
2375947129,2375941745,0.7198773,0.004372361,-3.324248e-06,0.69408756,0.71633524,-7.848939e-10,2.6020643e-09,0.6977563,1
2375953780,2375953205,0.71982104,0.0044634477,-9.171653e-05,0.6941454,0.71633524,-7.848939e-10,2.6020643e-09,0.6977563,1
2375964780,2375964367,0.7198014,0.004550837,-0.00023638227,0.69416517,0.71633524,-7.848939e-10,2.6020643e-09,0.6977563,1
2375970123,2375969465,0.7197997,0.004531116,-0.00024519616,0.694167,0.71633524,-7.848939e-10,2.6020643e-09,0.6977563,1
2375975054,2375974404,0.7197843,0.0045729377,-0.00032336288,0.6941827,0.71633524,-7.848939e-10,2.6020643e-09,0.6977563,1
2375985258,2375984515,0.71975183,0.0045759236,-0.00035762117,0.6942163,0.71633524,-7.848939e-10,2.6020643e-09,0.6977563,1
2375995266,2375994623,0.71975356,0.004626468,-0.0004794537,0.69421417,0.71633524,-7.848939e-10,2.6020643e-09,0.6977563,1
2376000403,2375999736,0.71975225,0.0045971726,-0.00048575556,0.6942156,0.71633524,-7.848939e-10,2.6020643e-09,0.6977563,1
2376010515,2376008578,0.71975344,0.004625956,-0.0006154346,0.69421417,0.71633524,-7.848939e-10,2.6020643e-09,0.6977563,1
2376014210,2376013564,0.7196933,0.0046405657,-0.00061249704,0.6942764,0.71633524,-7.848939e-10,2.6020643e-09,0.6977563,1
2376024106,2376023678,0.7195747,0.0046346597,-0.0005229011,0.6943995,0.71633524,-7.848939e-10,2.6020643e-09,0.6977563,1
2376034481,2376032696,0.71952075,0.0047076032,-0.0003618549,0.69445497,0.71633524,-7.848939e-10,2.6020643e-09,0.6977563,1
2376038335,2376037799,0.7194799,0.0047625205,-0.00024803664,0.69449687,0.71633524,-7.848939e-10,2.6020643e-09,0.6977563,1
2376043583,2376042856,0.71930367,0.004825924,-0.00016315233,0.694679,0.71633524,-7.848939e-10,2.6020643e-09,0.6977563,1
2376048205,2376047645,0.7192925,0.0048782406,-6.722816e-05,0.6946903,0.71633524,-7.848939e-10,2.6020643e-09,0.6977563,1
2376053421,2376052742,0.7193371,0.00493867,1.6979711e-05,0.6946436,0.71633524,-7.848939e-10,2.6020643e-09,0.6977563,1
2376058396,2376057772,0.71921617,0.005000452,7.94643e-05,0.6947684,0.71633524,-7.848939e-10,2.6020643e-09,0.6977563,1
2376068302,2376067922,0.7190582,0.0050933748,0.00012659219,0.6949312,0.71633524,-7.848939e-10,2.6020643e-09,0.6977563,1
2376073545,2376072985,0.7190468,0.005144696,0.00013757958,0.69494265,0.71633524,-7.848939e-10,2.6020643e-09,0.6977563,1
2376078515,2376077966,0.71893674,0.0052130944,0.000116503244,0.695056,0.71633524,-7.848939e-10,2.6020643e-09,0.6977563,1
2376089115,2376088141,0.71893704,0.005360924,-1.744929e-05,0.6950546,0.71633524,-7.848939e-10,2.6020643e-09,0.6977563,1
2376093777,2376093244,0.7188526,0.005458448,-0.00010971422,0.6951412,0.71633524,-7.848939e-10,2.6020643e-09,0.6977563,1
2376098914,2376098245,0.718788,0.0055617946,-0.00022247514,0.695207,0.71633524,-7.848939e-10,2.6020643e-09,0.6977563,1
2376110139,2376108374,0.718801,0.0056781275,-0.00035298947,0.6951926,0.71633524,-7.848939e-10,2.6020643e-09,0.6977563,1
2376114122,2376113595,0.7186964,0.0057432903,-0.00046111058,0.6953002,0.71633524,-7.848939e-10,2.6020643e-09,0.6977563,1
2376119085,2376118418,0.71865606,0.0057709105,-0.000500501,0.6953416,0.71633524,-7.848939e-10,2.6020643e-09,0.6977563,1
2376124234,2376123098,0.71865624,0.0057816957,-0.0005238772,0.69534135,0.71633524,-7.848939e-10,2.6020643e-09,0.6977563,1
2376133023,2376127240,0.7186435,0.005774481,-0.00054181676,0.6953546,0.71633524,-7.848939e-10,2.6020643e-09,0.6977563,1
2376134692,2376133631,0.7185759,0.0057511744,-0.0006497465,0.69542456,0.71633524,-7.848939e-10,2.6020643e-09,0.6977563,1
2376139209,2376138632,0.71857613,0.005693809,-0.00064676005,0.6954248,0.71633524,-7.848939e-10,2.6020643e-09,0.6977563,1
2376144458,2376143706,0.71855396,0.005632661,-0.00069009897,0.69544816,0.71633524,-7.848939e-10,2.6020643e-09,0.6977563,1
2376149445,2376148779,0.7185075,0.00561118,-0.0007319487,0.69549626,0.71633524,-7.848939e-10,2.6020643e-09,0.6977563,1
2376154459,2376153984,0.71850014,0.005621106,-0.000753045,0.6955037,0.71633524,-7.848939e-10,2.6020643e-09,0.6977563,1
2376163515,2376158992,0.7184533,0.005600427,-0.0007862165,0.6955523,0.71633524,-7.848939e-10,2.6020643e-09,0.6977563,1
2376165794,2376163986,0.7184408,0.0056036785,-0.00085080886,0.69556504,0.71633524,-7.848939e-10,2.6020643e-09,0.6977563,1
2376176722,2376175332,0.71841973,0.0056990627,-0.0010312377,0.69558585,0.71633524,-7.848939e-10,2.6020643e-09,0.6977563,1
2376180942,2376180406,0.7184077,0.0057741017,-0.0011347708,0.69559747,0.71633524,-7.848939e-10,2.6020643e-09,0.6977563,1
2376185992,2376185397,0.7183051,0.005797453,-0.0012001516,0.6957031,0.71633524,-7.848939e-10,2.6020643e-09,0.6977563,1
2376195242,2376190498,0.71830326,0.0059252097,-0.0013653804,0.69570357,0.71633524,-7.848939e-10,2.6020643e-09,0.6977563,1
2376197069,2376195933,0.71831715,0.0059768823,-0.0014939142,0.69568855,0.71633524,-7.848939e-10,2.6020643e-09,0.6977563,1
2376201477,2376200781,0.7182779,0.006035513,-0.0015790194,0.6957285,0.71633524,-7.848939e-10,2.6020643e-09,0.6977563,1
2376206331,2376205647,0.71814126,0.006142145,-0.0017882946,0.69586796,0.71633524,-7.848939e-10,2.6020643e-09,0.6977563,1
2376216276,2376210606,0.71812415,0.0061965035,-0.0019159872,0.6958849,0.71633524,-7.848939e-10,2.6020643e-09,0.6977563,1
2376218362,2376217825,0.71800375,0.0062987423,-0.002118978,0.6960076,0.71633524,-7.848939e-10,2.6020643e-09,0.6977563,1
2376222591,2376222024,0.7179952,0.006337033,-0.0022076273,0.6960158,0.71633524,-7.848939e-10,2.6020643e-09,0.6977563,1
2376231488,2376230865,0.7180113,0.0063556447,-0.002317094,0.6959986,0.71633524,-7.848939e-10,2.6020643e-09,0.6977563,1
2376240278,2376236016,0.71791303,0.006363857,-0.002400373,0.6960996,0.71633524,-7.848939e-10,2.6020643e-09,0.6977563,1
2376242670,2376242087,0.7178807,0.006395548,-0.0024879107,0.6961323,0.71633524,-7.848939e-10,2.6020643e-09,0.6977563,1
2376251769,2376251111,0.7178028,0.0063387556,-0.0026288293,0.6962126,0.71633524,-7.848939e-10,2.6020643e-09,0.6977563,1
2376256805,2376256182,0.71774274,0.006363392,-0.0027670646,0.6962739,0.71633524,-7.848939e-10,2.6020643e-09,0.6977563,1
2376261795,2376261218,0.71774536,0.006348993,-0.0028604227,0.69627094,0.71633524,-7.848939e-10,2.6020643e-09,0.6977563,1
2376266788,2376266223,0.7176708,0.006331473,-0.002960866,0.6963475,0.71633524,-7.848939e-10,2.6020643e-09,0.6977563,1
2376271876,2376271306,0.717624,0.00643569,-0.0031315247,0.696394,0.71633524,-7.848939e-10,2.6020643e-09,0.6977563,1
2376282032,2376276332,0.71759945,0.0064840624,-0.0032428878,0.6964184,0.71633524,-7.848939e-10,2.6020643e-09,0.6977563,1
2376283052,2376281440,0.7175885,0.006553843,-0.0033689502,0.69642836,0.71633524,-7.848939e-10,2.6020643e-09,0.6977563,1
2376292162,2376291530,0.7175008,0.006708989,-0.0035950574,0.69651616,0.71633524,-7.848939e-10,2.6020643e-09,0.6977563,1
2376303495,2376302898,0.7174264,0.006840992,-0.0038698104,0.69659007,0.71633524,-7.848939e-10,2.6020643e-09,0.6977563,1
2376313631,2376313099,0.7173526,0.0068279384,-0.0040444946,0.69666517,0.71633524,-7.848939e-10,2.6020643e-09,0.6977563,1
2376319296,2376318175,0.71733934,0.0068530133,-0.0041141193,0.6966781,0.71633524,-7.848939e-10,2.6020643e-09,0.6977563,1
2376329237,2376328189,0.7172748,0.006748749,-0.004257456,0.6967448,0.71633524,-7.848939e-10,2.6020643e-09,0.6977563,1
2376333749,2376333173,0.71726114,0.0067449007,-0.0043562395,0.6967583,0.71633524,-7.848939e-10,2.6020643e-09,0.6977563,1
2376338900,2376338258,0.7171993,0.0067027146,-0.004386384,0.69682205,0.71633524,-7.848939e-10,2.6020643e-09,0.6977563,1
2376344016,2376343297,0.71719915,0.0067345523,-0.0044978065,0.6968212,0.71633524,-7.848939e-10,2.6020643e-09,0.6977563,1
2376355408,2376354670,0.717219,0.0067977468,-0.0047935727,0.6967982,0.71633524,-7.848939e-10,2.6020643e-09,0.6977563,1
2376364209,2376363598,0.7172349,0.0068291244,-0.0050113266,0.6967801,0.71633524,-7.848939e-10,2.6020643e-09,0.6977563,1
2376374195,2376373600,0.7171722,0.006829539,-0.0052466905,0.69684285,0.71633524,-7.848939e-10,2.6020643e-09,0.6977563,1
2376379231,2376378664,0.7172008,0.0067967395,-0.0054038595,0.69681257,0.71633524,-7.848939e-10,2.6020643e-09,0.6977563,1
2376384297,2376383775,0.71719295,0.0067500877,-0.005529188,0.69682014,0.71633524,-7.848939e-10,2.6020643e-09,0.6977563,1
2376389493,2376388965,0.7170862,0.0067608715,-0.0057345983,0.69692814,0.71633524,-7.848939e-10,2.6020643e-09,0.6977563,1
2376399863,2376399139,0.7171177,0.006661389,-0.005992799,0.6968945,0.71633524,-7.848939e-10,2.6020643e-09,0.6977563,1
2376411756,2376410252,0.71708924,0.0065519004,-0.00627625,0.6969223,0.71633524,-7.848939e-10,2.6020643e-09,0.6977563,1
2376420932,2376420342,0.71701455,0.006477675,-0.0064959447,0.6969979,0.71633524,-7.848939e-10,2.6020643e-09,0.6977563,1
2376430222,2376425810,0.7170273,0.0063836374,-0.006548757,0.6969851,0.71633524,-7.848939e-10,2.6020643e-09,0.6977563,1
2376431033,2376430547,0.7170117,0.00633312,-0.006606128,0.6970011,0.71633524,-7.848939e-10,2.6020643e-09,0.6977563,1
2376441188,2376440523,0.7170235,0.0062271794,-0.006721209,0.6969888,0.71633524,-7.848939e-10,2.6020643e-09,0.6977563,1
2376446224,2376445600,0.71699727,0.0061903126,-0.006842173,0.6970149,0.71633524,-7.848939e-10,2.6020643e-09,0.6977563,1
2376451294,2376450728,0.7169705,0.0061620204,-0.006967697,0.6970415,0.71633524,-7.848939e-10,2.6020643e-09,0.6977563,1
2376461386,2376455731,0.7169821,0.0060424404,-0.0069671497,0.69703066,0.71633524,-7.848939e-10,2.6020643e-09,0.6977563,1
2376463624,2376463029,0.7169516,0.005976225,-0.007114922,0.6970611,0.71633524,-7.848939e-10,2.6020643e-09,0.6977563,1
2376467672,2376467089,0.71694463,0.0059252176,-0.007148166,0.6970684,0.71633524,-7.848939e-10,2.6020643e-09,0.6977563,1
2376472843,2376472166,0.7169736,0.005873832,-0.007270787,0.6970377,0.71633524,-7.848939e-10,2.6020643e-09,0.6977563,1
2376482869,2376477210,0.716947,0.0058589224,-0.007356543,0.6970643,0.71633524,-7.848939e-10,2.6020643e-09,0.6977563,1
2376488140,2376487437,0.71698296,0.005746927,-0.007527092,0.6970264,0.71633524,-7.848939e-10,2.6020643e-09,0.6977563,1
2376498035,2376497389,0.71695226,0.0056338017,-0.0076017,0.697058,0.71633524,-7.848939e-10,2.6020643e-09,0.6977563,1
2376507096,2376506310,0.71695757,0.005500334,-0.007736791,0.69705224,0.71633524,-7.848939e-10,2.6020643e-09,0.6977563,1
2376511983,2376511388,0.7170037,0.0054438575,-0.007777758,0.69700474,0.71633524,-7.848939e-10,2.6020643e-09,0.6977563,1
2376516992,2376516391,0.71694636,0.005376138,-0.0078119813,0.6970639,0.71633524,-7.848939e-10,2.6020643e-09,0.6977563,1
2376525868,2376521399,0.7169542,0.0052987854,-0.007841905,0.69705606,0.71633524,-7.848939e-10,2.6020643e-09,0.6977563,1
2376528307,2376526690,0.71698344,0.005282448,-0.007900228,0.6970254,0.71633524,-7.848939e-10,2.6020643e-09,0.6977563,1
2376532272,2376531667,0.7168739,0.0052364427,-0.007885109,0.69713867,0.71633524,-7.848939e-10,2.6020643e-09,0.6977563,1
2376537246,2376536575,0.71687835,0.0052694953,-0.007908315,0.6971336,0.71633524,-7.848939e-10,2.6020643e-09,0.6977563,1
2376547361,2376546707,0.7168292,0.0052546314,-0.007871701,0.6971846,0.71633524,-7.848939e-10,2.6020643e-09,0.6977563,1
2376556150,2376555541,0.7167982,0.005282362,-0.007868519,0.6972163,0.71633524,-7.848939e-10,2.6020643e-09,0.6977563,1
2376565031,2376560717,0.7168251,0.0052468707,-0.007801623,0.6971897,0.71633524,-7.848939e-10,2.6020643e-09,0.6977563,1
2376571370,2376570663,0.7167253,0.0052663847,-0.0077259983,0.697293,0.71633524,-7.848939e-10,2.6020643e-09,0.6977563,1
2376581266,2376580849,0.71674657,0.0052283676,-0.0075794137,0.697273,0.71633524,-7.848939e-10,2.6020643e-09,0.6977563,1
2376590353,2376589601,0.71663713,0.0052477918,-0.0075402027,0.6973857,0.71633524,-7.848939e-10,2.6020643e-09,0.6977563,1
2376595358,2376594700,0.7166147,0.005237684,-0.0074778516,0.69740963,0.71633524,-7.848939e-10,2.6020643e-09,0.6977563,1
2376605800,2376604742,0.7165485,0.0051899217,-0.007402546,0.6974787,0.71633524,-7.848939e-10,2.6020643e-09,0.6977563,1
2376610519,2376609938,0.71651435,0.0051675257,-0.0073618283,0.6975145,0.71633524,-7.848939e-10,2.6020643e-09,0.6977563,1
2376615516,2376614940,0.7164971,0.005092407,-0.0072985,0.6975333,0.71633524,-7.848939e-10,2.6020643e-09,0.6977563,1
2376620729,2376620053,0.7164454,0.0050744824,-0.007272859,0.69758695,0.71633524,-7.848939e-10,2.6020643e-09,0.6977563,1
2376625595,2376625035,0.7164204,0.0050338698,-0.007207888,0.6976135,0.71633524,-7.848939e-10,2.6020643e-09,0.6977563,1
2376630629,2376630088,0.7163802,0.0049626445,-0.007124138,0.6976562,0.71633524,-7.848939e-10,2.6020643e-09,0.6977563,1
2376635761,2376635127,0.71637154,0.0049512214,-0.0071005975,0.6976654,0.71633524,-7.848939e-10,2.6020643e-09,0.6977563,1
2376647020,2376645207,0.7162573,0.004915497,-0.006975963,0.6977842,0.71633524,-7.848939e-10,2.6020643e-09,0.6977563,1
2376650777,2376650243,0.71625,0.0049148756,-0.006939737,0.697792,0.71633524,-7.848939e-10,2.6020643e-09,0.6977563,1
2376655877,2376655334,0.7161904,0.0049154474,-0.006866988,0.69785386,0.71633524,-7.848939e-10,2.6020643e-09,0.6977563,1
2376666271,2376665665,0.71615493,0.0049354187,-0.0067757946,0.69789106,0.71633524,-7.848939e-10,2.6020643e-09,0.6977563,1
2376670986,2376670459,0.716104,0.004930117,-0.0066550584,0.69794446,0.71633524,-7.848939e-10,2.6020643e-09,0.6977563,1
2376676166,2376675530,0.7160419,0.0049256072,-0.006587367,0.6980089,0.71633524,-7.848939e-10,2.6020643e-09,0.6977563,1
2376686282,2376685869,0.71601796,0.0048724543,-0.0064423117,0.6980352,0.71633524,-7.848939e-10,2.6020643e-09,0.6977563,1
2376697422,2376696999,0.7159744,0.0047167796,-0.0062654684,0.69808257,0.71633524,-7.848939e-10,2.6020643e-09,0.6977563,1
2376707765,2376705869,0.7158578,0.00449808,-0.006070358,0.6982053,0.71633524,-7.848939e-10,2.6020643e-09,0.6977563,1
2376711387,2376710917,0.7158294,0.0043969494,-0.005978608,0.69823587,0.71633524,-7.848939e-10,2.6020643e-09,0.6977563,1
2376720390,2376716058,0.71588486,0.0042681955,-0.0058670654,0.6981807,0.71633524,-7.848939e-10,2.6020643e-09,0.6977563,1
2376726705,2376726090,0.71571875,0.0040705106,-0.005625413,0.6983541,0.71633524,-7.848939e-10,2.6020643e-09,0.6977563,1
2376731606,2376731100,0.715725,0.003998277,-0.0054798,0.6983493,0.71633524,-7.848939e-10,2.6020643e-09,0.6977563,1
2376741648,2376741230,0.715591,0.0039037894,-0.0052193245,0.6984892,0.71633524,-7.848939e-10,2.6020643e-09,0.6977563,1
2376750539,2376746254,0.7155743,0.0038940113,-0.0050977506,0.69850725,0.71633524,-7.848939e-10,2.6020643e-09,0.6977563,1
2376752110,2376751657,0.7155574,0.0038516878,-0.004977671,0.6985256,0.71633524,-7.848939e-10,2.6020643e-09,0.6977563,1
2376756996,2376756404,0.7154851,0.0038648867,-0.00491229,0.69860005,0.71633524,-7.848939e-10,2.6020643e-09,0.6977563,1
2376767050,2376761452,0.7154519,0.0038295267,-0.0047842367,0.69863516,0.71633524,-7.848939e-10,2.6020643e-09,0.6977563,1
2376769235,2376767882,0.71537685,0.0038163748,-0.0047193193,0.6987125,0.71633524,-7.848939e-10,2.6020643e-09,0.6977563,1
2376773425,2376772833,0.71532905,0.0037778625,-0.0045979423,0.69876254,0.71633524,-7.848939e-10,2.6020643e-09,0.6977563,1
2376782415,2376781625,0.71523714,0.0036636272,-0.004455497,0.6988581,0.71633524,-7.848939e-10,2.6020643e-09,0.6977563,1
2376787230,2376786691,0.71520877,0.0036002207,-0.0044139135,0.69888777,0.71633524,-7.848939e-10,2.6020643e-09,0.6977563,1
2376798555,2376798056,0.7151238,0.0034296543,-0.004238124,0.69897664,0.71633524,-7.848939e-10,2.6020643e-09,0.6977563,1
2376807665,2376807095,0.7150289,0.003335562,-0.0040973094,0.69907504,0.71633524,-7.848939e-10,2.6020643e-09,0.6977563,1
2376812502,2376811963,0.71496016,0.0032545102,-0.0039482126,0.69914645,0.71633524,-7.848939e-10,2.6020643e-09,0.6977563,1
2376821400,2376817052,0.7149402,0.0032300751,-0.0038584212,0.6991675,0.71633524,-7.848939e-10,2.6020643e-09,0.6977563,1
2376822656,2376822195,0.7148975,0.0031969354,-0.003710988,0.6992122,0.71633524,-7.848939e-10,2.6020643e-09,0.6977563,1
2376832819,2376832195,0.71477747,0.0030954422,-0.0034021647,0.6993369,0.71633524,-7.848939e-10,2.6020643e-09,0.6977563,1
2376843005,2376837208,0.714735,0.0030491187,-0.0032365564,0.6993813,0.71633524,-7.848939e-10,2.6020643e-09,0.6977563,1
2376845303,2376843563,0.7146161,0.0029624223,-0.0030498034,0.6995039,0.71633524,-7.848939e-10,2.6020643e-09,0.6977563,1
2376849126,2376848601,0.71464664,0.0029256777,-0.0029257685,0.69947344,0.71633524,-7.848939e-10,2.6020643e-09,0.6977563,1
2376854156,2376853623,0.71456856,0.0028669096,-0.0027828875,0.699554,0.71633524,-7.848939e-10,2.6020643e-09,0.6977563,1
2376859226,2376858662,0.7144934,0.002839315,-0.0026836202,0.6996313,0.71633524,-7.848939e-10,2.6020643e-09,0.6977563,1
2376868275,2376867506,0.7144437,0.0027923975,-0.0024832652,0.699683,0.71633524,-7.848939e-10,2.6020643e-09,0.6977563,1
2376876959,2376872936,0.7143633,0.0027502934,-0.0023437461,0.6997658,0.71633524,-7.848939e-10,2.6020643e-09,0.6977563,1
2376883255,2376882708,0.7142359,0.0027413566,-0.002183977,0.69989634,0.71633524,-7.848939e-10,2.6020643e-09,0.6977563,1
2376888357,2376887774,0.71419305,0.002651222,-0.0020526878,0.6999408,0.71633524,-7.848939e-10,2.6020643e-09,0.6977563,1
2376897339,2376892951,0.71411556,0.0026475338,-0.0019923397,0.7000201,0.71633524,-7.848939e-10,2.6020643e-09,0.6977563,1
2376903725,2376903046,0.71404904,0.0024588825,-0.0017677878,0.7000892,0.71633524,-7.848939e-10,2.6020643e-09,0.6977563,1
2376908852,2376907979,0.7139874,0.0024207444,-0.0017594884,0.7001522,0.71633524,-7.848939e-10,2.6020643e-09,0.6977563,1
2376913616,2376913025,0.7139471,0.0023640539,-0.0016605146,0.70019376,0.71633524,-7.848939e-10,2.6020643e-09,0.6977563,1
2376918764,2376918183,0.71394265,0.0022836255,-0.0015210496,0.7001989,0.71633524,-7.848939e-10,2.6020643e-09,0.6977563,1
2376923679,2376923163,0.7139039,0.0022294933,-0.0014695172,0.7002387,0.71633524,-7.848939e-10,2.6020643e-09,0.6977563,1
2376933609,2376933237,0.71377194,0.002167048,-0.0013089185,0.7003736,0.71633524,-7.848939e-10,2.6020643e-09,0.6977563,1
2376939096,2376938272,0.7137668,0.0021224758,-0.0012444718,0.70037913,0.71633524,-7.848939e-10,2.6020643e-09,0.6977563,1
2376944157,2376943338,0.71373636,0.00212802,-0.0011996067,0.7004103,0.71633524,-7.848939e-10,2.6020643e-09,0.6977563,1
2376953926,2376953503,0.71360815,0.0020598199,-0.0010087184,0.70054144,0.71633524,-7.848939e-10,2.6020643e-09,0.6977563,1
2376963996,2376963565,0.7135768,0.0020649715,-0.0009152024,0.70057344,0.71633524,-7.848939e-10,2.6020643e-09,0.6977563,1
2376969205,2376968603,0.7135099,0.0020482782,-0.000865096,0.7006417,0.71633524,-7.848939e-10,2.6020643e-09,0.6977563,1
2376974232,2376973673,0.7135146,0.0020327433,-0.0008198307,0.700637,0.71633524,-7.848939e-10,2.6020643e-09,0.6977563,1
2376985535,2376983758,0.7133712,0.0019547201,-0.0007048634,0.7007833,0.71633524,-7.848939e-10,2.6020643e-09,0.6977563,1
2376989362,2376988834,0.7133736,0.001905863,-0.00066212047,0.7007811,0.71633524,-7.848939e-10,2.6020643e-09,0.6977563,1
2377001483,2377000582,0.7132881,0.0018056337,-0.000576205,0.7008683,0.71633524,-7.848939e-10,2.6020643e-09,0.6977563,1
2377011034,2377010291,0.71315694,0.0017291594,-0.00052133185,0.7010021,0.71633524,-7.848939e-10,2.6020643e-09,0.6977563,1
2377015832,2377015371,0.7131549,0.0017336783,-0.00048696666,0.70100415,0.71633524,-7.848939e-10,2.6020643e-09,0.6977563,1
2377026079,2377025572,0.7130825,0.0016801768,-0.0003812334,0.7010781,0.71633524,-7.848939e-10,2.6020643e-09,0.6977563,1
2377031174,2377030544,0.71302754,0.0017327515,-0.00040410666,0.7011338,0.71633524,-7.848939e-10,2.6020643e-09,0.6977563,1
2377036094,2377035582,0.7130076,0.0016804948,-0.00029917376,0.7011542,0.71633524,-7.848939e-10,2.6020643e-09,0.6977563,1
2377046490,2377045723,0.7129072,0.0017513223,-0.0002623642,0.7012562,0.71633524,-7.848939e-10,2.6020643e-09,0.6977563,1
2377051390,2377050713,0.7128948,0.0017484342,-0.0001780111,0.70126885,0.71633524,-7.848939e-10,2.6020643e-09,0.6977563,1
2377061452,2377060889,0.7128038,0.0017984064,-0.00019332045,0.7013612,0.71633524,-7.848939e-10,2.6020643e-09,0.6977563,1
2377066404,2377065887,0.712762,0.0017785932,-0.0001458066,0.70140374,0.71633524,-7.848939e-10,2.6020643e-09,0.6977563,1
2377071817,2377070923,0.71273696,0.0017253465,-0.00013483311,0.70142925,0.71633524,-7.848939e-10,2.6020643e-09,0.6977563,1
2377081906,2377075989,0.71270657,0.0017229364,-0.00016017607,0.7014602,0.71633524,-7.848939e-10,2.6020643e-09,0.6977563,1
2377086585,2377086063,0.7126024,0.0016074079,-0.00016555592,0.7015664,0.71633524,-7.848939e-10,2.6020643e-09,0.6977563,1
2377091744,2377091155,0.7126226,0.0016110915,-0.00025395528,0.70154583,0.71633524,-7.848939e-10,2.6020643e-09,0.6977563,1
2377096692,2377096189,0.7125602,0.001610495,-0.00025211112,0.7016091,0.71633524,-7.848939e-10,2.6020643e-09,0.6977563,1
2377106853,2377101232,0.71247447,0.0015771793,-0.00026045638,0.7016962,0.71633524,-7.848939e-10,2.6020643e-09,0.6977563,1
2377113931,2377112694,0.712406,0.0016370567,-0.00034230368,0.70176566,0.71633524,-7.848939e-10,2.6020643e-09,0.6977563,1
2377118363,2377117847,0.7124213,0.0016956107,-0.0004120836,0.7017499,0.71633524,-7.848939e-10,2.6020643e-09,0.6977563,1
2377123330,2377122730,0.7124045,0.0016738655,-0.00034200153,0.701767,0.71633524,-7.848939e-10,2.6020643e-09,0.6977563,1
2377132174,2377128168,0.7123006,0.001696738,-0.0003231863,0.7018724,0.71633524,-7.848939e-10,2.6020643e-09,0.6977563,1
2377138540,2377137895,0.7122652,0.0017494423,-0.0002777817,0.70190823,0.71633524,-7.848939e-10,2.6020643e-09,0.6977563,1
2377147427,2377146846,0.7121318,0.001838656,-0.0002633785,0.70204335,0.71633524,-7.848939e-10,2.6020643e-09,0.6977563,1
2377156194,2377155579,0.7120655,0.0019556142,-0.00023793735,0.7021103,0.71633524,-7.848939e-10,2.6020643e-09,0.6977563,1
2377164919,2377160710,0.71207666,0.0020034057,-0.00023087181,0.70209885,0.71633524,-7.848939e-10,2.6020643e-09,0.6977563,1
2377167234,2377166617,0.71200776,0.002026499,-0.00018307683,0.7021687,0.71633524,-7.848939e-10,2.6020643e-09,0.6977563,1
2377171412,2377170770,0.7119734,0.0020728307,-0.00018509768,0.7022034,0.71633524,-7.848939e-10,2.6020643e-09,0.6977563,1
2377176423,2377175804,0.7119679,0.0020827204,-0.00015933813,0.70220894,0.71633524,-7.848939e-10,2.6020643e-09,0.6977563,1
2377188402,2377185965,0.7118948,0.0021864031,-0.00018550653,0.7022827,0.71633524,-7.848939e-10,2.6020643e-09,0.6977563,1
2377191601,2377191059,0.71187294,0.0022169512,-0.00012274265,0.70230484,0.71633524,-7.848939e-10,2.6020643e-09,0.6977563,1
2377196528,2377195972,0.7118581,0.0022276544,-0.00010184894,0.7023198,0.71633524,-7.848939e-10,2.6020643e-09,0.6977563,1
2377207273,2377206357,0.71177435,0.0023271362,-7.0501854e-05,0.7024043,0.71633524,-7.848939e-10,2.6020643e-09,0.6977563,1
2377211851,2377211149,0.7117655,0.0023256473,-5.491669e-05,0.70241326,0.71633524,-7.848939e-10,2.6020643e-09,0.6977563,1
2377216915,2377216222,0.71175086,0.002369103,-7.7711105e-05,0.702428,0.71633524,-7.848939e-10,2.6020643e-09,0.6977563,1
2377225571,2377221520,0.7117215,0.0023816314,-7.994286e-05,0.7024578,0.71633524,-7.848939e-10,2.6020643e-09,0.6977563,1
2377227909,2377226431,0.71168613,0.0023895295,-8.7731976e-05,0.7024935,0.71633524,-7.848939e-10,2.6020643e-09,0.6977563,1
2377231894,2377231380,0.71165746,0.0023800628,-0.00012908227,0.70252264,0.71633524,-7.848939e-10,2.6020643e-09,0.6977563,1
2377237051,2377236457,0.71168965,0.0024408512,-0.00020328899,0.7024898,0.71633524,-7.848939e-10,2.6020643e-09,0.6977563,1
2377242049,2377241490,0.7116269,0.0024549204,-0.00022722974,0.70255333,0.71633524,-7.848939e-10,2.6020643e-09,0.6977563,1
2377247234,2377246581,0.7116399,0.0024609084,-0.0002944265,0.70254016,0.71633524,-7.848939e-10,2.6020643e-09,0.6977563,1
2377259437,2377256634,0.7115843,0.002510464,-0.00030998612,0.7025961,0.71633524,-7.848939e-10,2.6020643e-09,0.6977563,1
2377272433,2377271835,0.71155816,0.002566018,-0.00025638414,0.70262253,0.71633524,-7.848939e-10,2.6020643e-09,0.6977563,1
2377285037,2377283175,0.7115233,0.0025907932,-0.00023944906,0.70265764,0.71633524,-7.848939e-10,2.6020643e-09,0.6977563,1
2377288772,2377288251,0.7114219,0.0025841356,-0.00027399062,0.70276034,0.71633524,-7.848939e-10,2.6020643e-09,0.6977563,1
2377293865,2377293275,0.7114813,0.0026123945,-0.00029653078,0.70270026,0.71633524,-7.848939e-10,2.6020643e-09,0.6977563,1
2377298969,2377298364,0.71147,0.002649452,-0.00033824818,0.7027114,0.71633524,-7.848939e-10,2.6020643e-09,0.6977563,1
2377309084,2377308629,0.71145785,0.0027616308,-0.0004967872,0.70272326,0.71633524,-7.848939e-10,2.6020643e-09,0.6977563,1
2377314108,2377313489,0.7114639,0.0028020416,-0.0005592912,0.7027169,0.71633524,-7.848939e-10,2.6020643e-09,0.6977563,1
2377319084,2377318563,0.7114193,0.0028748917,-0.00062908063,0.7027617,0.71633524,-7.848939e-10,2.6020643e-09,0.6977563,1
2377329426,2377328717,0.71147776,0.0029564833,-0.0007395088,0.70270205,0.71633524,-7.848939e-10,2.6020643e-09,0.6977563,1
2377334395,2377333807,0.71145535,0.0029792546,-0.00081448106,0.7027246,0.71633524,-7.848939e-10,2.6020643e-09,0.6977563,1
2377346298,2377345209,0.71148586,0.002952867,-0.000912552,0.70269364,0.71633524,-7.848939e-10,2.6020643e-09,0.6977563,1
2377350626,2377350115,0.71147174,0.0029890102,-0.00096923765,0.70270777,0.71633524,-7.848939e-10,2.6020643e-09,0.6977563,1
2377355841,2377355273,0.71147066,0.0028910295,-0.0009261511,0.7027093,0.71633524,-7.848939e-10,2.6020643e-09,0.6977563,1
2377364523,2377363983,0.7115026,0.002903279,-0.0010910041,0.7026767,0.71633524,-7.848939e-10,2.6020643e-09,0.6977563,1
2377373298,2377369014,0.71148556,0.0029147423,-0.0011570822,0.7026938,0.71633524,-7.848939e-10,2.6020643e-09,0.6977563,1
2377374628,2377374140,0.71149737,0.0028976162,-0.001194531,0.70268184,0.71633524,-7.848939e-10,2.6020643e-09,0.6977563,1
2377384928,2377384234,0.7115368,0.0029488541,-0.0014148916,0.70264125,0.71633524,-7.848939e-10,2.6020643e-09,0.6977563,1
2377389789,2377389289,0.7115014,0.0029585387,-0.0014663057,0.70267695,0.71633524,-7.848939e-10,2.6020643e-09,0.6977563,1
2377400276,2377399387,0.711572,0.002981213,-0.0016504833,0.702605,0.71633524,-7.848939e-10,2.6020643e-09,0.6977563,1
2377405260,2377404674,0.7115246,0.0029771272,-0.0016847649,0.7026528,0.71633524,-7.848939e-10,2.6020643e-09,0.6977563,1
2377410044,2377409546,0.71153194,0.0030078664,-0.0017092732,0.7026453,0.71633524,-7.848939e-10,2.6020643e-09,0.6977563,1
2377421435,2377420822,0.71161157,0.0031342267,-0.0018254267,0.7025638,0.71633524,-7.848939e-10,2.6020643e-09,0.6977563,1
2377430196,2377429684,0.71169686,0.0031840757,-0.0018797733,0.70247704,0.71633524,-7.848939e-10,2.6020643e-09,0.6977563,1
2377439016,2377435256,0.7116303,0.0031830757,-0.001852172,0.7025445,0.71633524,-7.848939e-10,2.6020643e-09,0.6977563,1
2377441082,2377440487,0.7116254,0.0031971692,-0.0018976748,0.7025494,0.71633524,-7.848939e-10,2.6020643e-09,0.6977563,1
2377445675,2377444816,0.71164197,0.0031963186,-0.0019098546,0.7025326,0.71633524,-7.848939e-10,2.6020643e-09,0.6977563,1
2377455447,2377454995,0.71162075,0.0032139746,-0.0019729873,0.70255375,0.71633524,-7.848939e-10,2.6020643e-09,0.6977563,1
2377465666,2377463842,0.71168303,0.003249314,-0.0020300387,0.70249027,0.71633524,-7.848939e-10,2.6020643e-09,0.6977563,1
2377469319,2377468874,0.7116987,0.0032804818,-0.0020881437,0.7024741,0.71633524,-7.848939e-10,2.6020643e-09,0.6977563,1
2377478370,2377474063,0.71167165,0.003349473,-0.0022179873,0.70250076,0.71633524,-7.848939e-10,2.6020643e-09,0.6977563,1
2377484593,2377484058,0.711703,0.0034080476,-0.0023271744,0.7024684,0.71633524,-7.848939e-10,2.6020643e-09,0.6977563,1
2377489725,2377489093,0.71164495,0.0034987575,-0.0024547898,0.70252633,0.71633524,-7.848939e-10,2.6020643e-09,0.6977563,1
2377499772,2377499275,0.7116379,0.0035375839,-0.0025503759,0.70253295,0.71633524,-7.848939e-10,2.6020643e-09,0.6977563,1
2377510890,2377510276,0.71159184,0.0036544544,-0.0026558274,0.70257854,0.71633524,-7.848939e-10,2.6020643e-09,0.6977563,1
2377514973,2377514453,0.7115661,0.0036785102,-0.0026803366,0.7026045,0.71633524,-7.848939e-10,2.6020643e-09,0.6977563,1
2377520043,2377519508,0.7116277,0.003726444,-0.0027458556,0.70254153,0.71633524,-7.848939e-10,2.6020643e-09,0.6977563,1
2377524950,2377524458,0.71158093,0.0037435594,-0.0027696649,0.70258874,0.71633524,-7.848939e-10,2.6020643e-09,0.6977563,1
2377530223,2377529585,0.71155715,0.003742938,-0.0027707287,0.7026128,0.71633524,-7.848939e-10,2.6020643e-09,0.6977563,1
2377535280,2377534667,0.71159035,0.0038022934,-0.002867937,0.70257854,0.71633524,-7.848939e-10,2.6020643e-09,0.6977563,1
2377540373,2377539765,0.711542,0.0038073296,-0.0028694891,0.7026275,0.71633524,-7.848939e-10,2.6020643e-09,0.6977563,1
2377555460,2377554805,0.711527,0.0038233455,-0.0028918104,0.7026425,0.71633524,-7.848939e-10,2.6020643e-09,0.6977563,1
2377560785,2377559804,0.71145993,0.0038379275,-0.0029128958,0.70271015,0.71633524,-7.848939e-10,2.6020643e-09,0.6977563,1
2377569510,2377565927,0.71150756,0.0038739275,-0.0029300929,0.7026617,0.71633524,-7.848939e-10,2.6020643e-09,0.6977563,1
2377570506,2377570119,0.711497,0.0039001016,-0.002910685,0.70267236,0.71633524,-7.848939e-10,2.6020643e-09,0.6977563,1
2377575602,2377575051,0.71138954,0.0039333473,-0.002932875,0.7027808,0.71633524,-7.848939e-10,2.6020643e-09,0.6977563,1
2377584503,2377580104,0.71137065,0.004002474,-0.0029324002,0.70279956,0.71633524,-7.848939e-10,2.6020643e-09,0.6977563,1
2377591928,2377590171,0.7113563,0.0041129286,-0.0029055055,0.7028136,0.71633524,-7.848939e-10,2.6020643e-09,0.6977563,1
2377596171,2377595544,0.71136904,0.004187035,-0.0028835204,0.70280033,0.71633524,-7.848939e-10,2.6020643e-09,0.6977563,1
2377600909,2377600259,0.71138626,0.004217462,-0.002843824,0.7027829,0.71633524,-7.848939e-10,2.6020643e-09,0.6977563,1
2377609635,2377605607,0.71131384,0.0042333263,-0.0028147171,0.7028562,0.71633524,-7.848939e-10,2.6020643e-09,0.6977563,1
2377610752,2377610344,0.7112846,0.0042704963,-0.0028110407,0.70288557,0.71633524,-7.848939e-10,2.6020643e-09,0.6977563,1
2377621052,2377620576,0.7112624,0.004256684,-0.0027478365,0.7029084,0.71633524,-7.848939e-10,2.6020643e-09,0.6977563,1
2377626093,2377625584,0.71122825,0.0043223263,-0.0028118882,0.7029423,0.71633524,-7.848939e-10,2.6020643e-09,0.6977563,1
2377631209,2377630577,0.7111838,0.0042882008,-0.0027611437,0.7029876,0.71633524,-7.848939e-10,2.6020643e-09,0.6977563,1
2377641148,2377640709,0.7111433,0.00431551,-0.0028459656,0.70302814,0.71633524,-7.848939e-10,2.6020643e-09,0.6977563,1
2377650080,2377645763,0.71110654,0.004285452,-0.0027672017,0.7030658,0.71633524,-7.848939e-10,2.6020643e-09,0.6977563,1
2377651199,2377650807,0.7111045,0.0042343736,-0.0028027443,0.703068,0.71633524,-7.848939e-10,2.6020643e-09,0.6977563,1
2377661497,2377660884,0.7110781,0.004157135,-0.0028313226,0.703095,0.71633524,-7.848939e-10,2.6020643e-09,0.6977563,1
2377671474,2377671087,0.71102417,0.0040069176,-0.002835615,0.7031505,0.71633524,-7.848939e-10,2.6020643e-09,0.6977563,1
2377680368,2377676078,0.7109978,0.003971675,-0.0028596171,0.7031773,0.71633524,-7.848939e-10,2.6020643e-09,0.6977563,1
2377688550,2377686173,0.71093965,0.0038601654,-0.0029438245,0.7032363,0.71633524,-7.848939e-10,2.6020643e-09,0.6977563,1
2377691912,2377691258,0.7109432,0.003818608,-0.0029845242,0.7032327,0.71633524,-7.848939e-10,2.6020643e-09,0.6977563,1
2377696881,2377696275,0.7108127,0.003744709,-0.0029737484,0.70336515,0.71633524,-7.848939e-10,2.6020643e-09,0.6977563,1
2377701890,2377701349,0.71084636,0.003720727,-0.0030541332,0.7033309,0.71633524,-7.848939e-10,2.6020643e-09,0.6977563,1
2377712078,2377711481,0.7108144,0.003598558,-0.003064862,0.7033637,0.71633524,-7.848939e-10,2.6020643e-09,0.6977563,1
2377724662,2377724114,0.71073955,0.003483611,-0.003140203,0.7034396,0.71633524,-7.848939e-10,2.6020643e-09,0.6977563,1
2377733480,2377729359,0.7108108,0.0033889888,-0.0031121196,0.70336825,0.71633524,-7.848939e-10,2.6020643e-09,0.6977563,1
2377735069,2377734285,0.7107769,0.0033583767,-0.0031325861,0.70340246,0.71633524,-7.848939e-10,2.6020643e-09,0.6977563,1
2377739819,2377739255,0.71069854,0.0033431514,-0.003168018,0.7034817,0.71633524,-7.848939e-10,2.6020643e-09,0.6977563,1
2377748617,2377744246,0.71070635,0.0033107458,-0.0031661843,0.7034739,0.71633524,-7.848939e-10,2.6020643e-09,0.6977563,1
2377751225,2377750615,0.71066964,0.0032464066,-0.0031780046,0.70351124,0.71633524,-7.848939e-10,2.6020643e-09,0.6977563,1
2377760000,2377759403,0.7106067,0.003186302,-0.0031960355,0.7035751,0.71633524,-7.848939e-10,2.6020643e-09,0.6977563,1
2377765128,2377764473,0.7105813,0.0030946936,-0.0031593614,0.7036013,0.71633524,-7.848939e-10,2.6020643e-09,0.6977563,1
2377770129,2377769527,0.710547,0.0030780104,-0.0031881046,0.7036359,0.71633524,-7.848939e-10,2.6020643e-09,0.6977563,1
2377775228,2377774536,0.71050066,0.003032266,-0.0031905666,0.7036828,0.71633524,-7.848939e-10,2.6020643e-09,0.6977563,1
2377780337,2377779708,0.7104863,0.0029091346,-0.003099216,0.7036982,0.71633524,-7.848939e-10,2.6020643e-09,0.6977563,1
2377791546,2377789827,0.7104587,0.0028744484,-0.003171013,0.70372593,0.71633524,-7.848939e-10,2.6020643e-09,0.6977563,1
2377795708,2377795065,0.7104572,0.0028277528,-0.0031609938,0.7037277,0.71633524,-7.848939e-10,2.6020643e-09,0.6977563,1
2377800513,2377799914,0.71045965,0.0027930662,-0.0031805004,0.7037253,0.71633524,-7.848939e-10,2.6020643e-09,0.6977563,1
2377805651,2377804941,0.71045816,0.002777766,-0.0031528422,0.70372695,0.71633524,-7.848939e-10,2.6020643e-09,0.6977563,1
2377810872,2377809934,0.71042144,0.0027099843,-0.0030796854,0.70376456,0.71633524,-7.848939e-10,2.6020643e-09,0.6977563,1
2377815671,2377815003,0.710404,0.0026524817,-0.0030253928,0.7037827,0.71633524,-7.848939e-10,2.6020643e-09,0.6977563,1
2377820745,2377820228,0.7104402,0.0026086557,-0.0029655958,0.70374656,0.71633524,-7.848939e-10,2.6020643e-09,0.6977563,1
2377825730,2377825118,0.71037817,0.0025487486,-0.0028398933,0.70381,0.71633524,-7.848939e-10,2.6020643e-09,0.6977563,1
2377835986,2377835330,0.71042603,0.00252945,-0.0027994807,0.7037619,0.71633524,-7.848939e-10,2.6020643e-09,0.6977563,1
2377841085,2377840391,0.7103412,0.0025018144,-0.0027282878,0.7038478,0.71633524,-7.848939e-10,2.6020643e-09,0.6977563,1
2377851031,2377845285,0.7103221,0.0025019168,-0.0027144912,0.70386714,0.71633524,-7.848939e-10,2.6020643e-09,0.6977563,1
2377856456,2377855684,0.71036696,0.002516273,-0.0026749708,0.70382196,0.71633524,-7.848939e-10,2.6020643e-09,0.6977563,1
2377866199,2377864280,0.710274,0.0025749553,-0.0027031668,0.7039155,0.71633524,-7.848939e-10,2.6020643e-09,0.6977563,1
2377869840,2377869320,0.71026796,0.0025936114,-0.0026889353,0.70392156,0.71633524,-7.848939e-10,2.6020643e-09,0.6977563,1
2377878776,2377874339,0.71034825,0.0025160084,-0.0025849752,0.70384115,0.71633524,-7.848939e-10,2.6020643e-09,0.6977563,1
2377880005,2377879596,0.7102849,0.0025010558,-0.0025772846,0.7039052,0.71633524,-7.848939e-10,2.6020643e-09,0.6977563,1
2377885153,2377884496,0.71026224,0.0024719236,-0.002532277,0.7039283,0.71633524,-7.848939e-10,2.6020643e-09,0.6977563,1
2377893875,2377889555,0.7103073,0.0024187393,-0.0024593812,0.7038833,0.71633524,-7.848939e-10,2.6020643e-09,0.6977563,1
2377895909,2377894952,0.71024984,0.0024013063,-0.0024392619,0.7039414,0.71633524,-7.848939e-10,2.6020643e-09,0.6977563,1
2377900554,2377899926,0.7102579,0.0024224971,-0.0024153923,0.70393324,0.71633524,-7.848939e-10,2.6020643e-09,0.6977563,1
2377911587,2377911039,0.7102715,0.0024647226,-0.0023924056,0.70391953,0.71633524,-7.848939e-10,2.6020643e-09,0.6977563,1
2377920413,2377919910,0.71022826,0.0024696575,-0.002348632,0.7039633,0.71633524,-7.848939e-10,2.6020643e-09,0.6977563,1
2377925479,2377924864,0.71023005,0.0024726875,-0.002356381,0.7039614,0.71633524,-7.848939e-10,2.6020643e-09,0.6977563,1
2377935600,2377934977,0.7101993,0.0025592716,-0.0023872412,0.70399195,0.71633524,-7.848939e-10,2.6020643e-09,0.6977563,1
2377940878,2377940041,0.710209,0.0025708713,-0.002395293,0.7039822,0.71633524,-7.848939e-10,2.6020643e-09,0.6977563,1
2377945739,2377945148,0.7102111,0.0026169394,-0.0024135835,0.70397985,0.71633524,-7.848939e-10,2.6020643e-09,0.6977563,1
2377950742,2377950195,0.7101721,0.0026197976,-0.0023487534,0.7040193,0.71633524,-7.848939e-10,2.6020643e-09,0.6977563,1
2377960880,2377955241,0.7101555,0.0025778685,-0.0023194014,0.70403636,0.71633524,-7.848939e-10,2.6020643e-09,0.6977563,1
2377968084,2377967536,0.71010536,0.0025073176,-0.002229171,0.70408756,0.71633524,-7.848939e-10,2.6020643e-09,0.6977563,1
2377972386,2377971774,0.7101223,0.0024773949,-0.0022006463,0.7040707,0.71633524,-7.848939e-10,2.6020643e-09,0.6977563,1
2377982455,2377980532,0.7101296,0.0024353361,-0.0021449267,0.70406353,0.71633524,-7.848939e-10,2.6020643e-09,0.6977563,1
2377991152,2377990592,0.7101197,0.0023911053,-0.0021510622,0.70407367,0.71633524,-7.848939e-10,2.6020643e-09,0.6977563,1
2377996494,2377995656,0.71016353,0.0024059773,-0.0021427155,0.7040295,0.71633524,-7.848939e-10,2.6020643e-09,0.6977563,1
2378001651,2378001062,0.71009326,0.0023691691,-0.0021489668,0.70410043,0.71633524,-7.848939e-10,2.6020643e-09,0.6977563,1
2378006591,2378005985,0.7101771,0.0024282676,-0.0021887647,0.70401543,0.71633524,-7.848939e-10,2.6020643e-09,0.6977563,1
2378011498,2378010782,0.71017724,0.0024361033,-0.0021924616,0.7040153,0.71633524,-7.848939e-10,2.6020643e-09,0.6977563,1
2378016424,2378015828,0.71014184,0.0024307552,-0.0021945238,0.704051,0.71633524,-7.848939e-10,2.6020643e-09,0.6977563,1
2378027154,2378025999,0.71018964,0.0024671273,-0.0022790916,0.7040025,0.71633524,-7.848939e-10,2.6020643e-09,0.6977563,1
2378031699,2378031109,0.710163,0.00250794,-0.0023498125,0.7040289,0.71633524,-7.848939e-10,2.6020643e-09,0.6977563,1
2378036769,2378036158,0.7101166,0.0025638572,-0.0024674474,0.7040751,0.71633524,-7.848939e-10,2.6020643e-09,0.6977563,1
2378041902,2378041184,0.71013254,0.0025802993,-0.002517099,0.7040588,0.71633524,-7.848939e-10,2.6020643e-09,0.6977563,1
2378051793,2378046159,0.7101217,0.0026028263,-0.0025998917,0.7040694,0.71633524,-7.848939e-10,2.6020643e-09,0.6977563,1
2378058781,2378057639,0.710139,0.0026078043,-0.0027744106,0.70405126,0.71633524,-7.848939e-10,2.6020643e-09,0.6977563,1
2378068478,2378067666,0.7101345,0.00263389,-0.0029075216,0.7040552,0.71633524,-7.848939e-10,2.6020643e-09,0.6977563,1
2378073370,2378072738,0.71014345,0.0026236202,-0.0029599373,0.70404595,0.71633524,-7.848939e-10,2.6020643e-09,0.6977563,1
2378078425,2378077817,0.7101306,0.0026924808,-0.0030634368,0.70405823,0.71633524,-7.848939e-10,2.6020643e-09,0.6977563,1
2378093537,2378092983,0.71013606,0.0027882762,-0.0032012728,0.7040517,0.71633524,-7.848939e-10,2.6020643e-09,0.6977563,1
2378098618,2378097995,0.7100965,0.0028256697,-0.0032464736,0.70409125,0.71633524,-7.848939e-10,2.6020643e-09,0.6977563,1
2378103726,2378103122,0.7100917,0.0027939756,-0.0032952533,0.70409596,0.71633524,-7.848939e-10,2.6020643e-09,0.6977563,1
2378108633,2378108065,0.710123,0.0028446754,-0.003421361,0.70406365,0.71633524,-7.848939e-10,2.6020643e-09,0.6977563,1
2378117454,2378113146,0.7100409,0.0028228213,-0.0034591337,0.7041463,0.71633524,-7.848939e-10,2.6020643e-09,0.6977563,1
2378124061,2378118307,0.71004033,0.0027760265,-0.0035490883,0.7041466,0.71633524,-7.848939e-10,2.6020643e-09,0.6977563,1
2378126109,2378124583,0.71004146,0.0027439478,-0.003679842,0.70414495,0.71633524,-7.848939e-10,2.6020643e-09,0.6977563,1
2378135174,2378134594,0.7100904,0.0026707782,-0.003951373,0.70409435,0.71633524,-7.848939e-10,2.6020643e-09,0.6977563,1
2378140234,2378139681,0.7100787,0.0026568635,-0.0040056417,0.704106,0.71633524,-7.848939e-10,2.6020643e-09,0.6977563,1
2378145305,2378144715,0.7099878,0.002596865,-0.004095514,0.7041974,0.71633524,-7.848939e-10,2.6020643e-09,0.6977563,1
2378156580,2378154856,0.7100229,0.002532923,-0.004228488,0.70416135,0.71633524,-7.848939e-10,2.6020643e-09,0.6977563,1
2378160492,2378159878,0.70995265,0.0024757208,-0.0042906785,0.704232,0.71633524,-7.848939e-10,2.6020643e-09,0.6977563,1
2378165444,2378164913,0.7100123,0.002517742,-0.004386138,0.7041711,0.71633524,-7.848939e-10,2.6020643e-09,0.6977563,1
2378170631,2378170048,0.7099986,0.0024793034,-0.004448872,0.7041847,0.71633524,-7.848939e-10,2.6020643e-09,0.6977563,1
2378175922,2378175240,0.7098735,0.002448158,-0.0044845343,0.7043108,0.71633524,-7.848939e-10,2.6020643e-09,0.6977563,1
2378187653,2378185512,0.70991725,0.0023810384,-0.004546368,0.7042664,0.71633524,-7.848939e-10,2.6020643e-09,0.6977563,1
2378195912,2378195355,0.70988935,0.002341934,-0.004611601,0.70429426,0.71633524,-7.848939e-10,2.6020643e-09,0.6977563,1
2378204711,2378200450,0.70991886,0.0022848842,-0.004572996,0.704265,0.71633524,-7.848939e-10,2.6020643e-09,0.6977563,1
2378205906,2378205475,0.70989203,0.0022539655,-0.004640481,0.7042917,0.71633524,-7.848939e-10,2.6020643e-09,0.6977563,1
2378214941,2378214223,0.70983565,0.002310812,-0.004798844,0.70434725,0.71633524,-7.848939e-10,2.6020643e-09,0.6977563,1
2378219791,2378219245,0.7098402,0.0022859678,-0.0048221783,0.7043426,0.71633524,-7.848939e-10,2.6020643e-09,0.6977563,1
2378230116,2378229364,0.7098116,0.0023866124,-0.004997676,0.7043698,0.71633524,-7.848939e-10,2.6020643e-09,0.6977563,1
2378235084,2378234530,0.70981383,0.0024078414,-0.005016996,0.7043674,0.71633524,-7.848939e-10,2.6020643e-09,0.6977563,1
2378247123,2378245804,0.7097803,0.0025127225,-0.0051387534,0.70439994,0.71633524,-7.848939e-10,2.6020643e-09,0.6977563,1
2378251406,2378250820,0.7097838,0.002501043,-0.005168232,0.7043962,0.71633524,-7.848939e-10,2.6020643e-09,0.6977563,1
2378261683,2378260936,0.709777,0.0025695562,-0.0052232547,0.7044024,0.71633524,-7.848939e-10,2.6020643e-09,0.6977563,1
2378270550,2378266047,0.7097685,0.0025614242,-0.0052237613,0.70441103,0.71633524,-7.848939e-10,2.6020643e-09,0.6977563,1
2378277055,2378276471,0.709784,0.0026646478,-0.0053747646,0.70439386,0.71633524,-7.848939e-10,2.6020643e-09,0.6977563,1
2378281910,2378281240,0.7097735,0.0027003197,-0.005448384,0.7044038,0.71633524,-7.848939e-10,2.6020643e-09,0.6977563,1
2378286979,2378286417,0.7098085,0.002739948,-0.0055515813,0.7043675,0.71633524,-7.848939e-10,2.6020643e-09,0.6977563,1
2378298187,2378297702,0.7098034,0.0028039736,-0.005686397,0.7043713,0.71633524,-7.848939e-10,2.6020643e-09,0.6977563,1
2378307209,2378306418,0.70979613,0.0028572495,-0.0057518706,0.70437795,0.71633524,-7.848939e-10,2.6020643e-09,0.6977563,1
2378312080,2378311536,0.7097208,0.0028771914,-0.005801756,0.7044534,0.71633524,-7.848939e-10,2.6020643e-09,0.6977563,1
2378322112,2378321655,0.7097313,0.0029815235,-0.005893155,0.7044416,0.71633524,-7.848939e-10,2.6020643e-09,0.6977563,1
2378327195,2378326605,0.70966595,0.0030491413,-0.0059405444,0.70450675,0.71633524,-7.848939e-10,2.6020643e-09,0.6977563,1
2378336130,2378331737,0.7096881,0.003135504,-0.005989597,0.7044836,0.71633524,-7.848939e-10,2.6020643e-09,0.6977563,1
2378342533,2378341939,0.7096393,0.0032914488,-0.006044255,0.7045316,0.71633524,-7.848939e-10,2.6020643e-09,0.6977563,1
2378347533,2378346986,0.7096458,0.0033736804,-0.006098305,0.7045242,0.71633524,-7.848939e-10,2.6020643e-09,0.6977563,1
2378352730,2378352131,0.7096959,0.0033963183,-0.0061054905,0.7044736,0.71633524,-7.848939e-10,2.6020643e-09,0.6977563,1
2378357445,2378356967,0.7096829,0.0034326292,-0.006149842,0.704486,0.71633524,-7.848939e-10,2.6020643e-09,0.6977563,1
2378367678,2378367068,0.7096484,0.0035254469,-0.006288285,0.70451915,0.71633524,-7.848939e-10,2.6020643e-09,0.6977563,1
2378372975,2378372315,0.70965564,0.0035533174,-0.006382336,0.70451087,0.71633524,-7.848939e-10,2.6020643e-09,0.6977563,1
2378382810,2378377163,0.709636,0.0035879733,-0.0064411587,0.70452994,0.71633524,-7.848939e-10,2.6020643e-09,0.6977563,1
2378385246,2378383578,0.70965946,0.0035957487,-0.0064961594,0.7045058,0.71633524,-7.848939e-10,2.6020643e-09,0.6977563,1
2378389070,2378388552,0.7096205,0.0036466534,-0.0066040875,0.70454377,0.71633524,-7.848939e-10,2.6020643e-09,0.6977563,1
2378394185,2378393589,0.7096093,0.0036682177,-0.0065476233,0.70455545,0.71633524,-7.848939e-10,2.6020643e-09,0.6977563,1
2378403178,2378398784,0.7096175,0.0036457467,-0.0065790405,0.70454705,0.71633524,-7.848939e-10,2.6020643e-09,0.6977563,1
2378409488,2378408811,0.70961756,0.0037038303,-0.006588986,0.70454663,0.71633524,-7.848939e-10,2.6020643e-09,0.6977563,1
2378414397,2378413804,0.7096286,0.0036814045,-0.0065805907,0.7045357,0.71633524,-7.848939e-10,2.6020643e-09,0.6977563,1
2378425749,2378425197,0.70965105,0.0037877734,-0.0065858257,0.70451236,0.71633524,-7.848939e-10,2.6020643e-09,0.6977563,1
2378430769,2378430221,0.70968187,0.0038672204,-0.0066101328,0.7044807,0.71633524,-7.848939e-10,2.6020643e-09,0.6977563,1
2378435936,2378435306,0.70962656,0.0039039792,-0.006555113,0.7045367,0.71633524,-7.848939e-10,2.6020643e-09,0.6977563,1
2378441030,2378440453,0.70963323,0.003968452,-0.006595716,0.7045292,0.71633524,-7.848939e-10,2.6020643e-09,0.6977563,1
2378446236,2378445379,0.7096908,0.0040489957,-0.0066098277,0.7044707,0.71633524,-7.848939e-10,2.6020643e-09,0.6977563,1
2378454782,2378451308,0.70963734,0.004121042,-0.0066007706,0.70452416,0.71633524,-7.848939e-10,2.6020643e-09,0.6977563,1
2378455992,2378455610,0.70963675,0.004211758,-0.006643926,0.70452386,0.71633524,-7.848939e-10,2.6020643e-09,0.6977563,1
2378461454,2378460540,0.70967036,0.0043072747,-0.0066780327,0.7044892,0.71633524,-7.848939e-10,2.6020643e-09,0.6977563,1
2378470137,2378465624,0.7096542,0.004387069,-0.0066984533,0.70450467,0.71633524,-7.848939e-10,2.6020643e-09,0.6977563,1
2378472395,2378470699,0.7096281,0.0045128036,-0.006779864,0.70452946,0.71633524,-7.848939e-10,2.6020643e-09,0.6977563,1
2378481435,2378480834,0.7097006,0.0046680975,-0.006845756,0.7044547,0.71633524,-7.848939e-10,2.6020643e-09,0.6977563,1
2378492353,2378491064,0.70966417,0.004833931,-0.0069043674,0.7044897,0.71633524,-7.848939e-10,2.6020643e-09,0.6977563,1
2378503476,2378502817,0.70967305,0.0049336297,-0.0068651405,0.7044805,0.71633524,-7.848939e-10,2.6020643e-09,0.6977563,1
2378513053,2378512291,0.70965594,0.0049975924,-0.006832723,0.7044976,0.71633524,-7.848939e-10,2.6020643e-09,0.6977563,1
2378521763,2378517374,0.7096504,0.0050977455,-0.006823468,0.7045026,0.71633524,-7.848939e-10,2.6020643e-09,0.6977563,1
2378523064,2378522590,0.7096424,0.0051317518,-0.006796179,0.7045106,0.71633524,-7.848939e-10,2.6020643e-09,0.6977563,1
2378533269,2378532564,0.709663,0.005368409,-0.0068636276,0.7044875,0.71633524,-7.848939e-10,2.6020643e-09,0.6977563,1
2378544249,2378542836,0.7096764,0.0055460264,-0.0069020945,0.7044722,0.71633524,-7.848939e-10,2.6020643e-09,0.6977563,1
2378548419,2378547774,0.709668,0.0056399303,-0.006925971,0.7044797,0.71633524,-7.848939e-10,2.6020643e-09,0.6977563,1
2378558683,2378556616,0.7096416,0.005740016,-0.0069279512,0.70450544,0.71633524,-7.848939e-10,2.6020643e-09,0.6977563,1
2378562123,2378561579,0.70966774,0.0058232835,-0.0069877016,0.7044778,0.71633524,-7.848939e-10,2.6020643e-09,0.6977563,1
2378572255,2378571683,0.7096431,0.005972767,-0.006999009,0.7045013,0.71633524,-7.848939e-10,2.6020643e-09,0.6977563,1
2378577735,2378576776,0.7096781,0.0060813813,-0.0070703113,0.7044644,0.71633524,-7.848939e-10,2.6020643e-09,0.6977563,1
2378588634,2378588147,0.7096796,0.006289051,-0.0071056844,0.7044607,0.71633524,-7.848939e-10,2.6020643e-09,0.6977563,1
2378598883,2378596997,0.7097116,0.006447766,-0.007111379,0.704427,0.71633524,-7.848939e-10,2.6020643e-09,0.6977563,1
2378607735,2378605806,0.7096371,0.0066349935,-0.007128152,0.7045002,0.71633524,-7.848939e-10,2.6020643e-09,0.6977563,1
2378616697,2378615953,0.7097805,0.006862118,-0.0071337824,0.70435345,0.71633524,-7.848939e-10,2.6020643e-09,0.6977563,1
2378626995,2378626479,0.70972013,0.0070727076,-0.007153003,0.704412,0.71633524,-7.848939e-10,2.6020643e-09,0.6977563,1
2378636839,2378636239,0.70968574,0.0072218534,-0.007133013,0.70444524,0.71633524,-7.848939e-10,2.6020643e-09,0.6977563,1
2378645604,2378641470,0.7096977,0.0073715136,-0.007179622,0.70443124,0.71633524,-7.848939e-10,2.6020643e-09,0.6977563,1
2378652082,2378651261,0.70976293,0.0074086823,-0.0071103717,0.7043658,0.71633524,-7.848939e-10,2.6020643e-09,0.6977563,1
2378656969,2378656365,0.7096961,0.007531973,-0.007211879,0.70443076,0.71633524,-7.848939e-10,2.6020643e-09,0.6977563,1
2378665728,2378665181,0.7097308,0.007549367,-0.0071839197,0.7043959,0.71633524,-7.848939e-10,2.6020643e-09,0.6977563,1
2378677471,2378676850,0.70972735,0.007636365,-0.007305083,0.70439726,0.71633524,-7.848939e-10,2.6020643e-09,0.6977563,1
2378681179,2378680429,0.7097123,0.0076837786,-0.007303295,0.70441186,0.71633524,-7.848939e-10,2.6020643e-09,0.6977563,1
2378692121,2378691718,0.7097069,0.0077827014,-0.0073071956,0.7044163,0.71633524,-7.848939e-10,2.6020643e-09,0.6977563,1
2378697321,2378696736,0.7097071,0.0077986754,-0.0072768074,0.7044162,0.71633524,-7.848939e-10,2.6020643e-09,0.6977563,1
2378706298,2378705682,0.70969766,0.007955013,-0.007250436,0.70442414,0.71633524,-7.848939e-10,2.6020643e-09,0.6977563,1
2378711281,2378710702,0.70965844,0.008087506,-0.0072052763,0.70446265,0.71633524,-7.848939e-10,2.6020643e-09,0.6977563,1
2378716185,2378715674,0.7096136,0.00814557,-0.007111224,0.70450807,0.71633524,-7.848939e-10,2.6020643e-09,0.6977563,1
2378726491,2378725915,0.7096566,0.008383201,-0.007047345,0.7044627,0.71633524,-7.848939e-10,2.6020643e-09,0.6977563,1
2378731729,2378730847,0.7095379,0.00841645,-0.006939532,0.7045829,0.71633524,-7.848939e-10,2.6020643e-09,0.6977563,1
2378744340,2378743607,0.7094779,0.008531978,-0.006763753,0.7046436,0.71633524,-7.848939e-10,2.6020643e-09,0.6977563,1
2378748046,2378747475,0.70948076,0.008582658,-0.006751658,0.70464027,0.71633524,-7.848939e-10,2.6020643e-09,0.6977563,1
2378753067,2378752328,0.7094955,0.008585326,-0.0066966675,0.7046259,0.71633524,-7.848939e-10,2.6020643e-09,0.6977563,1
2378764544,2378762527,0.7094189,0.008609708,-0.0066422164,0.7047032,0.71633524,-7.848939e-10,2.6020643e-09,0.6977563,1
2378768244,2378767558,0.70947415,0.008608895,-0.006624414,0.70464784,0.71633524,-7.848939e-10,2.6020643e-09,0.6977563,1
2378773149,2378772596,0.7093973,0.008625458,-0.006649344,0.70472467,0.71633524,-7.848939e-10,2.6020643e-09,0.6977563,1
2378783221,2378777750,0.7093534,0.008609517,-0.0067085903,0.7047686,0.71633524,-7.848939e-10,2.6020643e-09,0.6977563,1
2378785032,2378784177,0.7093684,0.008601575,-0.006754441,0.70475316,0.71633524,-7.848939e-10,2.6020643e-09,0.6977563,1
2378789577,2378788973,0.70935255,0.008606807,-0.0068087135,0.7047685,0.71633524,-7.848939e-10,2.6020643e-09,0.6977563,1
2378799814,2378799162,0.709411,0.008617316,-0.0068389154,0.7047092,0.71633524,-7.848939e-10,2.6020643e-09,0.6977563,1
2378804551,2378804105,0.70937383,0.008629469,-0.006834642,0.7047465,0.71633524,-7.848939e-10,2.6020643e-09,0.6977563,1
2378813571,2378809378,0.70944756,0.008617861,-0.006842512,0.7046723,0.71633524,-7.848939e-10,2.6020643e-09,0.6977563,1
2378814832,2378814307,0.7094381,0.008587805,-0.0067801913,0.7046828,0.71633524,-7.848939e-10,2.6020643e-09,0.6977563,1
2378820189,2378819318,0.70941347,0.008576536,-0.006783262,0.70470774,0.71633524,-7.848939e-10,2.6020643e-09,0.6977563,1
2378828831,2378824372,0.70942926,0.008547282,-0.0067604,0.70469236,0.71633524,-7.848939e-10,2.6020643e-09,0.6977563,1
2378831099,2378829394,0.7094442,0.008497955,-0.006724886,0.70467824,0.71633524,-7.848939e-10,2.6020643e-09,0.6977563,1
2378835035,2378834456,0.70944995,0.008473783,-0.0067364005,0.70467275,0.71633524,-7.848939e-10,2.6020643e-09,0.6977563,1
2378840314,2378839614,0.7094244,0.008487645,-0.00674226,0.70469826,0.71633524,-7.848939e-10,2.6020643e-09,0.6977563,1
2378845232,2378844550,0.70946485,0.008441144,-0.0066697653,0.70465875,0.71633524,-7.848939e-10,2.6020643e-09,0.6977563,1
2378855159,2378849644,0.70947665,0.008453782,-0.0066561466,0.7046469,0.71633524,-7.848939e-10,2.6020643e-09,0.6977563,1
2378856499,2378856035,0.7095053,0.008434951,-0.006537821,0.7046193,0.71633524,-7.848939e-10,2.6020643e-09,0.6977563,1
2378861627,2378861019,0.70951986,0.008436133,-0.006528063,0.70460474,0.71633524,-7.848939e-10,2.6020643e-09,0.6977563,1
2378866611,2378866112,0.70951253,0.008479338,-0.0064747366,0.7046121,0.71633524,-7.848939e-10,2.6020643e-09,0.6977563,1
2378875474,2378871139,0.7095085,0.008437304,-0.0064135212,0.70461726,0.71633524,-7.848939e-10,2.6020643e-09,0.6977563,1
2378881895,2378881328,0.7095505,0.008457601,-0.0064078257,0.70457476,0.71633524,-7.848939e-10,2.6020643e-09,0.6977563,1
2378886802,2378886309,0.70950925,0.008458406,-0.0063788416,0.70461655,0.71633524,-7.848939e-10,2.6020643e-09,0.6977563,1
2378898794,2378896387,0.7095838,0.008514872,-0.006432686,0.70454025,0.71633524,-7.848939e-10,2.6020643e-09,0.6977563,1
2378902152,2378901421,0.7095444,0.008528416,-0.0063713933,0.70458037,0.71633524,-7.848939e-10,2.6020643e-09,0.6977563,1
2378907579,2378906492,0.7095473,0.0085311625,-0.006315456,0.7045779,0.71633524,-7.848939e-10,2.6020643e-09,0.6977563,1
2378912023,2378911488,0.70959175,0.0085686995,-0.006279789,0.70453304,0.71633524,-7.848939e-10,2.6020643e-09,0.6977563,1
2378917045,2378916535,0.7095423,0.0085525885,-0.006128809,0.70458436,0.71633524,-7.848939e-10,2.6020643e-09,0.6977563,1
2378922184,2378921669,0.70953107,0.008556849,-0.0060588415,0.70459616,0.71633524,-7.848939e-10,2.6020643e-09,0.6977563,1
2378932453,2378931979,0.70960104,0.008581945,-0.005896046,0.7045268,0.71633524,-7.848939e-10,2.6020643e-09,0.6977563,1
2378942400,2378936737,0.70959944,0.008610596,-0.0058218935,0.7045287,0.71633524,-7.848939e-10,2.6020643e-09,0.6977563,1
2378943636,2378943201,0.70963717,0.008635977,-0.005674535,0.70449156,0.71633524,-7.848939e-10,2.6020643e-09,0.6977563,1
2378948638,2378948141,0.70959,0.008659375,-0.0056043444,0.7045393,0.71633524,-7.848939e-10,2.6020643e-09,0.6977563,1
2378958795,2378953211,0.7096166,0.008676696,-0.005530131,0.70451295,0.71633524,-7.848939e-10,2.6020643e-09,0.6977563,1
2378960670,2378958375,0.7096372,0.00865021,-0.005432949,0.7044932,0.71633524,-7.848939e-10,2.6020643e-09,0.6977563,1
2378968992,2378968345,0.7095333,0.008641994,-0.0053225798,0.7045989,0.71633524,-7.848939e-10,2.6020643e-09,0.6977563,1
2378973956,2378973380,0.70961535,0.008626537,-0.0052576326,0.70451695,0.71633524,-7.848939e-10,2.6020643e-09,0.6977563,1
2378982654,2378982202,0.70955414,0.008618155,-0.005165078,0.7045793,0.71633524,-7.848939e-10,2.6020643e-09,0.6977563,1
2378987721,2378987254,0.70956,0.008654,-0.005116188,0.70457345,0.71633524,-7.848939e-10,2.6020643e-09,0.6977563,1
2378999317,2378998898,0.70954776,0.008714423,-0.00499198,0.70458585,0.71633524,-7.848939e-10,2.6020643e-09,0.6977563,1
2379004120,2379003709,0.709565,0.008688669,-0.004880752,0.7045696,0.71633524,-7.848939e-10,2.6020643e-09,0.6977563,1
2379009379,2379008780,0.709578,0.008678286,-0.004781228,0.70455724,0.71633524,-7.848939e-10,2.6020643e-09,0.6977563,1
2379014475,2379013909,0.7095357,0.0087083625,-0.0047234152,0.70459986,0.71633524,-7.848939e-10,2.6020643e-09,0.6977563,1
2379019673,2379019042,0.7095474,0.008647812,-0.0045518647,0.70459,0.71633524,-7.848939e-10,2.6020643e-09,0.6977563,1
2379024409,2379023892,0.70956,0.008614109,-0.0044617886,0.70457834,0.71633524,-7.848939e-10,2.6020643e-09,0.6977563,1
2379029581,2379029007,0.7095024,0.008605315,-0.0044417307,0.7046365,0.71633524,-7.848939e-10,2.6020643e-09,0.6977563,1
2379034757,2379034187,0.7095099,0.008567178,-0.0043223267,0.70463026,0.71633524,-7.848939e-10,2.6020643e-09,0.6977563,1
2379039923,2379039222,0.7095266,0.008496865,-0.0042451154,0.70461476,0.71633524,-7.848939e-10,2.6020643e-09,0.6977563,1
2379044728,2379044201,0.7095296,0.008484677,-0.0042021847,0.7046121,0.71633524,-7.848939e-10,2.6020643e-09,0.6977563,1
2379054827,2379054429,0.7095438,0.008409577,-0.004033443,0.70459956,0.71633524,-7.848939e-10,2.6020643e-09,0.6977563,1
2379060026,2379059360,0.7095758,0.008431579,-0.004001798,0.7045673,0.71633524,-7.848939e-10,2.6020643e-09,0.6977563,1
2379064855,2379064344,0.709577,0.008392788,-0.00392668,0.70456696,0.71633524,-7.848939e-10,2.6020643e-09,0.6977563,1
2379075017,2379069407,0.7095355,0.008298022,-0.0038039882,0.7046106,0.71633524,-7.848939e-10,2.6020643e-09,0.6977563,1
2379081936,2379079499,0.7096076,0.0082097035,-0.0036675837,0.7045398,0.71633524,-7.848939e-10,2.6020643e-09,0.6977563,1
2379085053,2379084594,0.70958376,0.008120436,-0.0035561777,0.70456535,0.71633524,-7.848939e-10,2.6020643e-09,0.6977563,1
2379090124,2379089607,0.7096655,0.008099633,-0.003516661,0.7044835,0.71633524,-7.848939e-10,2.6020643e-09,0.6977563,1
2379102002,2379101306,0.709716,0.008082512,-0.0033564668,0.7044335,0.71633524,-7.848939e-10,2.6020643e-09,0.6977563,1
2379106657,2379106087,0.7097388,0.008058228,-0.0032557377,0.7044114,0.71633524,-7.848939e-10,2.6020643e-09,0.6977563,1
2379123010,2379122440,0.709771,0.007966178,-0.0029669085,0.7043812,0.71633524,-7.848939e-10,2.6020643e-09,0.6977563,1
2379128081,2379127539,0.7097654,0.007940119,-0.0029039993,0.7043875,0.71633524,-7.848939e-10,2.6020643e-09,0.6977563,1
2379133206,2379132561,0.70982987,0.0079015335,-0.002793388,0.7043233,0.71633524,-7.848939e-10,2.6020643e-09,0.6977563,1
2379138281,2379137620,0.70980555,0.00785734,-0.0027238044,0.7043486,0.71633524,-7.848939e-10,2.6020643e-09,0.6977563,1
2379154703,2379154089,0.70976704,0.007841955,-0.0024924532,0.70438844,0.71633524,-7.848939e-10,2.6020643e-09,0.6977563,1
2379159563,2379159106,0.70980686,0.007824762,-0.0023924946,0.70434886,0.71633524,-7.848939e-10,2.6020643e-09,0.6977563,1
2379164787,2379164170,0.7098101,0.0077355835,-0.0022522975,0.7043471,0.71633524,-7.848939e-10,2.6020643e-09,0.6977563,1
2379169662,2379169188,0.70977914,0.007757598,-0.0021738152,0.7043783,0.71633524,-7.848939e-10,2.6020643e-09,0.6977563,1
2379179880,2379179459,0.7098021,0.0077190027,-0.0019221362,0.7043563,0.71633524,-7.848939e-10,2.6020643e-09,0.6977563,1
2379185082,2379184446,0.70980835,0.0077549866,-0.0018579256,0.7043498,0.71633524,-7.848939e-10,2.6020643e-09,0.6977563,1
2379189923,2379189427,0.7097818,0.0077631907,-0.0017524003,0.70437664,0.71633524,-7.848939e-10,2.6020643e-09,0.6977563,1
2379198777,2379194653,0.7097715,0.007684013,-0.0015851986,0.7043884,0.71633524,-7.848939e-10,2.6020643e-09,0.6977563,1
2379211446,2379210904,0.7097475,0.0077583753,-0.001365033,0.7044122,0.71633524,-7.848939e-10,2.6020643e-09,0.6977563,1
2379216585,2379215940,0.70970243,0.007773183,-0.001271703,0.7044576,0.71633524,-7.848939e-10,2.6020643e-09,0.6977563,1
2379221605,2379221044,0.7096824,0.0077788085,-0.0012042287,0.70447785,0.71633524,-7.848939e-10,2.6020643e-09,0.6977563,1
2379226652,2379226064,0.70968443,0.0077733975,-0.0011882233,0.7044759,0.71633524,-7.848939e-10,2.6020643e-09,0.6977563,1
2379231782,2379231202,0.70967406,0.0077734995,-0.0010896081,0.7044864,0.71633524,-7.848939e-10,2.6020643e-09,0.6977563,1
2379237109,2379236488,0.7096115,0.007744111,-0.0010026348,0.70455,0.71633524,-7.848939e-10,2.6020643e-09,0.6977563,1
2379241852,2379241243,0.70960987,0.007709828,-0.0009388668,0.70455205,0.71633524,-7.848939e-10,2.6020643e-09,0.6977563,1
2379246945,2379246262,0.7096457,0.0077133174,-0.00088431226,0.704516,0.71633524,-7.848939e-10,2.6020643e-09,0.6977563,1
2379251900,2379251357,0.7095906,0.0076688556,-0.00078583526,0.70457214,0.71633524,-7.848939e-10,2.6020643e-09,0.6977563,1
2379260773,2379256757,0.7095745,0.0076540234,-0.0007374842,0.7045885,0.71633524,-7.848939e-10,2.6020643e-09,0.6977563,1
2379268558,2379266534,0.70953155,0.007552442,-0.00055713585,0.70463306,0.71633524,-7.848939e-10,2.6020643e-09,0.6977563,1
2379272038,2379271533,0.7095079,0.007500434,-0.00048719556,0.70465744,0.71633524,-7.848939e-10,2.6020643e-09,0.6977563,1
2379282107,2379281675,0.7095577,0.0073852492,-0.00030993015,0.70460856,0.71633524,-7.848939e-10,2.6020643e-09,0.6977563,1
2379298636,2379298066,0.70948327,0.0072389646,-8.7493725e-05,0.7046851,0.71633524,-7.848939e-10,2.6020643e-09,0.6977563,1
2379310794,2379310275,0.7093984,0.007244564,1.5806238e-06,0.70477057,0.71633524,-7.848939e-10,2.6020643e-09,0.6977563,1
2379315462,2379314492,0.70938194,0.0072550555,3.4015946e-05,0.70478696,0.71633524,-7.848939e-10,2.6020643e-09,0.6977563,1
2379325128,2379324725,0.7093463,0.0073280972,7.763772e-05,0.70482206,0.71633524,-7.848939e-10,2.6020643e-09,0.6977563,1
2379335244,2379334740,0.70934504,0.0073858285,0.00016197725,0.7048227,0.71633524,-7.848939e-10,2.6020643e-09,0.6977563,1
2379340102,2379339706,0.70932645,0.007393869,0.0001941805,0.7048413,0.71633524,-7.848939e-10,2.6020643e-09,0.6977563,1
2379345147,2379344763,0.70931625,0.007418252,0.00022410427,0.7048513,0.71633524,-7.848939e-10,2.6020643e-09,0.6977563,1
2379356505,2379356143,0.70930845,0.007296817,0.00035281782,0.70486045,0.71633524,-7.848939e-10,2.6020643e-09,0.6977563,1
2379361545,2379361188,0.70930415,0.007197007,0.00046398936,0.70486563,0.71633524,-7.848939e-10,2.6020643e-09,0.6977563,1
2379366567,2379366236,0.70930725,0.0070976936,0.0004989504,0.7048636,0.71633524,-7.848939e-10,2.6020643e-09,0.6977563,1
2379377583,2379376397,0.709286,0.0069920016,0.0006197701,0.70488596,0.71633524,-7.848939e-10,2.6020643e-09,0.6977563,1
2379386918,2379386442,0.7093008,0.0069322796,0.0006771061,0.70487154,0.71633524,-7.848939e-10,2.6020643e-09,0.6977563,1
2379391940,2379391484,0.70928675,0.0069091963,0.000752264,0.70488584,0.71633524,-7.848939e-10,2.6020643e-09,0.6977563,1
2379401987,2379401610,0.70930725,0.0068738256,0.000836377,0.70486546,0.71633524,-7.848939e-10,2.6020643e-09,0.6977563,1
2379412215,2379406690,0.70930684,0.006857438,0.0009203505,0.70486593,0.71633524,-7.848939e-10,2.6020643e-09,0.6977563,1
2379417199,2379416757,0.709311,0.0067822384,0.0010369384,0.7048623,0.71633524,-7.848939e-10,2.6020643e-09,0.6977563,1
2379426074,2379421812,0.70929885,0.0067634457,0.001096108,0.7048747,0.71633524,-7.848939e-10,2.6020643e-09,0.6977563,1
2379432334,2379430664,0.709248,0.0066846553,0.0011806292,0.70492643,0.71633524,-7.848939e-10,2.6020643e-09,0.6977563,1
2379436125,2379435705,0.70927674,0.0066724303,0.0011486489,0.7048977,0.71633524,-7.848939e-10,2.6020643e-09,0.6977563,1
2379445073,2379444581,0.7093089,0.00661558,0.0011782069,0.70486575,0.71633524,-7.848939e-10,2.6020643e-09,0.6977563,1
2379450059,2379449627,0.7092707,0.0066046678,0.0011484574,0.7049044,0.71633524,-7.848939e-10,2.6020643e-09,0.6977563,1
2379460135,2379459742,0.7093259,0.0065738163,0.0011510719,0.7048492,0.71633524,-7.848939e-10,2.6020643e-09,0.6977563,1
2379470205,2379464798,0.709282,0.0065270043,0.0011461814,0.70489377,0.71633524,-7.848939e-10,2.6020643e-09,0.6977563,1
2379471475,2379469838,0.7092577,0.0064971377,0.0011649288,0.7049184,0.71633524,-7.848939e-10,2.6020643e-09,0.6977563,1
2379475272,2379474902,0.7093034,0.006417769,0.0012155804,0.704873,0.71633524,-7.848939e-10,2.6020643e-09,0.6977563,1
2379480269,2379479936,0.7092856,0.006348131,0.001269346,0.7048915,0.71633524,-7.848939e-10,2.6020643e-09,0.6977563,1
2379485348,2379484984,0.7092592,0.006315473,0.0012956084,0.7049183,0.71633524,-7.848939e-10,2.6020643e-09,0.6977563,1
2379495518,2379490051,0.7093256,0.0062812907,0.0013536273,0.70485175,0.71633524,-7.848939e-10,2.6020643e-09,0.6977563,1
2379496711,2379496365,0.7092799,0.0062459144,0.0013767644,0.70489794,0.71633524,-7.848939e-10,2.6020643e-09,0.6977563,1
2379501730,2379501396,0.70932907,0.0062329415,0.001396038,0.7048485,0.71633524,-7.848939e-10,2.6020643e-09,0.6977563,1
2379506850,2379506459,0.70932955,0.0062045623,0.0014124223,0.70484835,0.71633524,-7.848939e-10,2.6020643e-09,0.6977563,1
2379511828,2379511496,0.70931697,0.0062396633,0.0013559744,0.7048608,0.71633524,-7.848939e-10,2.6020643e-09,0.6977563,1
2379516931,2379516566,0.70931697,0.0062361322,0.0013315266,0.7048608,0.71633524,-7.848939e-10,2.6020643e-09,0.6977563,1
2379527125,2379521599,0.7093424,0.0061769504,0.0013515466,0.7048358,0.71633524,-7.848939e-10,2.6020643e-09,0.6977563,1
2379533521,2379532975,0.7093486,0.006103948,0.0013262543,0.7048302,0.71633524,-7.848939e-10,2.6020643e-09,0.6977563,1
2379538399,2379538043,0.70933455,0.0060804817,0.0012587674,0.7048447,0.71633524,-7.848939e-10,2.6020643e-09,0.6977563,1
2379548669,2379548208,0.70933974,0.0059878733,0.0012915556,0.7048402,0.71633524,-7.848939e-10,2.6020643e-09,0.6977563,1
2379553659,2379553223,0.7093363,0.0059027993,0.0012864978,0.70484436,0.71633524,-7.848939e-10,2.6020643e-09,0.6977563,1
2379558627,2379558258,0.70933783,0.005827809,0.0013143894,0.70484334,0.71633524,-7.848939e-10,2.6020643e-09,0.6977563,1
2379563750,2379563298,0.7093172,0.0057052895,0.0013814239,0.704865,0.71633524,-7.848939e-10,2.6020643e-09,0.6977563,1
2379573748,2379568347,0.70933163,0.00561416,0.0013972161,0.7048512,0.71633524,-7.848939e-10,2.6020643e-09,0.6977563,1
2379575085,2379574700,0.7092937,0.0055152555,0.0014529419,0.70489,0.71633524,-7.848939e-10,2.6020643e-09,0.6977563,1
2379585254,2379583510,0.70931214,0.005471448,0.0014398225,0.7048719,0.71633524,-7.848939e-10,2.6020643e-09,0.6977563,1
2379588904,2379588554,0.709328,0.0054873293,0.0014241918,0.70485586,0.71633524,-7.848939e-10,2.6020643e-09,0.6977563,1
2379597799,2379597430,0.70927984,0.005488021,0.0014443853,0.7049043,0.71633524,-7.848939e-10,2.6020643e-09,0.6977563,1
2379606632,2379602496,0.70927083,0.0055023353,0.0014104041,0.7049133,0.71633524,-7.848939e-10,2.6020643e-09,0.6977563,1
2379608069,2379607619,0.7093104,0.0055222306,0.0014081512,0.70487326,0.71633524,-7.848939e-10,2.6020643e-09,0.6977563,1
2379613125,2379612688,0.7092727,0.0055035437,0.0014485439,0.70491135,0.71633524,-7.848939e-10,2.6020643e-09,0.6977563,1
2379624528,2379624107,0.7092858,0.005446368,0.0014386809,0.7048986,0.71633524,-7.848939e-10,2.6020643e-09,0.6977563,1
2379633319,2379632850,0.7092117,0.0053668735,0.0013937592,0.7049738,0.71633524,-7.848939e-10,2.6020643e-09,0.6977563,1
2379638477,2379637882,0.7092781,0.0053049405,0.0013774267,0.7049075,0.71633524,-7.848939e-10,2.6020643e-09,0.6977563,1
2379643652,2379643118,0.70928264,0.0052446593,0.0013406747,0.7049034,0.71633524,-7.848939e-10,2.6020643e-09,0.6977563,1
2379648559,2379647990,0.7092144,0.0051719933,0.0013258766,0.70497274,0.71633524,-7.848939e-10,2.6020643e-09,0.6977563,1
2379653641,2379653029,0.7092406,0.0051188446,0.0012864769,0.7049468,0.71633524,-7.848939e-10,2.6020643e-09,0.6977563,1
2379658981,2379658070,0.7092843,0.00499772,0.0012920621,0.7049037,0.71633524,-7.848939e-10,2.6020643e-09,0.6977563,1
2379663889,2379663314,0.7092162,0.0049136695,0.001261911,0.7049728,0.71633524,-7.848939e-10,2.6020643e-09,0.6977563,1
2379674955,2379673296,0.70920587,0.00476624,0.0012072857,0.7049843,0.71633524,-7.848939e-10,2.6020643e-09,0.6977563,1
2379678885,2379678352,0.7091623,0.004722731,0.0011454534,0.70502853,0.71633524,-7.848939e-10,2.6020643e-09,0.6977563,1
2379683918,2379683402,0.7091384,0.0046813264,0.0011229896,0.7050529,0.71633524,-7.848939e-10,2.6020643e-09,0.6977563,1
2379694167,2379688448,0.7091543,0.004626036,0.001140997,0.70503724,0.71633524,-7.848939e-10,2.6020643e-09,0.6977563,1
2379701244,2379699997,0.70914567,0.0045308066,0.0010926529,0.7050467,0.71633524,-7.848939e-10,2.6020643e-09,0.6977563,1
2379705514,2379704883,0.7091172,0.0045043267,0.0010235888,0.70507556,0.71633524,-7.848939e-10,2.6020643e-09,0.6977563,1
2379710587,2379709959,0.7090892,0.004529462,0.00096462196,0.70510364,0.71633524,-7.848939e-10,2.6020643e-09,0.6977563,1
2379720655,2379720058,0.7090705,0.004444806,0.00094337197,0.705123,0.71633524,-7.848939e-10,2.6020643e-09,0.6977563,1
2379725667,2379725074,0.70909363,0.0044468855,0.00086319295,0.7050999,0.71633524,-7.848939e-10,2.6020643e-09,0.6977563,1
2379730674,2379730135,0.70907503,0.0044081802,0.00087748555,0.7051187,0.71633524,-7.848939e-10,2.6020643e-09,0.6977563,1
2379739466,2379735360,0.7090803,0.0043217717,0.0008725734,0.70511395,0.71633524,-7.848939e-10,2.6020643e-09,0.6977563,1
2379745951,2379740232,0.7091145,0.004292737,0.00084463105,0.70507985,0.71633524,-7.848939e-10,2.6020643e-09,0.6977563,1
2379747583,2379746838,0.7090895,0.004200285,0.00088767626,0.7051054,0.71633524,-7.848939e-10,2.6020643e-09,0.6977563,1
2379757285,2379756609,0.70912033,0.0040980447,0.00087261817,0.705075,0.71633524,-7.848939e-10,2.6020643e-09,0.6977563,1
2379766411,2379765443,0.7090703,0.004009336,0.0009459765,0.7051257,0.71633524,-7.848939e-10,2.6020643e-09,0.6977563,1
2379771389,2379770504,0.7090382,0.0039729527,0.0009209201,0.7051583,0.71633524,-7.848939e-10,2.6020643e-09,0.6977563,1
2379776155,2379775594,0.7091023,0.003943727,0.00093993376,0.705094,0.71633524,-7.848939e-10,2.6020643e-09,0.6977563,1
2379781330,2379780706,0.709065,0.0039228373,0.00096671045,0.70513153,0.71633524,-7.848939e-10,2.6020643e-09,0.6977563,1
2379792485,2379792046,0.70905733,0.0039018542,0.0009995055,0.70513934,0.71633524,-7.848939e-10,2.6020643e-09,0.6977563,1
2379801481,2379797250,0.7090277,0.003905063,0.0009896616,0.70516914,0.71633524,-7.848939e-10,2.6020643e-09,0.6977563,1
2379807838,2379807268,0.70908827,0.0038285647,0.00094790495,0.70510876,0.71633524,-7.848939e-10,2.6020643e-09,0.6977563,1
2379816604,2379816039,0.7090383,0.0037850742,0.000814676,0.7051594,0.71633524,-7.848939e-10,2.6020643e-09,0.6977563,1
2379825381,2379821082,0.7090844,0.0037183966,0.0007552712,0.7051134,0.71633524,-7.848939e-10,2.6020643e-09,0.6977563,1
2379827593,2379826440,0.7091341,0.0036081108,0.0007365833,0.7050641,0.71633524,-7.848939e-10,2.6020643e-09,0.6977563,1
2379831705,2379831172,0.7091259,0.0035571922,0.0006501101,0.7050727,0.71633524,-7.848939e-10,2.6020643e-09,0.6977563,1
2379840776,2379840002,0.70913565,0.003416862,0.0004942651,0.70506364,0.71633524,-7.848939e-10,2.6020643e-09,0.6977563,1
2379850819,2379845186,0.709207,0.0032964677,0.00047199117,0.7049925,0.71633524,-7.848939e-10,2.6020643e-09,0.6977563,1
2379857563,2379856417,0.70926684,0.0031650274,0.0002699721,0.70493305,0.71633524,-7.848939e-10,2.6020643e-09,0.6977563,1
2379866011,2379865420,0.7093296,0.0031376889,0.00010541897,0.70487,0.71633524,-7.848939e-10,2.6020643e-09,0.6977563,1
2379876055,2379875409,0.7093623,0.0031660586,-2.1409098e-05,0.70483696,0.71633524,-7.848939e-10,2.6020643e-09,0.6977563,1
2379881130,2379880476,0.7093952,0.0031166119,-8.341498e-05,0.7048042,0.71633524,-7.848939e-10,2.6020643e-09,0.6977563,1
2379886087,2379885514,0.70944375,0.003146731,-0.00015978287,0.7047551,0.71633524,-7.848939e-10,2.6020643e-09,0.6977563,1
2379891071,2379890534,0.70942795,0.0031178878,-0.00020290771,0.70477104,0.71633524,-7.848939e-10,2.6020643e-09,0.6977563,1
2379900069,2379895618,0.7094716,0.0030764812,-0.00023334836,0.7047273,0.71633524,-7.848939e-10,2.6020643e-09,0.6977563,1
2379906253,2379900773,0.70954204,0.0030914238,-0.0003524127,0.7046563,0.71633524,-7.848939e-10,2.6020643e-09,0.6977563,1
2379912658,2379912011,0.70959234,0.00301159,-0.00039293262,0.704606,0.71633524,-7.848939e-10,2.6020643e-09,0.6977563,1
2379917601,2379917050,0.70959544,0.0029613532,-0.00035790677,0.704603,0.71633524,-7.848939e-10,2.6020643e-09,0.6977563,1
2379928841,2379928292,0.7096856,0.002958405,-0.0004205563,0.7045122,0.71633524,-7.848939e-10,2.6020643e-09,0.6977563,1
2379932756,2379932248,0.70972306,0.002959534,-0.0004018311,0.7044745,0.71633524,-7.848939e-10,2.6020643e-09,0.6977563,1
2379941684,2379937417,0.7096407,0.0029290807,-0.00038580238,0.7045576,0.71633524,-7.848939e-10,2.6020643e-09,0.6977563,1
2379948273,2379947334,0.7097188,0.0026708657,-0.00033735647,0.7044799,0.71633524,-7.848939e-10,2.6020643e-09,0.6977563,1
2379957034,2379956289,0.70971227,0.0021674985,-0.00024381392,0.7044883,0.71633524,-7.848939e-10,2.6020643e-09,0.6977563,1
2379961870,2379961295,0.709743,0.0017838228,-0.00021023603,0.70445836,0.71633524,-7.848939e-10,2.6020643e-09,0.6977563,1
2379971915,2379971406,0.70977306,0.00088397897,-9.87495e-05,0.70442986,0.71633524,-7.848939e-10,2.6020643e-09,0.6977563,1
2379977183,2379976631,0.709827,0.00045573426,-8.206555e-05,0.704376,0.71633524,-7.848939e-10,2.6020643e-09,0.6977563,1
2379982031,2379981486,0.7098051,6.6093955e-05,-1.9316252e-05,0.7043982,0.71633524,-7.848939e-10,2.6020643e-09,0.6977563,1
2379992242,2379986546,0.7097723,-0.00038944228,3.9130537e-05,0.7044311,0.71633524,-7.848939e-10,2.6020643e-09,0.6977563,1
2379993418,2379992913,0.70976186,-0.0008606396,0.00013051897,0.7044412,0.71633524,-7.848939e-10,2.6020643e-09,0.6977563,1
2379998542,2379997932,0.70978236,-0.001158,0.0001580411,0.7044201,0.71633524,-7.848939e-10,2.6020643e-09,0.6977563,1
2380008617,2380003012,0.70977896,-0.0014686312,0.00023382522,0.70442295,0.71633524,-7.848939e-10,2.6020643e-09,0.6977563,1
2380010821,2380009307,0.7097617,-0.0017838211,0.00028599473,0.7044397,0.71633524,-7.848939e-10,2.6020643e-09,0.6977563,1
2380020064,2380019440,0.70972335,-0.0023010257,0.00045318424,0.7044767,0.71633524,-7.848939e-10,2.6020643e-09,0.6977563,1
2380025120,2380024441,0.7097162,-0.0025239638,0.0005119907,0.7044831,0.71633524,-7.848939e-10,2.6020643e-09,0.6977563,1
2380035488,2380034635,0.70967084,-0.0029696391,0.0006661899,0.70452684,0.71633524,-7.848939e-10,2.6020643e-09,0.6977563,1
2380046908,2380046117,0.709625,-0.0034440183,0.000802377,0.7045707,0.71633524,-7.848939e-10,2.6020643e-09,0.6977563,1
2380051663,2380051002,0.7096148,-0.00364843,0.000881606,0.7045799,0.71633524,-7.848939e-10,2.6020643e-09,0.6977563,1
2380060339,2380059805,0.7095884,-0.004060007,0.0009837118,0.704604,0.71633524,-7.848939e-10,2.6020643e-09,0.6977563,1
2380071672,2380070982,0.70954067,-0.0045057554,0.0010445615,0.7046493,0.71633524,-7.848939e-10,2.6020643e-09,0.6977563,1
2380080635,2380080005,0.7095189,-0.0048609483,0.001040701,0.70466894,0.71633524,-7.848939e-10,2.6020643e-09,0.6977563,1
2380085710,2380085080,0.7094831,-0.005010899,0.0010613044,0.7047039,0.71633524,-7.848939e-10,2.6020643e-09,0.6977563,1
2380090836,2380090181,0.70946455,-0.005219022,0.0010795515,0.704721,0.71633524,-7.848939e-10,2.6020643e-09,0.6977563,1
2380095791,2380095205,0.70947945,-0.005322788,0.0010513312,0.7047053,0.71633524,-7.848939e-10,2.6020643e-09,0.6977563,1
2380106719,2380105529,0.70940304,-0.005645734,0.0011616487,0.7047795,0.71633524,-7.848939e-10,2.6020643e-09,0.6977563,1
2380110945,2380110419,0.70940244,-0.005747996,0.0011730407,0.7047792,0.71633524,-7.848939e-10,2.6020643e-09,0.6977563,1
2380122314,2380121804,0.7093503,-0.0061415485,0.0013906483,0.7048281,0.71633524,-7.848939e-10,2.6020643e-09,0.6977563,1
2380127360,2380126788,0.7093092,-0.0063295015,0.0015620965,0.7048673,0.71633524,-7.848939e-10,2.6020643e-09,0.6977563,1
2380138216,2380137399,0.70932126,-0.0067167296,0.001668646,0.70485145,0.71633524,-7.848939e-10,2.6020643e-09,0.6977563,1
2380142548,2380141964,0.7092852,-0.0068825656,0.0017185975,0.70488596,0.71633524,-7.848939e-10,2.6020643e-09,0.6977563,1
2380147835,2380147020,0.7092488,-0.007074267,0.001734248,0.7049207,0.71633524,-7.848939e-10,2.6020643e-09,0.6977563,1
2380159282,2380158414,0.70922226,-0.0074020512,0.0017110248,0.704944,0.71633524,-7.848939e-10,2.6020643e-09,0.6977563,1
2380163892,2380163367,0.7092546,-0.007521487,0.001668455,0.7049103,0.71633524,-7.848939e-10,2.6020643e-09,0.6977563,1
2380169034,2380168435,0.70923203,-0.007644552,0.001645612,0.70493186,0.71633524,-7.848939e-10,2.6020643e-09,0.6977563,1
2380174039,2380173479,0.7092074,-0.0077257226,0.0015968467,0.7049558,0.71633524,-7.848939e-10,2.6020643e-09,0.6977563,1
2380184306,2380178529,0.7092693,-0.007812967,0.001565298,0.7048927,0.71633524,-7.848939e-10,2.6020643e-09,0.6977563,1
2380189352,2380188793,0.7091973,-0.00800146,0.0015465135,0.7049631,0.71633524,-7.848939e-10,2.6020643e-09,0.6977563,1
2380194402,2380193805,0.7092417,-0.008073597,0.0015518125,0.7049175,0.71633524,-7.848939e-10,2.6020643e-09,0.6977563,1
2380199476,2380198828,0.7092197,-0.008217797,0.0016178614,0.70493776,0.71633524,-7.848939e-10,2.6020643e-09,0.6977563,1
2380204498,2380203832,0.7092105,-0.008343492,0.0016382238,0.7049455,0.71633524,-7.848939e-10,2.6020643e-09,0.6977563,1
2380209533,2380208943,0.7092229,-0.008462383,0.001660725,0.7049317,0.71633524,-7.848939e-10,2.6020643e-09,0.6977563,1
2380214667,2380214012,0.7092405,-0.008698178,0.001761932,0.70491076,0.71633524,-7.848939e-10,2.6020643e-09,0.6977563,1
2380219705,2380219000,0.70922625,-0.008784427,0.0017235606,0.7049241,0.71633524,-7.848939e-10,2.6020643e-09,0.6977563,1
2380229632,2380229195,0.709234,-0.009073852,0.0017451538,0.7049127,0.71633524,-7.848939e-10,2.6020643e-09,0.6977563,1
2380239672,2380239248,0.70916224,-0.009146018,0.0015796239,0.7049843,0.71633524,-7.848939e-10,2.6020643e-09,0.6977563,1
2380244908,2380244258,0.7091881,-0.009202896,0.0015967553,0.7049574,0.71633524,-7.848939e-10,2.6020643e-09,0.6977563,1
2380249865,2380249319,0.70919704,-0.009206087,0.0015269396,0.7049486,0.71633524,-7.848939e-10,2.6020643e-09,0.6977563,1
2380261068,2380259416,0.7091345,-0.009167755,0.0015211265,0.7050121,0.71633524,-7.848939e-10,2.6020643e-09,0.6977563,1
2380271155,2380270745,0.70911556,-0.009123884,0.0014986659,0.7050317,0.71633524,-7.848939e-10,2.6020643e-09,0.6977563,1
2380280175,2380279635,0.70913607,-0.009083708,0.0014526465,0.70501167,0.71633524,-7.848939e-10,2.6020643e-09,0.6977563,1
2380285380,2380284686,0.7091405,-0.009065466,0.0014463378,0.7050075,0.71633524,-7.848939e-10,2.6020643e-09,0.6977563,1
2380293985,2380290110,0.7090522,-0.009069887,0.001478586,0.7050962,0.71633524,-7.848939e-10,2.6020643e-09,0.6977563,1
2380300799,2380300143,0.7090599,-0.009065627,0.0014393636,0.7050885,0.71633524,-7.848939e-10,2.6020643e-09,0.6977563,1
2380310532,2380309918,0.7089453,-0.00911221,0.0014388772,0.70520324,0.71633524,-7.848939e-10,2.6020643e-09,0.6977563,1
2380319338,2380315001,0.70896876,-0.009121179,0.0013915582,0.70517963,0.71633524,-7.848939e-10,2.6020643e-09,0.6977563,1
2380321600,2380321019,0.7088773,-0.009160884,0.0014014023,0.70527095,0.71633524,-7.848939e-10,2.6020643e-09,0.6977563,1
2380325618,2380325098,0.70886236,-0.009125104,0.001356567,0.7052865,0.71633524,-7.848939e-10,2.6020643e-09,0.6977563,1
2380336189,2380335696,0.70882744,-0.009077701,0.0012774435,0.70532244,0.71633524,-7.848939e-10,2.6020643e-09,0.6977563,1
2380340966,2380340324,0.70883477,-0.009045374,0.0012023041,0.7053156,0.71633524,-7.848939e-10,2.6020643e-09,0.6977563,1
2380351039,2380345429,0.7088604,-0.009019356,0.0011704072,0.7052902,0.71633524,-7.848939e-10,2.6020643e-09,0.6977563,1
2380352725,2380351827,0.70875454,-0.008950968,0.0010843009,0.7053976,0.71633524,-7.848939e-10,2.6020643e-09,0.6977563,1
2380357315,2380356700,0.7087746,-0.008918524,0.0010765288,0.70537794,0.71633524,-7.848939e-10,2.6020643e-09,0.6977563,1
2380367418,2380366786,0.70873374,-0.00883609,0.00106137,0.70541996,0.71633524,-7.848939e-10,2.6020643e-09,0.6977563,1
2380376260,2380375630,0.7087055,-0.00870444,0.0010433189,0.70545006,0.71633524,-7.848939e-10,2.6020643e-09,0.6977563,1
2380385031,2380380694,0.70870763,-0.008672296,0.0010445769,0.70544827,0.71633524,-7.848939e-10,2.6020643e-09,0.6977563,1
2380386701,2380385883,0.7086465,-0.008587073,0.0010144435,0.7055108,0.71633524,-7.848939e-10,2.6020643e-09,0.6977563,1
2380396539,2380395924,0.70864373,-0.008415871,0.0009956781,0.70551556,0.71633524,-7.848939e-10,2.6020643e-09,0.6977563,1
2380401512,2380400900,0.708603,-0.008342589,0.000960127,0.7055574,0.71633524,-7.848939e-10,2.6020643e-09,0.6977563,1
2380406750,2380405972,0.7085825,-0.008224343,0.000924582,0.7055795,0.71633524,-7.848939e-10,2.6020643e-09,0.6977563,1
2380411769,2380411078,0.70853573,-0.008175323,0.0009538069,0.705627,0.71633524,-7.848939e-10,2.6020643e-09,0.6977563,1
2380421952,2380421161,0.70850646,-0.0080267,0.0008875599,0.70565814,0.71633524,-7.848939e-10,2.6020643e-09,0.6977563,1
2380431871,2380426196,0.7084442,-0.008011978,0.0009508314,0.7057208,0.71633524,-7.848939e-10,2.6020643e-09,0.6977563,1
2380432883,2380432468,0.708439,-0.007915467,0.0008635441,0.70572716,0.71633524,-7.848939e-10,2.6020643e-09,0.6977563,1
2380441943,2380441325,0.7083687,-0.007792766,0.0008682707,0.7057991,0.71633524,-7.848939e-10,2.6020643e-09,0.6977563,1
2380452138,2380450411,0.7082966,-0.0076031946,0.00069591973,0.7058737,0.71633524,-7.848939e-10,2.6020643e-09,0.6977563,1
2380455934,2380455331,0.7083048,-0.007493197,0.00063000893,0.70586675,0.71633524,-7.848939e-10,2.6020643e-09,0.6977563,1
2380466051,2380465412,0.7081929,-0.007291927,0.00046818188,0.70598125,0.71633524,-7.848939e-10,2.6020643e-09,0.6977563,1
2380471021,2380470416,0.70825386,-0.0071779466,0.00037437506,0.70592135,0.71633524,-7.848939e-10,2.6020643e-09,0.6977563,1
2380482528,2380481732,0.7082202,-0.0069159246,0.00018605273,0.70595783,0.71633524,-7.848939e-10,2.6020643e-09,0.6977563,1
2380491225,2380490592,0.70822555,-0.0067180768,8.121989e-05,0.7059544,0.71633524,-7.848939e-10,2.6020643e-09,0.6977563,1
2380502454,2380500778,0.70810205,-0.0064367466,-2.7823851e-05,0.70608085,0.71633524,-7.848939e-10,2.6020643e-09,0.6977563,1
2380506371,2380505801,0.7081701,-0.006366895,-8.701727e-06,0.70601314,0.71633524,-7.848939e-10,2.6020643e-09,0.6977563,1
2380515237,2380514616,0.70808834,-0.006210747,-9.821426e-05,0.70609665,0.71633524,-7.848939e-10,2.6020643e-09,0.6977563,1
2380520360,2380519766,0.7080486,-0.006109943,-0.0001847705,0.7061373,0.71633524,-7.848939e-10,2.6020643e-09,0.6977563,1
2380530806,2380529743,0.70807177,-0.0060059247,-0.00030565867,0.7061149,0.71633524,-7.848939e-10,2.6020643e-09,0.6977563,1
2380540530,2380538622,0.7080178,-0.0058557643,-0.0004968958,0.70617014,0.71633524,-7.848939e-10,2.6020643e-09,0.6977563,1
2380544187,2380543605,0.70804816,-0.005785302,-0.0005700827,0.7061403,0.71633524,-7.848939e-10,2.6020643e-09,0.6977563,1
2380553246,2380552514,0.70806617,-0.0056317262,-0.0007802584,0.70612323,0.71633524,-7.848939e-10,2.6020643e-09,0.6977563,1
2380558130,2380557567,0.70806885,-0.005484306,-0.0009099319,0.70612156,0.71633524,-7.848939e-10,2.6020643e-09,0.6977563,1
2380569512,2380569068,0.7080697,-0.0051624808,-0.0011216712,0.7061228,0.71633524,-7.848939e-10,2.6020643e-09,0.6977563,1
2380574695,2380574063,0.70803845,-0.005002396,-0.0012010412,0.7061552,0.71633524,-7.848939e-10,2.6020643e-09,0.6977563,1
2380579758,2380579000,0.7080238,-0.0048772176,-0.0012673801,0.7061707,0.71633524,-7.848939e-10,2.6020643e-09,0.6977563,1
2380588632,2380584125,0.7080898,-0.004657527,-0.0014090674,0.70610565,0.71633524,-7.848939e-10,2.6020643e-09,0.6977563,1
2380594897,2380593092,0.7080489,-0.0043509514,-0.001518417,0.7061484,0.71633524,-7.848939e-10,2.6020643e-09,0.6977563,1
2380598532,2380598001,0.7080144,-0.004191267,-0.0015669144,0.7061838,0.71633524,-7.848939e-10,2.6020643e-09,0.6977563,1
2380607414,2380606818,0.7080408,-0.003856988,-0.0017244909,0.70615894,0.71633524,-7.848939e-10,2.6020643e-09,0.6977563,1
2380616258,2380611975,0.70804477,-0.0036800157,-0.00175875,0.70615584,0.71633524,-7.848939e-10,2.6020643e-09,0.6977563,1
2380622793,2380620814,0.70798296,-0.0033364967,-0.0018537991,0.70621926,0.71633524,-7.848939e-10,2.6020643e-09,0.6977563,1
2380631581,2380629542,0.7079765,-0.0030125647,-0.0019338748,0.7062269,0.71633524,-7.848939e-10,2.6020643e-09,0.6977563,1
2380635053,2380634577,0.70802915,-0.0028310914,-0.0019470985,0.7061749,0.71633524,-7.848939e-10,2.6020643e-09,0.6977563,1
2380644427,2380643827,0.7079222,-0.0025129695,-0.0020648052,0.706283,0.71633524,-7.848939e-10,2.6020643e-09,0.6977563,1
2380654242,2380653544,0.70794094,-0.0021345853,-0.002201634,0.7062651,0.71633524,-7.848939e-10,2.6020643e-09,0.6977563,1
2380659175,2380658574,0.7078905,-0.0019559981,-0.0023035991,0.70631576,0.71633524,-7.848939e-10,2.6020643e-09,0.6977563,1
2380664343,2380663705,0.7078411,-0.0017375222,-0.0024054374,0.7063655,0.71633524,-7.848939e-10,2.6020643e-09,0.6977563,1
2380676401,2380675043,0.70785373,-0.0013048147,-0.0026214446,0.706353,0.71633524,-7.848939e-10,2.6020643e-09,0.6977563,1
2380680624,2380680056,0.70786655,-0.0010824614,-0.002725478,0.7063401,0.71633524,-7.848939e-10,2.6020643e-09,0.6977563,1
2380690598,2380690197,0.70786285,-0.0006742693,-0.0029282488,0.7063435,0.71633524,-7.848939e-10,2.6020643e-09,0.6977563,1
2380699637,2380699002,0.70784867,-0.00033221632,-0.0030399817,0.7063575,0.71633524,-7.848939e-10,2.6020643e-09,0.6977563,1
2380704641,2380704062,0.70785904,-0.0001375745,-0.0031256783,0.7063468,0.71633524,-7.848939e-10,2.6020643e-09,0.6977563,1
2380709819,2380709197,0.70785874,0.00011447087,-0.0032768764,0.7063464,0.71633524,-7.848939e-10,2.6020643e-09,0.6977563,1
2380714923,2380714145,0.7078316,0.0003170446,-0.0033194865,0.70637333,0.71633524,-7.848939e-10,2.6020643e-09,0.6977563,1
2380719823,2380719245,0.707831,0.0005265664,-0.0034035372,0.70637345,0.71633524,-7.848939e-10,2.6020643e-09,0.6977563,1
2380729961,2380724264,0.70783776,0.0007433784,-0.0035281559,0.7063658,0.71633524,-7.848939e-10,2.6020643e-09,0.6977563,1
2380735166,2380734533,0.707792,0.0010785437,-0.0036675553,0.70641065,0.71633524,-7.848939e-10,2.6020643e-09,0.6977563,1
2380740352,2380739817,0.70779866,0.0013164246,-0.0038211814,0.7064027,0.71633524,-7.848939e-10,2.6020643e-09,0.6977563,1
2380745140,2380744536,0.70777947,0.001507971,-0.0038890648,0.7064212,0.71633524,-7.848939e-10,2.6020643e-09,0.6977563,1
2380755368,2380754688,0.70775515,0.0018698613,-0.0041356175,0.7064433,0.71633524,-7.848939e-10,2.6020643e-09,0.6977563,1
2380760374,2380759780,0.7077846,0.0020632322,-0.0042496575,0.7064126,0.71633524,-7.848939e-10,2.6020643e-09,0.6977563,1
2380765303,2380764762,0.70773476,0.002231461,-0.004365567,0.7064613,0.71633524,-7.848939e-10,2.6020643e-09,0.6977563,1
2380774096,2380770058,0.7077774,0.0024158375,-0.0045197927,0.70641696,0.71633524,-7.848939e-10,2.6020643e-09,0.6977563,1
2380775192,2380774827,0.7077901,0.0025592723,-0.0046198647,0.70640314,0.71633524,-7.848939e-10,2.6020643e-09,0.6977563,1
2380784213,2380780054,0.7077096,0.002697127,-0.004712115,0.70648265,0.71633524,-7.848939e-10,2.6020643e-09,0.6977563,1
2380785366,2380784928,0.7077609,0.0028802478,-0.0048348997,0.7064298,0.71633524,-7.848939e-10,2.6020643e-09,0.6977563,1
2380795625,2380795074,0.70777977,0.0032512906,-0.005020757,0.7064079,0.71633524,-7.848939e-10,2.6020643e-09,0.6977563,1
2380801275,2380800294,0.70780134,0.0035222925,-0.005179017,0.70638376,0.71633524,-7.848939e-10,2.6020643e-09,0.6977563,1
2380805896,2380805309,0.70783246,0.0036994154,-0.0052173925,0.70635146,0.71633524,-7.848939e-10,2.6020643e-09,0.6977563,1
2380811035,2380810193,0.70781374,0.0039054654,-0.005249187,0.7063688,0.71633524,-7.848939e-10,2.6020643e-09,0.6977563,1
2380822933,2380820490,0.70785445,0.0042901947,-0.0053472486,0.7063251,0.71633524,-7.848939e-10,2.6020643e-09,0.6977563,1
2380831005,2380830409,0.7077726,0.0047216606,-0.0055280947,0.706403,0.71633524,-7.848939e-10,2.6020643e-09,0.6977563,1
2380839911,2380839247,0.707814,0.0050630737,-0.0056053367,0.70635855,0.71633524,-7.848939e-10,2.6020643e-09,0.6977563,1
2380844805,2380844306,0.7078056,0.005237962,-0.0057012043,0.7063649,0.71633524,-7.848939e-10,2.6020643e-09,0.6977563,1
2380850048,2380849445,0.70775145,0.005481362,-0.0058211796,0.7064163,0.71633524,-7.848939e-10,2.6020643e-09,0.6977563,1
2380855056,2380854466,0.7077637,0.005664128,-0.0058890902,0.70640206,0.71633524,-7.848939e-10,2.6020643e-09,0.6977563,1
2380863830,2380859739,0.70778775,0.0057945754,-0.0059721335,0.7063762,0.71633524,-7.848939e-10,2.6020643e-09,0.6977563,1
2380865647,2380865085,0.7077628,0.0060216454,-0.0061058914,0.7063982,0.71633524,-7.848939e-10,2.6020643e-09,0.6977563,1
2380876188,2380875858,0.7077627,0.006364321,-0.0063204635,0.7063933,0.71633524,-7.848939e-10,2.6020643e-09,0.6977563,1
2380885360,2380884787,0.7077379,0.0066724117,-0.0064905128,0.70641375,0.71633524,-7.848939e-10,2.6020643e-09,0.6977563,1
2380890247,2380889735,0.7077313,0.0067942906,-0.006577214,0.70641845,0.71633524,-7.848939e-10,2.6020643e-09,0.6977563,1
2380895530,2380894866,0.7078204,0.007046906,-0.0067724995,0.7063249,0.71633524,-7.848939e-10,2.6020643e-09,0.6977563,1
2380904238,2380900441,0.7077685,0.0072369482,-0.006864553,0.706374,0.71633524,-7.848939e-10,2.6020643e-09,0.6977563,1
2380911756,2380911298,0.7077536,0.007599714,-0.0069692675,0.7063841,0.71633524,-7.848939e-10,2.6020643e-09,0.6977563,1
2380920926,2380920087,0.7077267,0.007932919,-0.007016759,0.70640695,0.71633524,-7.848939e-10,2.6020643e-09,0.6977563,1
2380929468,2380928897,0.7077399,0.00826178,-0.0071321176,0.70638883,0.71633524,-7.848939e-10,2.6020643e-09,0.6977563,1
2380934532,2380933990,0.70777076,0.00843582,-0.0071577085,0.7063555,0.71633524,-7.848939e-10,2.6020643e-09,0.6977563,1
2380939909,2380939190,0.7077242,0.008607943,-0.0072261635,0.70639944,0.71633524,-7.848939e-10,2.6020643e-09,0.6977563,1
2380949655,2380949209,0.7078012,0.008942155,-0.0073976144,0.70631635,0.71633524,-7.848939e-10,2.6020643e-09,0.6977563,1
2380960143,2380959503,0.70776767,0.009281315,-0.007595963,0.70634353,0.71633524,-7.848939e-10,2.6020643e-09,0.6977563,1
2380964929,2380964344,0.7077739,0.009392421,-0.0076697012,0.706335,0.71633524,-7.848939e-10,2.6020643e-09,0.6977563,1
2380974982,2380974407,0.707711,0.009693783,-0.007833685,0.70639217,0.71633524,-7.848939e-10,2.6020643e-09,0.6977563,1
2380985100,2380984633,0.7077687,0.009933457,-0.007948631,0.7063297,0.71633524,-7.848939e-10,2.6020643e-09,0.6977563,1
2380995161,2380994586,0.7077588,0.010245555,-0.008096205,0.7063336,0.71633524,-7.848939e-10,2.6020643e-09,0.6977563,1
2381005462,2380999673,0.70775455,0.010388337,-0.008147267,0.7063351,0.71633524,-7.848939e-10,2.6020643e-09,0.6977563,1
2381006985,2381004783,0.7077342,0.010611492,-0.008284502,0.70635056,0.71633524,-7.848939e-10,2.6020643e-09,0.6977563,1
2381015340,2381014805,0.7077462,0.01096564,-0.008431335,0.7063314,0.71633524,-7.848939e-10,2.6020643e-09,0.6977563,1
2381020461,2381019891,0.7076889,0.011183343,-0.008576269,0.70638365,0.71633524,-7.848939e-10,2.6020643e-09,0.6977563,1
2381029680,2381029096,0.7076958,0.011444632,-0.008651861,0.70637167,0.71633524,-7.848939e-10,2.6020643e-09,0.6977563,1
2381034365,2381033771,0.7077055,0.011558803,-0.008707103,0.7063594,0.71633524,-7.848939e-10,2.6020643e-09,0.6977563,1
2381045344,2381044760,0.7076938,0.011792934,-0.008791282,0.70636624,0.71633524,-7.848939e-10,2.6020643e-09,0.6977563,1
2381054728,2381053181,0.7076894,0.01189268,-0.008835325,0.7063683,0.71633524,-7.848939e-10,2.6020643e-09,0.6977563,1
2381063643,2381063142,0.70767975,0.012078783,-0.008919098,0.7063738,0.71633524,-7.848939e-10,2.6020643e-09,0.6977563,1
2381073527,2381072952,0.7076851,0.012242509,-0.008995973,0.7063647,0.71633524,-7.848939e-10,2.6020643e-09,0.6977563,1
2381082352,2381081788,0.70768285,0.012426312,-0.009041858,0.7063631,0.71633524,-7.848939e-10,2.6020643e-09,0.6977563,1
2381091151,2381090597,0.70762324,0.012602928,-0.008972344,0.7064206,0.71633524,-7.848939e-10,2.6020643e-09,0.6977563,1
2381096164,2381095624,0.7076474,0.012704835,-0.009009119,0.70639414,0.71633524,-7.848939e-10,2.6020643e-09,0.6977563,1
2381101360,2381100735,0.7076507,0.012828352,-0.009016379,0.7063884,0.71633524,-7.848939e-10,2.6020643e-09,0.6977563,1
2381106579,2381105871,0.7075668,0.012879343,-0.008951691,0.7064724,0.71633524,-7.848939e-10,2.6020643e-09,0.6977563,1
2381118604,2381115897,0.70758206,0.013056154,-0.008985883,0.70645344,0.71633524,-7.848939e-10,2.6020643e-09,0.6977563,1
2381121680,2381121036,0.7075265,0.013129805,-0.008979271,0.70650786,0.71633524,-7.848939e-10,2.6020643e-09,0.6977563,1
2381126706,2381126039,0.7074766,0.013223362,-0.0090316525,0.70655537,0.71633524,-7.848939e-10,2.6020643e-09,0.6977563,1
2381136635,2381136091,0.7074204,0.013307342,-0.00902755,0.70661014,0.71633524,-7.848939e-10,2.6020643e-09,0.6977563,1
2381141771,2381141186,0.70733535,0.01335694,-0.009014082,0.7066945,0.71633524,-7.848939e-10,2.6020643e-09,0.6977563,1
2381154062,2381153463,0.7072898,0.013454033,-0.009011992,0.7067383,0.71633524,-7.848939e-10,2.6020643e-09,0.6977563,1
2381163234,2381162629,0.7072618,0.01347587,-0.0089816125,0.7067663,0.71633524,-7.848939e-10,2.6020643e-09,0.6977563,1
2381173403,2381172842,0.707197,0.013508685,-0.009029783,0.70682985,0.71633524,-7.848939e-10,2.6020643e-09,0.6977563,1
2381185403,2381184911,0.7071761,0.0135532655,-0.009024265,0.70685,0.71633524,-7.848939e-10,2.6020643e-09,0.6977563,1
2381189662,2381189173,0.7071659,0.013553196,-0.009023197,0.7068602,0.71633524,-7.848939e-10,2.6020643e-09,0.6977563,1
2381198495,2381197995,0.70703834,0.0135884285,-0.009086558,0.7069863,0.71633524,-7.848939e-10,2.6020643e-09,0.6977563,1
2381203547,2381203042,0.7070311,0.013634206,-0.009096838,0.70699257,0.71633524,-7.848939e-10,2.6020643e-09,0.6977563,1
2381213598,2381213227,0.70705456,0.0136830555,-0.009124146,0.7069677,0.71633524,-7.848939e-10,2.6020643e-09,0.6977563,1
2381218696,2381218218,0.70702493,0.0137526505,-0.009160356,0.70699555,0.71633524,-7.848939e-10,2.6020643e-09,0.6977563,1
2381223876,2381223256,0.7070444,0.013785757,-0.009141432,0.7069757,0.71633524,-7.848939e-10,2.6020643e-09,0.6977563,1
2381233780,2381233389,0.70700014,0.01380974,-0.009177187,0.7070191,0.71633524,-7.848939e-10,2.6020643e-09,0.6977563,1
2381243906,2381243506,0.7069771,0.013718495,-0.009151335,0.7070441,0.71633524,-7.848939e-10,2.6020643e-09,0.6977563,1
2381249129,2381248550,0.70696974,0.013724223,-0.009230629,0.7070504,0.71633524,-7.848939e-10,2.6020643e-09,0.6977563,1
2381257823,2381253658,0.7069531,0.013615755,-0.009165068,0.70706993,0.71633524,-7.848939e-10,2.6020643e-09,0.6977563,1
2381259838,2381258785,0.70697033,0.0135338,-0.009179909,0.7070541,0.71633524,-7.848939e-10,2.6020643e-09,0.6977563,1
2381271326,2381270771,0.7069865,0.013375137,-0.009189991,0.7070409,0.71633524,-7.848939e-10,2.6020643e-09,0.6977563,1
2381275804,2381275161,0.7070064,0.0133361025,-0.009212754,0.7070215,0.71633524,-7.848939e-10,2.6020643e-09,0.6977563,1
2381284508,2381283975,0.70702237,0.0133363325,-0.009194317,0.70700574,0.71633524,-7.848939e-10,2.6020643e-09,0.6977563,1
2381293369,2381292860,0.70696867,0.013285783,-0.0091485,0.707061,0.71633524,-7.848939e-10,2.6020643e-09,0.6977563,1
2381298422,2381297827,0.7070428,0.013333292,-0.009159672,0.70698583,0.71633524,-7.848939e-10,2.6020643e-09,0.6977563,1
2381310284,2381307940,0.70699716,0.0132703995,-0.009035925,0.70703423,0.71633524,-7.848939e-10,2.6020643e-09,0.6977563,1
2381313562,2381312943,0.7070294,0.013242859,-0.0089986175,0.707003,0.71633524,-7.848939e-10,2.6020643e-09,0.6977563,1
2381318630,2381318008,0.70707256,0.013147082,-0.008896193,0.7069628,0.71633524,-7.848939e-10,2.6020643e-09,0.6977563,1
2381323622,2381323081,0.7070254,0.013044505,-0.008800668,0.7070131,0.71633524,-7.848939e-10,2.6020643e-09,0.6977563,1
2381328712,2381328143,0.7070114,0.012971334,-0.008771305,0.7070288,0.71633524,-7.848939e-10,2.6020643e-09,0.6977563,1
2381338719,2381333242,0.7070609,0.012843632,-0.008690262,0.7069827,0.71633524,-7.848939e-10,2.6020643e-09,0.6977563,1
2381340684,2381339754,0.70702606,0.012717696,-0.008655028,0.70702016,0.71633524,-7.848939e-10,2.6020643e-09,0.6977563,1
2381352000,2381351015,0.707015,0.012537626,-0.00864019,0.70703465,0.71633524,-7.848939e-10,2.6020643e-09,0.6977563,1
2381361838,2381360964,0.7070935,0.0124323005,-0.008613467,0.70695835,0.71633524,-7.848939e-10,2.6020643e-09,0.6977563,1
2381366621,2381366027,0.7070693,0.012410161,-0.008642125,0.70698255,0.71633524,-7.848939e-10,2.6020643e-09,0.6977563,1
2381371764,2381371106,0.7071188,0.012399113,-0.008599353,0.70693374,0.71633524,-7.848939e-10,2.6020643e-09,0.6977563,1
2381376806,2381376181,0.7071571,0.0123472875,-0.008568385,0.7068967,0.71633524,-7.848939e-10,2.6020643e-09,0.6977563,1
2381385534,2381381655,0.707169,0.012359236,-0.00853392,0.70688504,0.71633524,-7.848939e-10,2.6020643e-09,0.6977563,1
2381388194,2381387476,0.7071589,0.012375458,-0.008499267,0.70689523,0.71633524,-7.848939e-10,2.6020643e-09,0.6977563,1
2381391910,2381391418,0.7071705,0.012308505,-0.008442358,0.7068855,0.71633524,-7.848939e-10,2.6020643e-09,0.6977563,1
2381396905,2381396345,0.7072187,0.012309696,-0.008449048,0.70683724,0.71633524,-7.848939e-10,2.6020643e-09,0.6977563,1
2381401921,2381401387,0.70720994,0.012265803,-0.008423074,0.7068471,0.71633524,-7.848939e-10,2.6020643e-09,0.6977563,1
2381410752,2381406628,0.70723546,0.012162195,-0.008351378,0.70682424,0.71633524,-7.848939e-10,2.6020643e-09,0.6977563,1
2381419766,2381417830,0.7072649,0.012035922,-0.008303968,0.7067974,0.71633524,-7.848939e-10,2.6020643e-09,0.6977563,1
2381423507,2381422965,0.70732206,0.0120082805,-0.008332033,0.7067403,0.71633524,-7.848939e-10,2.6020643e-09,0.6977563,1
2381428602,2381427992,0.70732075,0.0119509,-0.00826288,0.7067434,0.71633524,-7.848939e-10,2.6020643e-09,0.6977563,1
2381439483,2381438864,0.7073743,0.011886952,-0.008148834,0.7066923,0.71633524,-7.848939e-10,2.6020643e-09,0.6977563,1
2381448730,2381448125,0.70737684,0.011905023,-0.007974286,0.70669144,0.71633524,-7.848939e-10,2.6020643e-09,0.6977563,1
2381453914,2381453230,0.70738584,0.011959944,-0.007908331,0.70668226,0.71633524,-7.848939e-10,2.6020643e-09,0.6977563,1
2381458838,2381458310,0.7074253,0.012006376,-0.0078101666,0.70664304,0.71633524,-7.848939e-10,2.6020643e-09,0.6977563,1
2381463904,2381463283,0.7073762,0.012064131,-0.007727633,0.70669216,0.71633524,-7.848939e-10,2.6020643e-09,0.6977563,1
2381468862,2381468336,0.70737344,0.0121224625,-0.0076626516,0.7066946,0.71633524,-7.848939e-10,2.6020643e-09,0.6977563,1
2381478970,2381478549,0.70740193,0.012231964,-0.0074953344,0.70666593,0.71633524,-7.848939e-10,2.6020643e-09,0.6977563,1
2381484080,2381483470,0.70740324,0.01227768,-0.0074444064,0.7066644,0.71633524,-7.848939e-10,2.6020643e-09,0.6977563,1
2381494177,2381493572,0.7073691,0.0122362515,-0.0072357478,0.7067014,0.71633524,-7.848939e-10,2.6020643e-09,0.6977563,1
2381506450,2381503745,0.7073702,0.012215526,-0.007071024,0.70670235,0.71633524,-7.848939e-10,2.6020643e-09,0.6977563,1
2381509434,2381508855,0.70737207,0.012133197,-0.0069423667,0.7067031,0.71633524,-7.848939e-10,2.6020643e-09,0.6977563,1
2381514528,2381513965,0.7073246,0.012108533,-0.0068878173,0.70675164,0.71633524,-7.848939e-10,2.6020643e-09,0.6977563,1
2381527115,2381523977,0.70735025,0.011953259,-0.006615312,0.70673126,0.71633524,-7.848939e-10,2.6020643e-09,0.6977563,1
2381534798,2381534138,0.7072911,0.0119175995,-0.006388771,0.70679307,0.71633524,-7.848939e-10,2.6020643e-09,0.6977563,1
2381543438,2381539078,0.70729625,0.011889207,-0.0062674824,0.7067895,0.71633524,-7.848939e-10,2.6020643e-09,0.6977563,1
2381549898,2381549203,0.7072327,0.011970757,-0.0060688383,0.7068535,0.71633524,-7.848939e-10,2.6020643e-09,0.6977563,1
2381554846,2381554316,0.7072033,0.011948084,-0.005942673,0.7068844,0.71633524,-7.848939e-10,2.6020643e-09,0.6977563,1
2381565965,2381564867,0.7071634,0.011991079,-0.0057517127,0.7069251,0.71633524,-7.848939e-10,2.6020643e-09,0.6977563,1
2381569956,2381569397,0.7071283,0.011950868,-0.005646486,0.70696175,0.71633524,-7.848939e-10,2.6020643e-09,0.6977563,1
2381575136,2381574524,0.7071615,0.011905028,-0.005583032,0.7069298,0.71633524,-7.848939e-10,2.6020643e-09,0.6977563,1
2381580000,2381579498,0.7071517,0.011852788,-0.005513917,0.706941,0.71633524,-7.848939e-10,2.6020643e-09,0.6977563,1
2381590078,2381589655,0.70704275,0.011660426,-0.0053110616,0.7070548,0.71633524,-7.848939e-10,2.6020643e-09,0.6977563,1
2381595412,2381594655,0.70708776,0.011608318,-0.005288617,0.7070108,0.71633524,-7.848939e-10,2.6020643e-09,0.6977563,1
2381600204,2381599735,0.70703965,0.011531045,-0.0051880204,0.7070609,0.71633524,-7.848939e-10,2.6020643e-09,0.6977563,1
2381609162,2381604948,0.70698524,0.011506398,-0.005194935,0.7071156,0.71633524,-7.848939e-10,2.6020643e-09,0.6977563,1
2381615425,2381609846,0.70701563,0.011407569,-0.0051048775,0.70708746,0.71633524,-7.848939e-10,2.6020643e-09,0.6977563,1
2381616974,2381616304,0.70693755,0.011319481,-0.0050004707,0.70716774,0.71633524,-7.848939e-10,2.6020643e-09,0.6977563,1
2381626890,2381626261,0.7069614,0.011164832,-0.004785758,0.70714784,0.71633524,-7.848939e-10,2.6020643e-09,0.6977563,1
2381635616,2381635060,0.70688385,0.010988043,-0.004595191,0.7072294,0.71633524,-7.848939e-10,2.6020643e-09,0.6977563,1
2381645881,2381640141,0.7069094,0.010927755,-0.0044919243,0.7072055,0.71633524,-7.848939e-10,2.6020643e-09,0.6977563,1
2381647605,2381647110,0.7068607,0.010808662,-0.0043170024,0.70725703,0.71633524,-7.848939e-10,2.6020643e-09,0.6977563,1
2381652173,2381651521,0.7068727,0.010749601,-0.0042204657,0.70724654,0.71633524,-7.848939e-10,2.6020643e-09,0.6977563,1
2381657265,2381656605,0.70688283,0.010663209,-0.0040450846,0.70723873,0.71633524,-7.848939e-10,2.6020643e-09,0.6977563,1
2381662299,2381661615,0.7068831,0.010635682,-0.003959644,0.7072394,0.71633524,-7.848939e-10,2.6020643e-09,0.6977563,1
2381672476,2381666717,0.70685714,0.010625472,-0.0038416141,0.7072661,0.71633524,-7.848939e-10,2.6020643e-09,0.6977563,1
2381677318,2381676791,0.70687604,0.010475714,-0.0035787213,0.7072509,0.71633524,-7.848939e-10,2.6020643e-09,0.6977563,1
2381687504,2381686889,0.7068316,0.010474392,-0.0033996042,0.70729625,0.71633524,-7.848939e-10,2.6020643e-09,0.6977563,1
2381697726,2381695864,0.70685107,0.010504862,-0.003355652,0.7072765,0.71633524,-7.848939e-10,2.6020643e-09,0.6977563,1
2381701842,2381701215,0.7068509,0.010503138,-0.003283758,0.70727706,0.71633524,-7.848939e-10,2.6020643e-09,0.6977563,1
2381706547,2381705933,0.7068425,0.010494444,-0.0032369052,0.70728576,0.71633524,-7.848939e-10,2.6020643e-09,0.6977563,1
2381716471,2381710927,0.70683527,0.010497652,-0.0032131274,0.7072931,0.71633524,-7.848939e-10,2.6020643e-09,0.6977563,1
2381718759,2381718155,0.70680016,0.010422553,-0.0031280625,0.70732963,0.71633524,-7.848939e-10,2.6020643e-09,0.6977563,1
2381728176,2381727308,0.7068672,0.010295245,-0.0030677163,0.7072647,0.71633524,-7.848939e-10,2.6020643e-09,0.6977563,1
2381733257,2381732403,0.70682555,0.01018256,-0.0030056734,0.70730823,0.71633524,-7.848939e-10,2.6020643e-09,0.6977563,1
2381743129,2381742511,0.706847,0.010033636,-0.0029637855,0.70728916,0.71633524,-7.848939e-10,2.6020643e-09,0.6977563,1
2381748121,2381747519,0.70685244,0.009931792,-0.002910001,0.7072854,0.71633524,-7.848939e-10,2.6020643e-09,0.6977563,1
2381758921,2381758108,0.70684814,0.009818129,-0.0028537267,0.70729154,0.71633524,-7.848939e-10,2.6020643e-09,0.6977563,1
2381770438,2381769319,0.7068291,0.009695235,-0.002661128,0.70731294,0.71633524,-7.848939e-10,2.6020643e-09,0.6977563,1
2381779871,2381779172,0.7067896,0.009544775,-0.002486335,0.7073551,0.71633524,-7.848939e-10,2.6020643e-09,0.6977563,1
2381788593,2381788006,0.7067782,0.009477236,-0.0023209963,0.70736796,0.71633524,-7.848939e-10,2.6020643e-09,0.6977563,1
2381797300,2381793470,0.7068018,0.009369551,-0.00219135,0.70734626,0.71633524,-7.848939e-10,2.6020643e-09,0.6977563,1
2381799197,2381798322,0.70678663,0.009303603,-0.0021186827,0.7073625,0.71633524,-7.848939e-10,2.6020643e-09,0.6977563,1
2381803716,2381803158,0.70676655,0.009266253,-0.0020622562,0.7073832,0.71633524,-7.848939e-10,2.6020643e-09,0.6977563,1
2381814125,2381813274,0.7067578,0.009053613,-0.001873098,0.7073952,0.71633524,-7.848939e-10,2.6020643e-09,0.6977563,1
2381819038,2381818279,0.70675665,0.008995639,-0.0018510974,0.70739716,0.71633524,-7.848939e-10,2.6020643e-09,0.6977563,1
2381824042,2381823417,0.7067289,0.008865252,-0.0017476524,0.7074268,0.71633524,-7.848939e-10,2.6020643e-09,0.6977563,1
2381833270,2381832433,0.70673007,0.008621536,-0.0016204793,0.7074289,0.71633524,-7.848939e-10,2.6020643e-09,0.6977563,1
2381838168,2381837227,0.70673877,0.008548697,-0.0016029828,0.7074211,0.71633524,-7.848939e-10,2.6020643e-09,0.6977563,1
2381849010,2381848583,0.70670855,0.00829711,-0.0014164714,0.7074548,0.71633524,-7.848939e-10,2.6020643e-09,0.6977563,1
2381858005,2381857447,0.7067305,0.008179113,-0.0012765707,0.70743454,0.71633524,-7.848939e-10,2.6020643e-09,0.6977563,1
2381863129,2381862469,0.7066603,0.00809961,-0.0011890111,0.70750576,0.71633524,-7.848939e-10,2.6020643e-09,0.6977563,1
2381868276,2381867533,0.70668805,0.008030074,-0.0011388015,0.70747876,0.71633524,-7.848939e-10,2.6020643e-09,0.6977563,1
2381876954,2381872713,0.7067247,0.00796915,-0.0010657195,0.707443,0.71633524,-7.848939e-10,2.6020643e-09,0.6977563,1
2381879314,2381877760,0.7066718,0.007865137,-0.000974842,0.7074971,0.71633524,-7.848939e-10,2.6020643e-09,0.6977563,1
2381883381,2381882809,0.70667195,0.007835944,-0.00095166155,0.70749736,0.71633524,-7.848939e-10,2.6020643e-09,0.6977563,1
2381888566,2381887795,0.70672566,0.0077090496,-0.00087820087,0.70744526,0.71633524,-7.848939e-10,2.6020643e-09,0.6977563,1
2381893338,2381892799,0.70671344,0.0076201824,-0.0008258678,0.7074585,0.71633524,-7.848939e-10,2.6020643e-09,0.6977563,1
2381898571,2381897928,0.70665497,0.007551463,-0.00084976107,0.70751756,0.71633524,-7.848939e-10,2.6020643e-09,0.6977563,1
2381903450,2381902885,0.7067337,0.007416901,-0.00079007295,0.70744044,0.71633524,-7.848939e-10,2.6020643e-09,0.6977563,1
2381912495,2381908337,0.7067708,0.007296151,-0.0007573595,0.7074047,0.71633524,-7.848939e-10,2.6020643e-09,0.6977563,1
2381918566,2381912976,0.70675284,0.007191113,-0.0007486992,0.7074237,0.71633524,-7.848939e-10,2.6020643e-09,0.6977563,1
2381920582,2381919370,0.7067999,0.0070025213,-0.000710435,0.7073785,0.71633524,-7.848939e-10,2.6020643e-09,0.6977563,1
2381924936,2381924380,0.7067937,0.006874424,-0.0007020905,0.70738596,0.71633524,-7.848939e-10,2.6020643e-09,0.6977563,1
2381936266,2381935782,0.7068372,0.006597651,-0.0006223928,0.7073453,0.71633524,-7.848939e-10,2.6020643e-09,0.6977563,1
2381946647,2381945877,0.70690316,0.0063722893,-0.00054861954,0.7072814,0.71633524,-7.848939e-10,2.6020643e-09,0.6977563,1
2381956573,2381954672,0.7069161,0.0062049744,-0.00050928927,0.70727,0.71633524,-7.848939e-10,2.6020643e-09,0.6977563,1
2381960238,2381959733,0.7069059,0.006167909,-0.0005240834,0.7072806,0.71633524,-7.848939e-10,2.6020643e-09,0.6977563,1
2381965371,2381964851,0.70690703,0.006002707,-0.00042853385,0.7072809,0.71633524,-7.848939e-10,2.6020643e-09,0.6977563,1
2381970492,2381969877,0.70700014,0.005944513,-0.0004710237,0.70718825,0.71633524,-7.848939e-10,2.6020643e-09,0.6977563,1
2381979343,2381974902,0.70701355,0.0058681117,-0.00044963957,0.70717555,0.71633524,-7.848939e-10,2.6020643e-09,0.6977563,1
2381985567,2381985009,0.7070425,0.0056388797,-0.00038095636,0.70714855,0.71633524,-7.848939e-10,2.6020643e-09,0.6977563,1
2381996184,2381995242,0.7070327,0.0053886482,-0.00038051172,0.70716035,0.71633524,-7.848939e-10,2.6020643e-09,0.6977563,1
2382001294,2382000570,0.7070858,0.00524329,-0.0004624557,0.7071083,0.71633524,-7.848939e-10,2.6020643e-09,0.6977563,1
2382006099,2382005314,0.70713514,0.0051456285,-0.0005097314,0.7070596,0.71633524,-7.848939e-10,2.6020643e-09,0.6977563,1
2382017348,2382016692,0.7071689,0.004900369,-0.0006482255,0.7070275,0.71633524,-7.848939e-10,2.6020643e-09,0.6977563,1
2382026326,2382025616,0.7071592,0.00470405,-0.0007065947,0.70703846,0.71633524,-7.848939e-10,2.6020643e-09,0.6977563,1
2382031190,2382030492,0.7071155,0.004629324,-0.00074830477,0.7070826,0.71633524,-7.848939e-10,2.6020643e-09,0.6977563,1
2382036327,2382035533,0.7071637,0.0045276154,-0.00076960435,0.70703506,0.71633524,-7.848939e-10,2.6020643e-09,0.6977563,1
2382047519,2382045905,0.70711136,0.004367081,-0.00074564636,0.7070884,0.71633524,-7.848939e-10,2.6020643e-09,0.6977563,1
2382056492,2382055816,0.70718306,0.0042082244,-0.00071354274,0.70701766,0.71633524,-7.848939e-10,2.6020643e-09,0.6977563,1
2382066512,2382066037,0.70712745,0.004102408,-0.0007651329,0.70707387,0.71633524,-7.848939e-10,2.6020643e-09,0.6977563,1
2382076653,2382075984,0.70715797,0.003894144,-0.00070079986,0.7070446,0.71633524,-7.848939e-10,2.6020643e-09,0.6977563,1
2382086825,2382081028,0.70714116,0.0037828346,-0.0006581588,0.707062,0.71633524,-7.848939e-10,2.6020643e-09,0.6977563,1
2382088493,2382087394,0.7071508,0.003626645,-0.0006050105,0.7070532,0.71633524,-7.848939e-10,2.6020643e-09,0.6977563,1
2382093005,2382092449,0.70714873,0.003534532,-0.0005865723,0.70705575,0.71633524,-7.848939e-10,2.6020643e-09,0.6977563,1
2382098455,2382097484,0.70715564,0.0034309379,-0.0005505704,0.7070494,0.71633524,-7.848939e-10,2.6020643e-09,0.6977563,1
2382103104,2382102532,0.70717585,0.0033204665,-0.0005592474,0.70702976,0.71633524,-7.848939e-10,2.6020643e-09,0.6977563,1
2382118229,2382117651,0.7072237,0.0031181942,-0.0006172471,0.70698273,0.71633524,-7.848939e-10,2.6020643e-09,0.6977563,1
2382128313,2382127773,0.707226,0.0029759046,-0.0006916549,0.70698094,0.71633524,-7.848939e-10,2.6020643e-09,0.6977563,1
2382133546,2382132875,0.70724666,0.0028997902,-0.000746361,0.70696056,0.71633524,-7.848939e-10,2.6020643e-09,0.6977563,1
2382138710,2382137899,0.707306,0.0028266446,-0.0008405039,0.7069013,0.71633524,-7.848939e-10,2.6020643e-09,0.6977563,1
2382149628,2382149090,0.70727205,0.0026194484,-0.0009417257,0.706936,0.71633524,-7.848939e-10,2.6020643e-09,0.6977563,1
2382158636,2382158066,0.70729506,0.0024453404,-0.0010244822,0.70691353,0.71633524,-7.848939e-10,2.6020643e-09,0.6977563,1
2382167593,2382163120,0.70727307,0.0023638704,-0.0010839925,0.7069357,0.71633524,-7.848939e-10,2.6020643e-09,0.6977563,1
2382169715,2382168246,0.7073207,0.0022685863,-0.0011145682,0.7068884,0.71633524,-7.848939e-10,2.6020643e-09,0.6977563,1
2382173951,2382173282,0.7073541,0.0021603,-0.0011272721,0.70685524,0.71633524,-7.848939e-10,2.6020643e-09,0.6977563,1
2382182630,2382178586,0.7073008,0.0020675077,-0.0011801637,0.70690876,0.71633524,-7.848939e-10,2.6020643e-09,0.6977563,1
2382183870,2382183458,0.70735615,0.0019940075,-0.0012035763,0.70685357,0.71633524,-7.848939e-10,2.6020643e-09,0.6977563,1
2382194062,2382193587,0.7073934,0.0018211486,-0.0012605593,0.7068166,0.71633524,-7.848939e-10,2.6020643e-09,0.6977563,1
2382199175,2382198566,0.7074457,0.0018102975,-0.0013189595,0.7067642,0.71633524,-7.848939e-10,2.6020643e-09,0.6977563,1
2382204462,2382203685,0.70747256,0.0016847065,-0.0013095728,0.70673764,0.71633524,-7.848939e-10,2.6020643e-09,0.6977563,1
2382215301,2382214920,0.7074693,0.0015679882,-0.0013924913,0.70674103,0.71633524,-7.848939e-10,2.6020643e-09,0.6977563,1
2382225654,2382225031,0.70745736,0.0015280723,-0.001519181,0.7067528,0.71633524,-7.848939e-10,2.6020643e-09,0.6977563,1
2382230742,2382230093,0.70747083,0.0014396223,-0.0014829712,0.70673954,0.71633524,-7.848939e-10,2.6020643e-09,0.6977563,1
2382241971,2382240439,0.7074844,0.0013293475,-0.0015448732,0.7067261,0.71633524,-7.848939e-10,2.6020643e-09,0.6977563,1
2382245791,2382245257,0.7074469,0.0012577561,-0.0014738259,0.70676386,0.71633524,-7.848939e-10,2.6020643e-09,0.6977563,1
2382254568,2382254042,0.70747584,0.0010784469,-0.0014920713,0.70673513,0.71633524,-7.848939e-10,2.6020643e-09,0.6977563,1
2382265911,2382265335,0.7074254,0.00089621544,-0.0014888044,0.7067859,0.71633524,-7.848939e-10,2.6020643e-09,0.6977563,1
2382269971,2382269378,0.70740324,0.0008377279,-0.0015066013,0.7068082,0.71633524,-7.848939e-10,2.6020643e-09,0.6977563,1
2382280177,2382274366,0.70751035,0.0007925073,-0.0015889984,0.7067008,0.71633524,-7.848939e-10,2.6020643e-09,0.6977563,1
2382285295,2382284386,0.70744354,0.0006904298,-0.0016293497,0.7067677,0.71633524,-7.848939e-10,2.6020643e-09,0.6977563,1
2382295249,2382294598,0.70746946,0.0006365742,-0.0016700563,0.70674163,0.71633524,-7.848939e-10,2.6020643e-09,0.6977563,1
2382300120,2382299574,0.7074334,0.0006097451,-0.0016847786,0.70677775,0.71633524,-7.848939e-10,2.6020643e-09,0.6977563,1
2382310714,2382309654,0.70744276,0.0005134736,-0.0016174138,0.7067687,0.71633524,-7.848939e-10,2.6020643e-09,0.6977563,1
2382320496,2382319931,0.7073901,0.00035918693,-0.0015381196,0.7068216,0.71633524,-7.848939e-10,2.6020643e-09,0.6977563,1
2382325497,2382324830,0.70740366,0.00025980343,-0.0014788514,0.7068082,0.71633524,-7.848939e-10,2.6020643e-09,0.6977563,1
2382335564,2382329906,0.70733833,0.00017796867,-0.0014584223,0.70687366,0.71633524,-7.848939e-10,2.6020643e-09,0.6977563,1
2382337841,2382336430,0.70737964,6.302996e-05,-0.0014062342,0.70683247,0.71633524,-7.848939e-10,2.6020643e-09,0.6977563,1
2382341956,2382341290,0.7073185,-5.1980933e-05,-0.0014121043,0.7068937,0.71633524,-7.848939e-10,2.6020643e-09,0.6977563,1
2382347043,2382346333,0.70730025,-7.5768636e-05,-0.0014259579,0.70691186,0.71633524,-7.848939e-10,2.6020643e-09,0.6977563,1
2382351896,2382351367,0.70729524,-0.00015985781,-0.0014384345,0.7069168,0.71633524,-7.848939e-10,2.6020643e-09,0.6977563,1
2382356982,2382356393,0.70728236,-0.00020819566,-0.001479163,0.7069296,0.71633524,-7.848939e-10,2.6020643e-09,0.6977563,1
2382367282,2382361434,0.70725906,-0.00020075156,-0.0015478211,0.7069528,0.71633524,-7.848939e-10,2.6020643e-09,0.6977563,1
2382369312,2382367771,0.7072314,-0.00028591687,-0.0015378245,0.70698047,0.71633524,-7.848939e-10,2.6020643e-09,0.6977563,1
2382378543,2382377929,0.70717347,-0.00033319456,-0.0015463918,0.70703834,0.71633524,-7.848939e-10,2.6020643e-09,0.6977563,1
2382388563,2382382928,0.70715755,-0.0004254405,-0.001530682,0.7070543,0.71633524,-7.848939e-10,2.6020643e-09,0.6977563,1
2382393810,2382391770,0.7071402,-0.00043648225,-0.0015528923,0.70707154,0.71633524,-7.848939e-10,2.6020643e-09,0.6977563,1
2382397793,2382397151,0.7070936,-0.00046500668,-0.0015004588,0.7071182,0.71633524,-7.848939e-10,2.6020643e-09,0.6977563,1
2382402595,2382401934,0.7070594,-0.00043901356,-0.0015269908,0.70715237,0.71633524,-7.848939e-10,2.6020643e-09,0.6977563,1
2382407587,2382406974,0.7070624,-0.00042591276,-0.0015598023,0.70714927,0.71633524,-7.848939e-10,2.6020643e-09,0.6977563,1
2382412736,2382412150,0.70707756,-0.0004262073,-0.0015318397,0.70713425,0.71633524,-7.848939e-10,2.6020643e-09,0.6977563,1
2382417684,2382417068,0.70697606,-0.00041459166,-0.0015403801,0.7072357,0.71633524,-7.848939e-10,2.6020643e-09,0.6977563,1
2382422885,2382422165,0.7069734,-0.00041433415,-0.0015239634,0.7072384,0.71633524,-7.848939e-10,2.6020643e-09,0.6977563,1
2382432769,2382432223,0.7069186,-0.00043741212,-0.0014641326,0.70729333,0.71633524,-7.848939e-10,2.6020643e-09,0.6977563,1
2382443140,2382442613,0.7069058,-0.00041737224,-0.0013754958,0.7073063,0.71633524,-7.848939e-10,2.6020643e-09,0.6977563,1
2382448357,2382447349,0.7068653,-0.0004144891,-0.0013179524,0.7073469,0.71633524,-7.848939e-10,2.6020643e-09,0.6977563,1
2382456778,2382452355,0.70680934,-0.0003556031,-0.0013171663,0.7074028,0.71633524,-7.848939e-10,2.6020643e-09,0.6977563,1
2382458754,2382457602,0.70684105,-0.00037405832,-0.0012153115,0.70737123,0.71633524,-7.848939e-10,2.6020643e-09,0.6977563,1
2382463460,2382462860,0.7068465,-0.00037125585,-0.0011436684,0.70736593,0.71633524,-7.848939e-10,2.6020643e-09,0.6977563,1
2382468226,2382467562,0.706802,-0.00036476896,-0.001121989,0.70741045,0.71633524,-7.848939e-10,2.6020643e-09,0.6977563,1
2382479151,2382477780,0.7067741,-0.0003974993,-0.0009896336,0.7074385,0.71633524,-7.848939e-10,2.6020643e-09,0.6977563,1
2382488493,2382487894,0.7067115,-0.00037597807,-0.00094647676,0.7075012,0.71633524,-7.848939e-10,2.6020643e-09,0.6977563,1
2382499787,2382499270,0.7067017,-0.00039120662,-0.00089920673,0.70751095,0.71633524,-7.848939e-10,2.6020643e-09,0.6977563,1
2382504907,2382504231,0.7066609,-0.00039585755,-0.0008428857,0.7075518,0.71633524,-7.848939e-10,2.6020643e-09,0.6977563,1
2382509841,2382509225,0.7066459,-0.0003922748,-0.0008296536,0.70756674,0.71633524,-7.848939e-10,2.6020643e-09,0.6977563,1
2382514967,2382514332,0.70668966,-0.00033822993,-0.0008696623,0.7075231,0.71633524,-7.848939e-10,2.6020643e-09,0.6977563,1
2382520050,2382519405,0.7066387,-0.00034370535,-0.00081881735,0.70757407,0.71633524,-7.848939e-10,2.6020643e-09,0.6977563,1
2382531233,2382530777,0.70663023,-0.00036702285,-0.00075844844,0.7075826,0.71633524,-7.848939e-10,2.6020643e-09,0.6977563,1
2382540189,2382539575,0.70658886,-0.0003462693,-0.00068275986,0.70762396,0.71633524,-7.848939e-10,2.6020643e-09,0.6977563,1
2382550267,2382544662,0.7066283,-0.00037025815,-0.00062063726,0.7075846,0.71633524,-7.848939e-10,2.6020643e-09,0.6977563,1
2382556857,2382556252,0.70649105,-0.00040689262,-0.0005100159,0.7077217,0.71633524,-7.848939e-10,2.6020643e-09,0.6977563,1
2382561694,2382561064,0.70649236,-0.0004201589,-0.00048336503,0.7077204,0.71633524,-7.848939e-10,2.6020643e-09,0.6977563,1
2382570531,2382566200,0.7064257,-0.00046042525,-0.0004461608,0.7077869,0.71633524,-7.848939e-10,2.6020643e-09,0.6977563,1
2382572561,2382571202,0.7064391,-0.0004289265,-0.000455391,0.7077736,0.71633524,-7.848939e-10,2.6020643e-09,0.6977563,1
2382577063,2382576413,0.7064411,-0.00046760723,-0.0004176221,0.7077716,0.71633524,-7.848939e-10,2.6020643e-09,0.6977563,1
2382581923,2382581330,0.7063565,-0.0004381268,-0.00040377377,0.70785606,0.71633524,-7.848939e-10,2.6020643e-09,0.6977563,1
2382592598,2382591371,0.70632136,-0.00031154184,-0.00041378086,0.70789117,0.71633524,-7.848939e-10,2.6020643e-09,0.6977563,1
2382602174,2382601444,0.7062769,-0.00019030157,-0.00038312725,0.70793563,0.71633524,-7.848939e-10,2.6020643e-09,0.6977563,1
2382607216,2382606597,0.7062565,-0.00017627979,-0.00030002574,0.70795596,0.71633524,-7.848939e-10,2.6020643e-09,0.6977563,1
2382612189,2382611607,0.7062784,-0.0001757487,-0.00028842728,0.70793414,0.71633524,-7.848939e-10,2.6020643e-09,0.6977563,1
2382617372,2382616791,0.7062611,-0.00012720456,-0.00028687285,0.70795137,0.71633524,-7.848939e-10,2.6020643e-09,0.6977563,1
2382628265,2382627659,0.70624435,-0.00010233049,-0.00020315438,0.7079682,0.71633524,-7.848939e-10,2.6020643e-09,0.6977563,1
2382632303,2382631802,0.7062351,-7.629972e-05,-0.00021248238,0.70797735,0.71633524,-7.848939e-10,2.6020643e-09,0.6977563,1
2382642558,2382642088,0.70619607,-4.0360927e-05,-0.00020298577,0.7080164,0.71633524,-7.848939e-10,2.6020643e-09,0.6977563,1
2382652639,2382646982,0.7062542,-5.3754262e-05,-0.00027032572,0.7079584,0.71633524,-7.848939e-10,2.6020643e-09,0.6977563,1
2382653802,2382653286,0.7062061,-5.150122e-05,-0.00028129335,0.70800626,0.71633524,-7.848939e-10,2.6020643e-09,0.6977563,1
2382662698,2382662108,0.7062552,-2.2583361e-05,-0.00037528606,0.70795727,0.71633524,-7.848939e-10,2.6020643e-09,0.6977563,1
2382667685,2382667151,0.70627284,-2.393259e-05,-0.00040305217,0.7079397,0.71633524,-7.848939e-10,2.6020643e-09,0.6977563,1
2382678035,2382677329,0.7062505,7.111572e-05,-0.00048382804,0.7079619,0.71633524,-7.848939e-10,2.6020643e-09,0.6977563,1
2382687956,2382687362,0.70625484,0.00016622708,-0.0005163601,0.7079575,0.71633524,-7.848939e-10,2.6020643e-09,0.6977563,1
2382693036,2382692447,0.70620936,0.00021479491,-0.00055399555,0.70800287,0.71633524,-7.848939e-10,2.6020643e-09,0.6977563,1
2382698129,2382697523,0.70629114,0.00024991113,-0.0005574292,0.70792127,0.71633524,-7.848939e-10,2.6020643e-09,0.6977563,1
2382703276,2382702726,0.7063201,0.00026206567,-0.0005733158,0.70789236,0.71633524,-7.848939e-10,2.6020643e-09,0.6977563,1
2382708427,2382707803,0.70628685,0.00029396373,-0.00061291154,0.7079255,0.71633524,-7.848939e-10,2.6020643e-09,0.6977563,1
2382713412,2382712798,0.7063418,0.00033036445,-0.0006428215,0.70787066,0.71633524,-7.848939e-10,2.6020643e-09,0.6977563,1
2382718387,2382717665,0.70640093,0.00032735395,-0.00065924885,0.70781153,0.71633524,-7.848939e-10,2.6020643e-09,0.6977563,1
2382727124,2382722745,0.7063536,0.0003544531,-0.00072877185,0.7078587,0.71633524,-7.848939e-10,2.6020643e-09,0.6977563,1
2382729668,2382729117,0.7064163,0.00041227232,-0.00080258754,0.70779604,0.71633524,-7.848939e-10,2.6020643e-09,0.6977563,1
2382733462,2382732874,0.7064375,0.00039857146,-0.00080635364,0.7077748,0.71633524,-7.848939e-10,2.6020643e-09,0.6977563,1
2382742227,2382738497,0.70642656,0.00041737634,-0.00086581777,0.7077857,0.71633524,-7.848939e-10,2.6020643e-09,0.6977563,1
2382750251,2382747974,0.706419,0.00043396477,-0.00089566177,0.70779324,0.71633524,-7.848939e-10,2.6020643e-09,0.6977563,1
2382758749,2382758110,0.70643,0.00046701648,-0.0010250104,0.70778203,0.71633524,-7.848939e-10,2.6020643e-09,0.6977563,1
2382767607,2382763245,0.70643556,0.00040760895,-0.0009683665,0.7077766,0.71633524,-7.848939e-10,2.6020643e-09,0.6977563,1
2382769245,2382768671,0.706469,0.00041566958,-0.0010783853,0.70774305,0.71633524,-7.848939e-10,2.6020643e-09,0.6977563,1
2382773879,2382773310,0.706483,0.00041820906,-0.0011224082,0.70772904,0.71633524,-7.848939e-10,2.6020643e-09,0.6977563,1
2382778989,2382778417,0.7064906,0.00045891374,-0.0011300805,0.7077214,0.71633524,-7.848939e-10,2.6020643e-09,0.6977563,1
2382783952,2382783367,0.70651203,0.00045169058,-0.0012068178,0.7076999,0.71633524,-7.848939e-10,2.6020643e-09,0.6977563,1
2382788999,2382788428,0.7065799,0.00049609493,-0.0012761445,0.70763195,0.71633524,-7.848939e-10,2.6020643e-09,0.6977563,1
2382794152,2382793544,0.7065588,0.0005276314,-0.0013196553,0.7076529,0.71633524,-7.848939e-10,2.6020643e-09,0.6977563,1
2382804999,2382804214,0.7066788,0.00058813085,-0.0015112113,0.7075327,0.71633524,-7.848939e-10,2.6020643e-09,0.6977563,1
2382809237,2382808693,0.7067086,0.00058114924,-0.0015994952,0.7075028,0.71633524,-7.848939e-10,2.6020643e-09,0.6977563,1
2382820588,2382818732,0.7067567,0.0005467367,-0.0018343548,0.70745414,0.71633524,-7.848939e-10,2.6020643e-09,0.6977563,1
2382824554,2382823907,0.70671535,0.00050569454,-0.0019362648,0.7074952,0.71633524,-7.848939e-10,2.6020643e-09,0.6977563,1
2382829561,2382828853,0.7066604,0.00047228645,-0.0020781497,0.70754975,0.71633524,-7.848939e-10,2.6020643e-09,0.6977563,1
2382834675,2382833942,0.706761,0.00042327162,-0.0022462409,0.7074488,0.71633524,-7.848939e-10,2.6020643e-09,0.6977563,1
2382839446,2382838964,0.7067975,0.0003619801,-0.0023294238,0.7074121,0.71633524,-7.848939e-10,2.6020643e-09,0.6977563,1
2382848291,2382843991,0.7067937,0.00032596104,-0.002461317,0.70741534,0.71633524,-7.848939e-10,2.6020643e-09,0.6977563,1
2382856561,2382855454,0.70689285,0.0002479138,-0.0026572682,0.7073157,0.71633524,-7.848939e-10,2.6020643e-09,0.6977563,1
2382866037,2382865468,0.7069795,0.00018486049,-0.0027950066,0.70722854,0.71633524,-7.848939e-10,2.6020643e-09,0.6977563,1
2382871023,2382870541,0.70699817,0.00020250934,-0.0028962768,0.70720947,0.71633524,-7.848939e-10,2.6020643e-09,0.6977563,1
2382880198,2382875609,0.7069721,0.0002306625,-0.0029727605,0.70723516,0.71633524,-7.848939e-10,2.6020643e-09,0.6977563,1
2382881212,2382880773,0.70700735,0.00021966893,-0.0030140905,0.70719975,0.71633524,-7.848939e-10,2.6020643e-09,0.6977563,1
2382897679,2382897113,0.7071035,0.00024161793,-0.003345619,0.7071022,0.71633524,-7.848939e-10,2.6020643e-09,0.6977563,1
2382907839,2382907223,0.70709634,0.00029179544,-0.003487437,0.70710856,0.71633524,-7.848939e-10,2.6020643e-09,0.6977563,1
2382913120,2382912229,0.70714515,0.00025395304,-0.003562259,0.70705944,0.71633524,-7.848939e-10,2.6020643e-09,0.6977563,1
2382917850,2382917335,0.70718575,0.00028445822,-0.0036800068,0.70701826,0.71633524,-7.848939e-10,2.6020643e-09,0.6977563,1
2382923356,2382922333,0.7071457,0.00024148199,-0.0037155342,0.70705813,0.71633524,-7.848939e-10,2.6020643e-09,0.6977563,1
2382932924,2382927375,0.70719165,0.0002531953,-0.0038096786,0.70701164,0.71633524,-7.848939e-10,2.6020643e-09,0.6977563,1
2382935122,2382933844,0.7072057,0.0002385162,-0.0038379037,0.7069974,0.71633524,-7.848939e-10,2.6020643e-09,0.6977563,1
2382939449,2382938721,0.7072659,0.0002681029,-0.003909907,0.7069368,0.71633524,-7.848939e-10,2.6020643e-09,0.6977563,1
2382944519,2382943943,0.7073946,0.00026710748,-0.003953264,0.7068078,0.71633524,-7.848939e-10,2.6020643e-09,0.6977563,1
2382949468,2382948944,0.70737964,0.00028328458,-0.003965331,0.70682263,0.71633524,-7.848939e-10,2.6020643e-09,0.6977563,1
2382960813,2382960329,0.70744354,0.00030465945,-0.004008442,0.70675844,0.71633524,-7.848939e-10,2.6020643e-09,0.6977563,1
2382970005,2382965809,0.7074251,0.00038081495,-0.0040798928,0.7067765,0.71633524,-7.848939e-10,2.6020643e-09,0.6977563,1
2382975952,2382975388,0.7074808,0.00038525826,-0.004105801,0.70672065,0.71633524,-7.848939e-10,2.6020643e-09,0.6977563,1
2382984692,2382984188,0.70746577,0.00044579987,-0.0041632904,0.70673525,0.71633524,-7.848939e-10,2.6020643e-09,0.6977563,1
2382989816,2382989292,0.7075227,0.00045000695,-0.004145081,0.7066784,0.71633524,-7.848939e-10,2.6020643e-09,0.6977563,1
2382994985,2382994350,0.7075884,0.000442385,-0.004141612,0.7066127,0.71633524,-7.848939e-10,2.6020643e-09,0.6977563,1
2383005126,2382999470,0.70758176,0.000493136,-0.004168812,0.7066191,0.71633524,-7.848939e-10,2.6020643e-09,0.6977563,1
2383007060,2383005892,0.7076173,0.0005277158,-0.0041643474,0.7065835,0.71633524,-7.848939e-10,2.6020643e-09,0.6977563,1
2383011370,2383010747,0.70765656,0.00057705113,-0.0042221383,0.7065438,0.71633524,-7.848939e-10,2.6020643e-09,0.6977563,1
2383020305,2383016272,0.70767295,0.0007194646,-0.0042902716,0.70652676,0.71633524,-7.848939e-10,2.6020643e-09,0.6977563,1
2383026659,2383026104,0.7077653,0.0008184584,-0.0044188793,0.70643336,0.71633524,-7.848939e-10,2.6020643e-09,0.6977563,1
2383031531,2383030973,0.70778596,0.0009187907,-0.004495713,0.7064121,0.71633524,-7.848939e-10,2.6020643e-09,0.6977563,1
2383042527,2383041897,0.7078995,0.0010701598,-0.0046283025,0.7062972,0.71633524,-7.848939e-10,2.6020643e-09,0.6977563,1
2383046775,2383046155,0.70790607,0.0011073481,-0.0046396265,0.7062905,0.71633524,-7.848939e-10,2.6020643e-09,0.6977563,1
2383057038,2383056219,0.7079361,0.0011810322,-0.004697567,0.70625997,0.71633524,-7.848939e-10,2.6020643e-09,0.6977563,1
2383061933,2383061298,0.7079733,0.0012343733,-0.004676179,0.7062227,0.71633524,-7.848939e-10,2.6020643e-09,0.6977563,1
2383067026,2383066430,0.70795166,0.0012838048,-0.004679665,0.7062443,0.71633524,-7.848939e-10,2.6020643e-09,0.6977563,1
2383072122,2383071481,0.7080038,0.0013364725,-0.004713275,0.70619166,0.71633524,-7.848939e-10,2.6020643e-09,0.6977563,1
2383084932,2383084229,0.708056,0.0015294374,-0.004721877,0.7061389,0.71633524,-7.848939e-10,2.6020643e-09,0.6977563,1
2383088778,2383088237,0.7081148,0.0015731665,-0.0046806005,0.7060801,0.71633524,-7.848939e-10,2.6020643e-09,0.6977563,1
2383093508,2383092902,0.7080831,0.0016710663,-0.0047166734,0.70611143,0.71633524,-7.848939e-10,2.6020643e-09,0.6977563,1
2383098372,2383097917,0.70808583,0.0017894062,-0.0047295457,0.70610833,0.71633524,-7.848939e-10,2.6020643e-09,0.6977563,1
2383103511,2383102965,0.70818245,0.0018713154,-0.0046966,0.7060114,0.71633524,-7.848939e-10,2.6020643e-09,0.6977563,1
2383114656,2383113672,0.7081543,0.002176135,-0.004779348,0.70603824,0.71633524,-7.848939e-10,2.6020643e-09,0.6977563,1
2383118596,2383118146,0.7081932,0.0022919404,-0.0047764936,0.70599884,0.71633524,-7.848939e-10,2.6020643e-09,0.6977563,1
2383128691,2383128262,0.7081968,0.0025556674,-0.004829971,0.70599395,0.71633524,-7.848939e-10,2.6020643e-09,0.6977563,1
2383137725,2383133454,0.708175,0.0026370261,-0.0048321197,0.7060155,0.71633524,-7.848939e-10,2.6020643e-09,0.6977563,1
2383144090,2383143445,0.70822954,0.0028194545,-0.004928563,0.70595944,0.71633524,-7.848939e-10,2.6020643e-09,0.6977563,1
2383154178,2383152267,0.70823205,0.0029422627,-0.0049444786,0.7059564,0.71633524,-7.848939e-10,2.6020643e-09,0.6977563,1
2383166992,2383166332,0.70830214,0.0031524552,-0.0050623505,0.7058842,0.71633524,-7.848939e-10,2.6020643e-09,0.6977563,1
2383171753,2383171177,0.70827514,0.0031614895,-0.0049916767,0.7059118,0.71633524,-7.848939e-10,2.6020643e-09,0.6977563,1
2383180719,2383176438,0.7082948,0.0031692157,-0.0050104265,0.70589185,0.71633524,-7.848939e-10,2.6020643e-09,0.6977563,1
2383187018,2383186364,0.70831877,0.0032555535,-0.0049640615,0.7058678,0.71633524,-7.848939e-10,2.6020643e-09,0.6977563,1
2383191964,2383191413,0.7083354,0.0032982903,-0.0049560964,0.705851,0.71633524,-7.848939e-10,2.6020643e-09,0.6977563,1
2383197016,2383196485,0.70838416,0.0033568798,-0.0049273665,0.705802,0.71633524,-7.848939e-10,2.6020643e-09,0.6977563,1
2383207179,2383201562,0.70834357,0.0033929509,-0.0048501827,0.70584303,0.71633524,-7.848939e-10,2.6020643e-09,0.6977563,1
2383212224,2383211630,0.7084002,0.0035331438,-0.0048143337,0.7057858,0.71633524,-7.848939e-10,2.6020643e-09,0.6977563,1
2383217366,2383216664,0.70842123,0.0035924166,-0.004790218,0.70576453,0.71633524,-7.848939e-10,2.6020643e-09,0.6977563,1
2383231145,2383230524,0.7084917,0.0038376953,-0.0048173578,0.70569235,0.71633524,-7.848939e-10,2.6020643e-09,0.6977563,1
2383242039,2383240708,0.70844394,0.0039909207,-0.0048439964,0.7057392,0.71633524,-7.848939e-10,2.6020643e-09,0.6977563,1
2383251411,2383250751,0.70847887,0.0040909844,-0.004856484,0.70570344,0.71633524,-7.848939e-10,2.6020643e-09,0.6977563,1
2383262597,2383262153,0.7084867,0.004192869,-0.00483938,0.70569515,0.71633524,-7.848939e-10,2.6020643e-09,0.6977563,1
2383267841,2383267215,0.7084403,0.004285978,-0.004930133,0.7057405,0.71633524,-7.848939e-10,2.6020643e-09,0.6977563,1
2383276646,2383276058,0.7084191,0.0043302374,-0.004863746,0.705762,0.71633524,-7.848939e-10,2.6020643e-09,0.6977563,1
2383281906,2383281118,0.7084794,0.0043260637,-0.004748724,0.70570225,0.71633524,-7.848939e-10,2.6020643e-09,0.6977563,1
2383292129,2383291693,0.7084193,0.0044256235,-0.0046516173,0.7057626,0.71633524,-7.848939e-10,2.6020643e-09,0.6977563,1
2383296802,2383296246,0.70838946,0.004445744,-0.004607947,0.7057928,0.71633524,-7.848939e-10,2.6020643e-09,0.6977563,1
2383301948,2383301263,0.70837396,0.004487723,-0.0045867832,0.7058082,0.71633524,-7.848939e-10,2.6020643e-09,0.6977563,1
2383310910,2383306936,0.7083467,0.004603339,-0.004616007,0.7058346,0.71633524,-7.848939e-10,2.6020643e-09,0.6977563,1
2383313180,2383311456,0.70829564,0.004639563,-0.0045766947,0.7058859,0.71633524,-7.848939e-10,2.6020643e-09,0.6977563,1
2383324090,2383322966,0.7082462,0.004781404,-0.004547806,0.70593476,0.71633524,-7.848939e-10,2.6020643e-09,0.6977563,1
2383328524,2383327839,0.70824134,0.0048107407,-0.0045371405,0.7059395,0.71633524,-7.848939e-10,2.6020643e-09,0.6977563,1
2383333549,2383332912,0.7082719,0.004862685,-0.0045404476,0.7059084,0.71633524,-7.848939e-10,2.6020643e-09,0.6977563,1
2383342644,2383338508,0.70819306,0.0048706126,-0.0044363094,0.7059881,0.71633524,-7.848939e-10,2.6020643e-09,0.6977563,1
2383344262,2383343328,0.70817065,0.0048753205,-0.004412919,0.70601064,0.71633524,-7.848939e-10,2.6020643e-09,0.6977563,1
2383353679,2383353096,0.70815754,0.004895531,-0.004294635,0.7060245,0.71633524,-7.848939e-10,2.6020643e-09,0.6977563,1
2383363810,2383358149,0.7080873,0.0049168235,-0.0042600706,0.706095,0.71633524,-7.848939e-10,2.6020643e-09,0.6977563,1
2383368933,2383368267,0.7081078,0.004956373,-0.004199433,0.7060745,0.71633524,-7.848939e-10,2.6020643e-09,0.6977563,1
2383373986,2383373422,0.7080132,0.004973024,-0.004176241,0.70616937,0.71633524,-7.848939e-10,2.6020643e-09,0.6977563,1
2383378888,2383378397,0.70801514,0.0050178054,-0.0041623195,0.70616716,0.71633524,-7.848939e-10,2.6020643e-09,0.6977563,1
2383387920,2383387246,0.7079977,0.005022049,-0.004132433,0.70618486,0.71633524,-7.848939e-10,2.6020643e-09,0.6977563,1
2383392747,2383392270,0.7079316,0.005010654,-0.0040908866,0.7062515,0.71633524,-7.848939e-10,2.6020643e-09,0.6977563,1
2383402695,2383402349,0.7078991,0.0050443453,-0.0041209655,0.70628357,0.71633524,-7.848939e-10,2.6020643e-09,0.6977563,1
2383408031,2383407453,0.70787764,0.0050220853,-0.0040644873,0.7063056,0.71633524,-7.848939e-10,2.6020643e-09,0.6977563,1
2383413026,2383412531,0.707821,0.0050254376,-0.0040786057,0.7063622,0.71633524,-7.848939e-10,2.6020643e-09,0.6977563,1
2383418214,2383417626,0.70785207,0.0050044023,-0.0039994824,0.70633173,0.71633524,-7.848939e-10,2.6020643e-09,0.6977563,1
2383423095,2383422531,0.7078326,0.0049893246,-0.003992193,0.7063514,0.71633524,-7.848939e-10,2.6020643e-09,0.6977563,1
2383433195,2383432712,0.7077715,0.004980682,-0.003959817,0.70641285,0.71633524,-7.848939e-10,2.6020643e-09,0.6977563,1
2383443602,2383442836,0.70775443,0.0049345028,-0.0039272113,0.70643044,0.71633524,-7.848939e-10,2.6020643e-09,0.6977563,1
2383448891,2383448199,0.7077442,0.0049114,-0.003893816,0.706441,0.71633524,-7.848939e-10,2.6020643e-09,0.6977563,1
2383453525,2383452930,0.70773154,0.00485553,-0.0038801646,0.70645416,0.71633524,-7.848939e-10,2.6020643e-09,0.6977563,1
2383458545,2383457951,0.7077466,0.004809634,-0.0039100368,0.7064392,0.71633524,-7.848939e-10,2.6020643e-09,0.6977563,1
2383463597,2383463007,0.70773005,0.004791955,-0.0039325915,0.7064559,0.71633524,-7.848939e-10,2.6020643e-09,0.6977563,1
2383473737,2383468072,0.70770776,0.0047206343,-0.003922853,0.70647866,0.71633524,-7.848939e-10,2.6020643e-09,0.6977563,1
2383480252,2383479463,0.70773137,0.004572004,-0.003977475,0.7064557,0.71633524,-7.848939e-10,2.6020643e-09,0.6977563,1
2383490165,2383489540,0.7077881,0.004404752,-0.004022048,0.7063997,0.71633524,-7.848939e-10,2.6020643e-09,0.6977563,1
2383501061,2383500507,0.70773596,0.0041967044,-0.0040331376,0.7064531,0.71633524,-7.848939e-10,2.6020643e-09,0.6977563,1
2383505312,2383504703,0.70776623,0.00414096,-0.0040437644,0.7064231,0.71633524,-7.848939e-10,2.6020643e-09,0.6977563,1
2383510525,2383509690,0.7077848,0.004115235,-0.004044404,0.7064047,0.71633524,-7.848939e-10,2.6020643e-09,0.6977563,1
2383522321,2383521233,0.7077971,0.004090361,-0.0041063437,0.70639205,0.71633524,-7.848939e-10,2.6020643e-09,0.6977563,1
2383526814,2383526235,0.7077761,0.0041213115,-0.004150147,0.7064126,0.71633524,-7.848939e-10,2.6020643e-09,0.6977563,1
2383532123,2383531201,0.7078234,0.0041500023,-0.0042122845,0.70636475,0.71633524,-7.848939e-10,2.6020643e-09,0.6977563,1
2383536777,2383536237,0.70782965,0.004160156,-0.0042318176,0.7063583,0.71633524,-7.848939e-10,2.6020643e-09,0.6977563,1
2383547035,2383546498,0.70778334,0.004185373,-0.004352255,0.7064038,0.71633524,-7.848939e-10,2.6020643e-09,0.6977563,1
2383557152,2383551442,0.7078195,0.0040807053,-0.004302876,0.7063685,0.71633524,-7.848939e-10,2.6020643e-09,0.6977563,1
2383562204,2383561666,0.70776826,0.0039961855,-0.0043911315,0.7064198,0.71633524,-7.848939e-10,2.6020643e-09,0.6977563,1
2383567221,2383566614,0.70777977,0.0038966096,-0.0043598083,0.706409,0.71633524,-7.848939e-10,2.6020643e-09,0.6977563,1
2383572237,2383571677,0.70777756,0.0038625076,-0.0044012405,0.7064111,0.71633524,-7.848939e-10,2.6020643e-09,0.6977563,1
2383582333,2383578118,0.7077573,0.0038517034,-0.004392142,0.7064315,0.71633524,-7.848939e-10,2.6020643e-09,0.6977563,1
2383588616,2383588080,0.7077334,0.0038324783,-0.004397014,0.7064556,0.71633524,-7.848939e-10,2.6020643e-09,0.6977563,1
2383598849,2383598312,0.70773476,0.0038309682,-0.004298686,0.7064548,0.71633524,-7.848939e-10,2.6020643e-09,0.6977563,1
2383603902,2383603258,0.7077541,0.0038898962,-0.004290117,0.7064352,0.71633524,-7.848939e-10,2.6020643e-09,0.6977563,1
2383608863,2383608285,0.7077334,0.0039442023,-0.00428356,0.7064557,0.71633524,-7.848939e-10,2.6020643e-09,0.6977563,1
2383613922,2383613402,0.7077309,0.0039171875,-0.004257605,0.7064585,0.71633524,-7.848939e-10,2.6020643e-09,0.6977563,1
2383619130,2383618390,0.70775956,0.0039392635,-0.004293072,0.7064294,0.71633524,-7.848939e-10,2.6020643e-09,0.6977563,1
2383624124,2383623526,0.7077193,0.0038992586,-0.0042794384,0.70647,0.71633524,-7.848939e-10,2.6020643e-09,0.6977563,1
2383634403,2383633747,0.7077288,0.0038652117,-0.0044049234,0.70645994,0.71633524,-7.848939e-10,2.6020643e-09,0.6977563,1
2383639165,2383638580,0.70773816,0.0038245716,-0.0044139293,0.7064507,0.71633524,-7.848939e-10,2.6020643e-09,0.6977563,1
2383648230,2383643802,0.70770735,0.003792217,-0.0044369893,0.70648164,0.71633524,-7.848939e-10,2.6020643e-09,0.6977563,1
2383650334,2383648692,0.7077238,0.0037566095,-0.0044982163,0.70646495,0.71633524,-7.848939e-10,2.6020643e-09,0.6977563,1
2383654475,2383653793,0.70776063,0.0037221008,-0.0045194593,0.7064282,0.71633524,-7.848939e-10,2.6020643e-09,0.6977563,1
2383664835,2383658791,0.70769745,0.0036580334,-0.0045255055,0.70649165,0.71633524,-7.848939e-10,2.6020643e-09,0.6977563,1
2383669621,2383669005,0.70772797,0.0035442123,-0.004527795,0.70646167,0.71633524,-7.848939e-10,2.6020643e-09,0.6977563,1
2383678487,2383677932,0.70767874,0.003408163,-0.004484799,0.706512,0.71633524,-7.848939e-10,2.6020643e-09,0.6977563,1
2383688535,2383682885,0.7076847,0.0033366159,-0.0044988105,0.7065062,0.71633524,-7.848939e-10,2.6020643e-09,0.6977563,1
2383694860,2383694175,0.7077002,0.0031974057,-0.004531868,0.7064911,0.71633524,-7.848939e-10,2.6020643e-09,0.6977563,1
2383700033,2383699337,0.70775914,0.0031218757,-0.004574415,0.70643216,0.71633524,-7.848939e-10,2.6020643e-09,0.6977563,1
2383704908,2383704309,0.70775795,0.003007246,-0.004554053,0.70643395,0.71633524,-7.848939e-10,2.6020643e-09,0.6977563,1
2383714947,2383709331,0.70773673,0.0029361742,-0.0045962613,0.7064553,0.71633524,-7.848939e-10,2.6020643e-09,0.6977563,1
2383716151,2383715655,0.7078195,0.0027737354,-0.0045702355,0.70637316,0.71633524,-7.848939e-10,2.6020643e-09,0.6977563,1
2383725178,2383724554,0.70771086,0.0026940797,-0.0047531435,0.7064811,0.71633524,-7.848939e-10,2.6020643e-09,0.6977563,1
2383735235,2383734680,0.707782,0.002548157,-0.0047919685,0.7064101,0.71633524,-7.848939e-10,2.6020643e-09,0.6977563,1
2383745376,2383744718,0.7077652,0.002470867,-0.0048576198,0.70642674,0.71633524,-7.848939e-10,2.6020643e-09,0.6977563,1
2383750388,2383749800,0.70778584,0.0023934334,-0.004856823,0.70640635,0.71633524,-7.848939e-10,2.6020643e-09,0.6977563,1
2383755450,2383754871,0.70780414,0.0023340087,-0.0048734,0.7063881,0.71633524,-7.848939e-10,2.6020643e-09,0.6977563,1
2383760578,2383759942,0.70779306,0.0022841424,-0.004878497,0.7063994,0.71633524,-7.848939e-10,2.6020643e-09,0.6977563,1
2383765694,2383765038,0.70779717,0.0021760678,-0.004835167,0.7063959,0.71633524,-7.848939e-10,2.6020643e-09,0.6977563,1
2383777070,2383775030,0.7078532,0.0019928569,-0.004839906,0.7063402,0.71633524,-7.848939e-10,2.6020643e-09,0.6977563,1
2383780616,2383780080,0.70782226,0.0018965345,-0.0048038797,0.7063717,0.71633524,-7.848939e-10,2.6020643e-09,0.6977563,1
2383785816,2383785161,0.7078444,0.0017933535,-0.004819112,0.70634973,0.71633524,-7.848939e-10,2.6020643e-09,0.6977563,1
2383796241,2383795370,0.7078976,0.0016951747,-0.004889068,0.7062962,0.71633524,-7.848939e-10,2.6020643e-09,0.6977563,1
2383801035,2383800375,0.7079158,0.001633279,-0.00494697,0.70627767,0.71633524,-7.848939e-10,2.6020643e-09,0.6977563,1
2383809708,2383805605,0.7079791,0.0016230233,-0.005011038,0.70621383,0.71633524,-7.848939e-10,2.6020643e-09,0.6977563,1
2383811998,2383810649,0.707968,0.0015508272,-0.005008199,0.7062251,0.71633524,-7.848939e-10,2.6020643e-09,0.6977563,1
2383821249,2383819296,0.70794314,0.0015208002,-0.0050800894,0.70624954,0.71633524,-7.848939e-10,2.6020643e-09,0.6977563,1
2383824915,2383824364,0.7080001,0.0014658686,-0.005090671,0.7061925,0.71633524,-7.848939e-10,2.6020643e-09,0.6977563,1
2383830000,2383829482,0.7080297,0.0014173074,-0.005067249,0.70616305,0.71633524,-7.848939e-10,2.6020643e-09,0.6977563,1
2383835179,2383834412,0.70789695,0.0013712489,-0.0050779623,0.7062962,0.71633524,-7.848939e-10,2.6020643e-09,0.6977563,1
2383840058,2383839491,0.7079488,0.0013442722,-0.0050409613,0.7062446,0.71633524,-7.848939e-10,2.6020643e-09,0.6977563,1
2383850022,2383849610,0.707981,0.001256826,-0.004989438,0.7062127,0.71633524,-7.848939e-10,2.6020643e-09,0.6977563,1
2383859243,2383855107,0.70799625,0.0013250804,-0.0050065946,0.70619726,0.71633524,-7.848939e-10,2.6020643e-09,0.6977563,1
2383865377,2383859704,0.70802355,0.0012995342,-0.004988356,0.70617014,0.71633524,-7.848939e-10,2.6020643e-09,0.6977563,1
2383870410,2383869818,0.70800084,0.0014122678,-0.0050318674,0.7061923,0.71633524,-7.848939e-10,2.6020643e-09,0.6977563,1
2383875486,2383874840,0.7080247,0.0014041795,-0.0049863704,0.7061687,0.71633524,-7.848939e-10,2.6020643e-09,0.6977563,1
2383885548,2383884914,0.7080283,0.001431138,-0.005038772,0.70616466,0.71633524,-7.848939e-10,2.6020643e-09,0.6977563,1
2383890571,2383889991,0.7080088,0.0014058746,-0.004998795,0.70618457,0.71633524,-7.848939e-10,2.6020643e-09,0.6977563,1
2383900723,2383895025,0.7080252,0.0013794316,-0.0050201705,0.706168,0.71633524,-7.848939e-10,2.6020643e-09,0.6977563,1
2383902188,2383901620,0.70800054,0.0013412447,-0.0050189253,0.70619285,0.71633524,-7.848939e-10,2.6020643e-09,0.6977563,1
2383907597,2383906575,0.70801777,0.0013178306,-0.0050542327,0.7061753,0.71633524,-7.848939e-10,2.6020643e-09,0.6977563,1
2383911990,2383911458,0.7080214,0.0013351132,-0.005139183,0.70617104,0.71633524,-7.848939e-10,2.6020643e-09,0.6977563,1
2383921957,2383921563,0.7080031,0.0012939476,-0.005219393,0.7061889,0.71633524,-7.848939e-10,2.6020643e-09,0.6977563,1
2383927309,2383926717,0.7080324,0.0012881381,-0.0052838395,0.70615906,0.71633524,-7.848939e-10,2.6020643e-09,0.6977563,1
2383932317,2383931698,0.7080165,0.0012746208,-0.0053084246,0.7061748,0.71633524,-7.848939e-10,2.6020643e-09,0.6977563,1
2383942284,2383941851,0.70800275,0.0012006193,-0.005341962,0.7061885,0.71633524,-7.848939e-10,2.6020643e-09,0.6977563,1
2383947825,2383946826,0.7080084,0.0011868115,-0.0053416034,0.70618284,0.71633524,-7.848939e-10,2.6020643e-09,0.6977563,1
2383952492,2383951971,0.7079461,0.0011298411,-0.0052971127,0.7062457,0.71633524,-7.848939e-10,2.6020643e-09,0.6977563,1
2383963837,2383963337,0.70790637,0.0010645402,-0.0051747416,0.7062866,0.71633524,-7.848939e-10,2.6020643e-09,0.6977563,1
2383969022,2383968278,0.7079103,0.001066536,-0.005167143,0.70628273,0.71633524,-7.848939e-10,2.6020643e-09,0.6977563,1
2383980440,2383978475,0.70787114,0.0010109437,-0.005074617,0.70632267,0.71633524,-7.848939e-10,2.6020643e-09,0.6977563,1
2383994225,2383993603,0.70781565,0.0010658407,-0.005070348,0.7063782,0.71633524,-7.848939e-10,2.6020643e-09,0.6977563,1
2384005571,2384005063,0.70774865,0.001163819,-0.005143366,0.7064446,0.71633524,-7.848939e-10,2.6020643e-09,0.6977563,1
2384010648,2384010046,0.7077099,0.0012435055,-0.0052042594,0.70648295,0.71633524,-7.848939e-10,2.6020643e-09,0.6977563,1
2384015675,2384015074,0.7077046,0.0012566842,-0.0052018436,0.7064883,0.71633524,-7.848939e-10,2.6020643e-09,0.6977563,1
2384026162,2384025814,0.707698,0.0013266845,-0.0053123613,0.7064939,0.71633524,-7.848939e-10,2.6020643e-09,0.6977563,1
2384030819,2384030194,0.70768565,0.0013306154,-0.005339585,0.70650613,0.71633524,-7.848939e-10,2.6020643e-09,0.6977563,1
2384035784,2384035261,0.7076478,0.0013022114,-0.00536652,0.7065438,0.71633524,-7.848939e-10,2.6020643e-09,0.6977563,1
2384047310,2384046856,0.70758194,0.0012860661,-0.005420795,0.7066094,0.71633524,-7.848939e-10,2.6020643e-09,0.6977563,1
2384052286,2384051665,0.7076074,0.0013131122,-0.0054703965,0.7065835,0.71633524,-7.848939e-10,2.6020643e-09,0.6977563,1
2384057296,2384056738,0.70758736,0.0012955461,-0.0054620514,0.70660365,0.71633524,-7.848939e-10,2.6020643e-09,0.6977563,1
2384067594,2384066988,0.707495,0.0012644364,-0.0053692213,0.7066969,0.71633524,-7.848939e-10,2.6020643e-09,0.6977563,1
2384072509,2384071876,0.70751685,0.0012631085,-0.005318491,0.7066753,0.71633524,-7.848939e-10,2.6020643e-09,0.6977563,1
2384081266,2384080708,0.7074552,0.0013056347,-0.0052531115,0.70673746,0.71633524,-7.848939e-10,2.6020643e-09,0.6977563,1
2384091627,2384091127,0.7074344,0.001408013,-0.005206979,0.70675844,0.71633524,-7.848939e-10,2.6020643e-09,0.6977563,1
2384096595,2384096010,0.7073913,0.001427694,-0.005193943,0.70680165,0.71633524,-7.848939e-10,2.6020643e-09,0.6977563,1
2384106495,2384100994,0.7073131,0.001498795,-0.00523119,0.70687944,0.71633524,-7.848939e-10,2.6020643e-09,0.6977563,1
2384108826,2384108271,0.70732343,0.0015474779,-0.005239994,0.706869,0.71633524,-7.848939e-10,2.6020643e-09,0.6977563,1
2384112940,2384112399,0.707277,0.0016116861,-0.005283371,0.70691496,0.71633524,-7.848939e-10,2.6020643e-09,0.6977563,1
2384117853,2384117347,0.7073089,0.0016700362,-0.0053232335,0.70688266,0.71633524,-7.848939e-10,2.6020643e-09,0.6977563,1
2384129456,2384128765,0.7072588,0.0017588933,-0.005374644,0.7069321,0.71633524,-7.848939e-10,2.6020643e-09,0.6977563,1
2384133419,2384132786,0.70722944,0.0018090393,-0.0053922716,0.7069613,0.71633524,-7.848939e-10,2.6020643e-09,0.6977563,1
2384138338,2384137676,0.7072334,0.0017762393,-0.005321037,0.7069579,0.71633524,-7.848939e-10,2.6020643e-09,0.6977563,1
2384146972,2384143085,0.70722383,0.0018021136,-0.005318189,0.7069675,0.71633524,-7.848939e-10,2.6020643e-09,0.6977563,1
2384153427,2384152819,0.70717144,0.0017927394,-0.005166399,0.707021,0.71633524,-7.848939e-10,2.6020643e-09,0.6977563,1
2384158478,2384157870,0.7071674,0.0018154522,-0.005166293,0.70702505,0.71633524,-7.848939e-10,2.6020643e-09,0.6977563,1
2384163620,2384162976,0.70714796,0.0018771098,-0.0051603075,0.7070443,0.71633524,-7.848939e-10,2.6020643e-09,0.6977563,1
2384168723,2384168013,0.7071267,0.0019300423,-0.0051189926,0.70706576,0.71633524,-7.848939e-10,2.6020643e-09,0.6977563,1
2384173628,2384172970,0.7071133,0.0019420135,-0.005152889,0.7070788,0.71633524,-7.848939e-10,2.6020643e-09,0.6977563,1
2384185828,2384183049,0.7071245,0.002136482,-0.0052137864,0.7070667,0.71633524,-7.848939e-10,2.6020643e-09,0.6977563,1
2384188691,2384188127,0.70709705,0.002198779,-0.0052427165,0.7070937,0.71633524,-7.848939e-10,2.6020643e-09,0.6977563,1
2384193805,2384193339,0.7072161,0.0023261528,-0.0053616427,0.7069733,0.71633524,-7.848939e-10,2.6020643e-09,0.6977563,1
2384198931,2384198294,0.70722836,0.0023752386,-0.005416312,0.70696044,0.71633524,-7.848939e-10,2.6020643e-09,0.6977563,1
2384210041,2384209598,0.7072258,0.0024307182,-0.005402137,0.70696294,0.71633524,-7.848939e-10,2.6020643e-09,0.6977563,1
2384219007,2384214735,0.7071756,0.0024632514,-0.005379958,0.70701325,0.71633524,-7.848939e-10,2.6020643e-09,0.6977563,1
2384225342,2384224728,0.7072194,0.0024969336,-0.0052550673,0.7069703,0.71633524,-7.848939e-10,2.6020643e-09,0.6977563,1
2384234237,2384233591,0.70715654,0.0025901822,-0.0051766415,0.7070334,0.71633524,-7.848939e-10,2.6020643e-09,0.6977563,1
2384243433,2384238791,0.70712626,0.0026912524,-0.0051358077,0.7070635,0.71633524,-7.848939e-10,2.6020643e-09,0.6977563,1
2384245779,2384243707,0.7071404,0.002757935,-0.0050641466,0.7070497,0.71633524,-7.848939e-10,2.6020643e-09,0.6977563,1
2384249573,2384248928,0.7071435,0.0028328558,-0.0050219097,0.7070466,0.71633524,-7.848939e-10,2.6020643e-09,0.6977563,1
2384254527,2384253915,0.7071195,0.0029554956,-0.0049721734,0.70707047,0.71633524,-7.848939e-10,2.6020643e-09,0.6977563,1
2384259409,2384258858,0.7071301,0.0030633057,-0.0049154465,0.70705986,0.71633524,-7.848939e-10,2.6020643e-09,0.6977563,1
2384270091,2384263911,0.7071368,0.0031395245,-0.0048810896,0.707053,0.71633524,-7.848939e-10,2.6020643e-09,0.6977563,1
2384274661,2384274097,0.70708394,0.0034084783,-0.004836377,0.70710486,0.71633524,-7.848939e-10,2.6020643e-09,0.6977563,1
2384283524,2384282895,0.7070473,0.0035418796,-0.0047625345,0.70714146,0.71633524,-7.848939e-10,2.6020643e-09,0.6977563,1
2384292224,2384291670,0.70707095,0.0037659113,-0.0047839554,0.7071165,0.71633524,-7.848939e-10,2.6020643e-09,0.6977563,1
2384297322,2384296775,0.7070186,0.003836602,-0.0047192182,0.7071688,0.71633524,-7.848939e-10,2.6020643e-09,0.6977563,1
2384306613,2384302239,0.70698816,0.0039430936,-0.0047048605,0.7071988,0.71633524,-7.848939e-10,2.6020643e-09,0.6977563,1
2384308633,2384307583,0.70698303,0.004060052,-0.0047022435,0.7072033,0.71633524,-7.848939e-10,2.6020643e-09,0.6977563,1
2384317689,2384316990,0.7069206,0.0042659966,-0.0046095117,0.7072651,0.71633524,-7.848939e-10,2.6020643e-09,0.6977563,1
2384322770,2384322152,0.70692617,0.004378067,-0.0045457864,0.7072593,0.71633524,-7.848939e-10,2.6020643e-09,0.6977563,1
2384327719,2384327080,0.7069742,0.0044896584,-0.0044452725,0.70721114,0.71633524,-7.848939e-10,2.6020643e-09,0.6977563,1
2384332859,2384332273,0.7068905,0.004580991,-0.004351962,0.7072948,0.71633524,-7.848939e-10,2.6020643e-09,0.6977563,1
2384337816,2384337234,0.7068646,0.0046821916,-0.0042431345,0.70732075,0.71633524,-7.848939e-10,2.6020643e-09,0.6977563,1
2384342868,2384342217,0.70695317,0.0047578337,-0.004134581,0.7072323,0.71633524,-7.848939e-10,2.6020643e-09,0.6977563,1
2384347854,2384347272,0.7068524,0.0048414557,-0.004008569,0.70733315,0.71633524,-7.848939e-10,2.6020643e-09,0.6977563,1
2384353000,2384352356,0.7068393,0.0049242345,-0.0039283535,0.70734614,0.71633524,-7.848939e-10,2.6020643e-09,0.6977563,1
2384358180,2384357346,0.7068477,0.0049819783,-0.0038095084,0.70733804,0.71633524,-7.848939e-10,2.6020643e-09,0.6977563,1
2384362945,2384362378,0.70680666,0.0050463434,-0.0036953997,0.70737916,0.71633524,-7.848939e-10,2.6020643e-09,0.6977563,1
2384374304,2384372543,0.7067374,0.0052700825,-0.0035601277,0.7074474,0.71633524,-7.848939e-10,2.6020643e-09,0.6977563,1
2384378281,2384377634,0.7067379,0.00535908,-0.0034465913,0.7074469,0.71633524,-7.848939e-10,2.6020643e-09,0.6977563,1
2384383238,2384382683,0.7066878,0.005562265,-0.0034416765,0.7074954,0.71633524,-7.848939e-10,2.6020643e-09,0.6977563,1
2384393380,2384387669,0.70664424,0.005698832,-0.003340758,0.70753825,0.71633524,-7.848939e-10,2.6020643e-09,0.6977563,1
2384398605,2384392774,0.70665276,0.0057988605,-0.003234738,0.70752937,0.71633524,-7.848939e-10,2.6020643e-09,0.6977563,1
2384399647,2384397993,0.7066125,0.005927709,-0.0031761408,0.7075688,0.71633524,-7.848939e-10,2.6020643e-09,0.6977563,1
2384403799,2384403101,0.70659345,0.006016616,-0.0030504996,0.70758766,0.71633524,-7.848939e-10,2.6020643e-09,0.6977563,1
2384408597,2384407947,0.7065593,0.0060778935,-0.0029377702,0.70762163,0.71633524,-7.848939e-10,2.6020643e-09,0.6977563,1
2384413790,2384413219,0.70656705,0.0061306763,-0.0028603256,0.70761377,0.71633524,-7.848939e-10,2.6020643e-09,0.6977563,1
2384418653,2384418032,0.70656294,0.006210617,-0.0027836652,0.70761746,0.71633524,-7.848939e-10,2.6020643e-09,0.6977563,1
2384428750,2384428318,0.70650285,0.006324735,-0.002609056,0.7076771,0.71633524,-7.848939e-10,2.6020643e-09,0.6977563,1
2384434001,2384433362,0.70654273,0.006444008,-0.002606438,0.70763624,0.71633524,-7.848939e-10,2.6020643e-09,0.6977563,1
2384438838,2384438227,0.70649844,0.00651914,-0.0025197428,0.7076801,0.71633524,-7.848939e-10,2.6020643e-09,0.6977563,1
2384444150,2384443306,0.7064856,0.006669851,-0.0025096557,0.7076916,0.71633524,-7.848939e-10,2.6020643e-09,0.6977563,1
2384448826,2384448305,0.70651716,0.006776628,-0.0024659107,0.70765924,0.71633524,-7.848939e-10,2.6020643e-09,0.6977563,1
2384457810,2384453498,0.7065053,0.006919267,-0.0023896627,0.7076699,0.71633524,-7.848939e-10,2.6020643e-09,0.6977563,1
2384466184,2384463531,0.70650464,0.0071769794,-0.0022951148,0.70766836,0.71633524,-7.848939e-10,2.6020643e-09,0.6977563,1
2384469318,2384468657,0.7065163,0.0072841085,-0.0021935797,0.7076559,0.71633524,-7.848939e-10,2.6020643e-09,0.6977563,1
2384474287,2384473664,0.70645523,0.0073994347,-0.0021232418,0.7077159,0.71633524,-7.848939e-10,2.6020643e-09,0.6977563,1
2384484567,2384478701,0.7064763,0.007516034,-0.0020506831,0.70769393,0.71633524,-7.848939e-10,2.6020643e-09,0.6977563,1
2384489981,2384489300,0.70641273,0.0077044065,-0.0018759891,0.70775574,0.71633524,-7.848939e-10,2.6020643e-09,0.6977563,1
2384494844,2384493897,0.7064205,0.007817372,-0.0018124903,0.7077469,0.71633524,-7.848939e-10,2.6020643e-09,0.6977563,1
2384499631,2384499058,0.7064453,0.007879767,-0.0016896526,0.7077218,0.71633524,-7.848939e-10,2.6020643e-09,0.6977563,1
2384504762,2384504103,0.7064009,0.007952756,-0.0016173016,0.7077655,0.71633524,-7.848939e-10,2.6020643e-09,0.6977563,1
2384509490,2384508964,0.706393,0.00807425,-0.0015557193,0.7077721,0.71633524,-7.848939e-10,2.6020643e-09,0.6977563,1
2384514659,2384514016,0.7063874,0.008157506,-0.0014890087,0.7077769,0.71633524,-7.848939e-10,2.6020643e-09,0.6977563,1
2384526956,2384524139,0.7063511,0.008392496,-0.0014845858,0.70781034,0.71633524,-7.848939e-10,2.6020643e-09,0.6977563,1
2384529682,2384529169,0.7063824,0.008448996,-0.0014221794,0.7077786,0.71633524,-7.848939e-10,2.6020643e-09,0.6977563,1
2384534812,2384534242,0.70638865,0.008525902,-0.0014660677,0.7077713,0.71633524,-7.848939e-10,2.6020643e-09,0.6977563,1
2384539850,2384539292,0.70636624,0.008583588,-0.0015023483,0.7077929,0.71633524,-7.848939e-10,2.6020643e-09,0.6977563,1
2384544935,2384544345,0.7063556,0.008613539,-0.0014137896,0.70780337,0.71633524,-7.848939e-10,2.6020643e-09,0.6977563,1
2384556039,2384555433,0.70637214,0.008612435,-0.0014730487,0.70778674,0.71633524,-7.848939e-10,2.6020643e-09,0.6977563,1
2384560522,2384559576,0.7063637,0.008618887,-0.0014700452,0.70779514,0.71633524,-7.848939e-10,2.6020643e-09,0.6977563,1
2384565147,2384564530,0.70634955,0.008572142,-0.0014627312,0.70780987,0.71633524,-7.848939e-10,2.6020643e-09,0.6977563,1
2384570132,2384569598,0.7063845,0.008612908,-0.0014836822,0.7077744,0.71633524,-7.848939e-10,2.6020643e-09,0.6977563,1
2384579103,2384574673,0.70634717,0.00862032,-0.0014531192,0.7078116,0.71633524,-7.848939e-10,2.6020643e-09,0.6977563,1
2384587259,2384584763,0.7063435,0.008704467,-0.0014372854,0.70781434,0.71633524,-7.848939e-10,2.6020643e-09,0.6977563,1
2384590656,2384590102,0.7063421,0.008766294,-0.0014038497,0.70781505,0.71633524,-7.848939e-10,2.6020643e-09,0.6977563,1
2384600630,2384599992,0.70636547,0.008858216,-0.0014416988,0.7077905,0.71633524,-7.848939e-10,2.6020643e-09,0.6977563,1
2384605573,2384604973,0.7063826,0.008910566,-0.0014303707,0.7077728,0.71633524,-7.848939e-10,2.6020643e-09,0.6977563,1
2384614401,2384613861,0.7063482,0.008992374,-0.0014591343,0.70780593,0.71633524,-7.848939e-10,2.6020643e-09,0.6977563,1
2384625129,2384624350,0.7063763,0.009024765,-0.0015219711,0.7077774,0.71633524,-7.848939e-10,2.6020643e-09,0.6977563,1
2384629628,2384628971,0.7063635,0.00900928,-0.0015529091,0.7077903,0.71633524,-7.848939e-10,2.6020643e-09,0.6977563,1
2384634800,2384634010,0.7063018,0.008996204,-0.0016046503,0.70785195,0.71633524,-7.848939e-10,2.6020643e-09,0.6977563,1
2384639783,2384639090,0.70637524,0.008984325,-0.0016490119,0.7077787,0.71633524,-7.848939e-10,2.6020643e-09,0.6977563,1
2384648516,2384644116,0.7063752,0.008947705,-0.0017013557,0.70777905,0.71633524,-7.848939e-10,2.6020643e-09,0.6977563,1
2384654874,2384654275,0.70639914,0.008973697,-0.0018639105,0.70775443,0.71633524,-7.848939e-10,2.6020643e-09,0.6977563,1
2384659788,2384659283,0.70642555,0.008913076,-0.0018790407,0.7077288,0.71633524,-7.848939e-10,2.6020643e-09,0.6977563,1
2384664816,2384664361,0.7064191,0.008970032,-0.0020033738,0.70773417,0.71633524,-7.848939e-10,2.6020643e-09,0.6977563,1
2384670090,2384669527,0.7064016,0.008989373,-0.0020628355,0.7077513,0.71633524,-7.848939e-10,2.6020643e-09,0.6977563,1
2384675061,2384674483,0.7064138,0.0089752115,-0.0021006437,0.70773906,0.71633524,-7.848939e-10,2.6020643e-09,0.6977563,1
2384683796,2384679505,0.7064237,0.00901579,-0.0022157582,0.7077284,0.71633524,-7.848939e-10,2.6020643e-09,0.6977563,1
2384692356,2384691701,0.70643634,0.009033326,-0.0023101375,0.7077153,0.71633524,-7.848939e-10,2.6020643e-09,0.6977563,1
2384696479,2384695935,0.7064352,0.009052363,-0.0023180076,0.7077161,0.71633524,-7.848939e-10,2.6020643e-09,0.6977563,1
2384701516,2384700938,0.7064128,0.008971261,-0.0022892389,0.70773953,0.71633524,-7.848939e-10,2.6020643e-09,0.6977563,1
2384710340,2384706090,0.70643544,0.008950962,-0.0023367002,0.7077171,0.71633524,-7.848939e-10,2.6020643e-09,0.6977563,1
2384712408,2384711516,0.706459,0.00891069,-0.002343126,0.70769405,0.71633524,-7.848939e-10,2.6020643e-09,0.6977563,1
2384716640,2384716124,0.70643777,0.00884082,-0.002354419,0.70771605,0.71633524,-7.848939e-10,2.6020643e-09,0.6977563,1
2384725679,2384721226,0.7064511,0.008767171,-0.0023995459,0.7077035,0.71633524,-7.848939e-10,2.6020643e-09,0.6977563,1
2384732014,2384731380,0.70645744,0.008604959,-0.002487071,0.7076989,0.71633524,-7.848939e-10,2.6020643e-09,0.6977563,1
2384737022,2384736386,0.7064735,0.008508536,-0.0025066154,0.7076839,0.71633524,-7.848939e-10,2.6020643e-09,0.6977563,1
2384741958,2384741413,0.70638597,0.008331195,-0.0022157163,0.70777434,0.71633524,-7.848939e-10,2.6020643e-09,0.6977563,1
2384750806,2384746626,0.706121,0.008004081,-0.0014711627,0.7080444,0.71633524,-7.848939e-10,2.6020643e-09,0.6977563,1
2384759099,2384758018,0.70562434,0.006694559,0.001537856,0.7085529,0.71633524,-7.848939e-10,2.6020643e-09,0.6977563,1
2384763669,2384762991,0.70544213,0.005875628,0.00350426,0.7087346,0.71633524,-7.848939e-10,2.6020643e-09,0.6977563,1
2384768757,2384768160,0.7052473,0.0048132795,0.006034856,0.7089194,0.71633524,-7.848939e-10,2.6020643e-09,0.6977563,1
2384773696,2384773074,0.7050512,0.003668813,0.0087432265,0.70909303,0.71633524,-7.848939e-10,2.6020643e-09,0.6977563,1
2384784017,2384783122,0.70474917,0.0010671593,0.015280056,0.7092913,0.71633524,-7.848939e-10,2.6020643e-09,0.6977563,1
2384788763,2384788190,0.70460725,-0.00028024355,0.019002242,0.709343,0.71633524,-7.848939e-10,2.6020643e-09,0.6977563,1
2384793875,2384793238,0.7044741,-0.0016391594,0.022971762,0.709356,0.71633524,-7.848939e-10,2.6020643e-09,0.6977563,1
2384798809,2384798263,0.7043588,-0.0030337623,0.02715922,0.70931786,0.71633524,-7.848939e-10,2.6020643e-09,0.6977563,1
2384803882,2384803330,0.70424837,-0.00429285,0.031565625,0.7092386,0.71633524,-7.848939e-10,2.6020643e-09,0.6977563,1
2384809048,2384808442,0.7041053,-0.005517061,0.036229312,0.7091493,0.71633524,-7.848939e-10,2.6020643e-09,0.6977563,1
2384819637,2384818505,0.70386696,-0.007755086,0.04583966,0.7088089,0.71633524,-7.848939e-10,2.6020643e-09,0.6977563,1
2384824253,2384823596,0.70368063,-0.00879981,0.05098064,0.70863056,0.71633524,-7.848939e-10,2.6020643e-09,0.6977563,1
2384834607,2384833651,0.70340776,-0.010676418,0.061324324,0.7080557,0.71633524,-7.848939e-10,2.6020643e-09,0.6977563,1
2384839324,2384838750,0.7031584,-0.011588937,0.06672068,0.7078011,0.71633524,-7.848939e-10,2.6020643e-09,0.6977563,1
2384849260,2384843733,0.7029003,-0.012458135,0.071997434,0.7075255,0.71633524,-7.848939e-10,2.6020643e-09,0.6977563,1
2384851227,2384850614,0.7026615,-0.013675486,0.079309024,0.7069582,0.71633524,-7.848939e-10,2.6020643e-09,0.6977563,1
2384860667,2384860145,0.70212346,-0.015332885,0.08929657,0.7062675,0.71633524,-7.848939e-10,2.6020643e-09,0.6977563,1
2384869748,2384869058,0.7016647,-0.016953805,0.09840927,0.705475,0.71633524,-7.848939e-10,2.6020643e-09,0.6977563,1
2384874586,2384874059,0.7013698,-0.017847696,0.10333775,0.7050413,0.71633524,-7.848939e-10,2.6020643e-09,0.6977563,1
2384883388,2384879403,0.70090437,-0.018715687,0.10841557,0.704719,0.71633524,-7.848939e-10,2.6020643e-09,0.6977563,1
2384884617,2384884150,0.70057833,-0.019535845,0.11276072,0.704339,0.71633524,-7.848939e-10,2.6020643e-09,0.6977563,1
2384893665,2384892998,0.70007706,-0.020985572,0.120453574,0.7035216,0.71633524,-7.848939e-10,2.6020643e-09,0.6977563,1
2384905344,2384903141,0.6994001,-0.022371644,0.12856545,0.7027161,0.71633524,-7.848939e-10,2.6020643e-09,0.6977563,1
2384908853,2384908281,0.6990939,-0.022916805,0.1324236,0.70228666,0.71633524,-7.848939e-10,2.6020643e-09,0.6977563,1
2384913843,2384913204,0.6988098,-0.023364138,0.13595863,0.70187914,0.71633524,-7.848939e-10,2.6020643e-09,0.6977563,1
2384924644,2384923340,0.6983056,-0.023953997,0.14266573,0.70102924,0.71633524,-7.848939e-10,2.6020643e-09,0.6977563,1
2384929146,2384928536,0.697995,-0.024105143,0.1458017,0.70068806,0.71633524,-7.848939e-10,2.6020643e-09,0.6977563,1
2384934189,2384933454,0.6977353,-0.024112532,0.1485737,0.7003641,0.71633524,-7.848939e-10,2.6020643e-09,0.6977563,1
2384939169,2384938581,0.6975474,-0.024084462,0.15132396,0.69996333,0.71633524,-7.848939e-10,2.6020643e-09,0.6977563,1
2384949003,2384943526,0.69742036,-0.024021728,0.15375198,0.6995629,0.71633524,-7.848939e-10,2.6020643e-09,0.6977563,1
2384950260,2384949853,0.69714266,-0.02377286,0.15672201,0.699189,0.71633524,-7.848939e-10,2.6020643e-09,0.6977563,1
2384955694,2384954886,0.6970568,-0.023515433,0.15884696,0.69880366,0.71633524,-7.848939e-10,2.6020643e-09,0.6977563,1
2384964294,2384963759,0.6967978,-0.022972004,0.162284,0.6982901,0.71633524,-7.848939e-10,2.6020643e-09,0.6977563,1
2384973182,2384968930,0.69667,-0.022623412,0.16409807,0.6980051,0.71633524,-7.848939e-10,2.6020643e-09,0.6977563,1
2384979705,2384977954,0.6965567,-0.021941923,0.1668997,0.6974754,0.71633524,-7.848939e-10,2.6020643e-09,0.6977563,1
2384983275,2384982731,0.69646657,-0.021581354,0.16824944,0.6972523,0.71633524,-7.848939e-10,2.6020643e-09,0.6977563,1
2384988308,2384987763,0.69643843,-0.021130806,0.1695362,0.69698244,0.71633524,-7.848939e-10,2.6020643e-09,0.6977563,1
2384993439,2384992821,0.6963998,-0.02074036,0.17077664,0.69672984,0.71633524,-7.848939e-10,2.6020643e-09,0.6977563,1
2385005294,2385004174,0.69633985,-0.019840812,0.17312588,0.6962361,0.71633524,-7.848939e-10,2.6020643e-09,0.6977563,1
2385009786,2385009218,0.696352,-0.019393742,0.17398703,0.6960218,0.71633524,-7.848939e-10,2.6020643e-09,0.6977563,1
2385014955,2385014332,0.696318,-0.018963471,0.17478482,0.69586784,0.71633524,-7.848939e-10,2.6020643e-09,0.6977563,1
2385019878,2385019331,0.6963639,-0.01855265,0.1754669,0.6956612,0.71633524,-7.848939e-10,2.6020643e-09,0.6977563,1
2385028781,2385024356,0.6964147,-0.01800529,0.17605,0.69547737,0.71633524,-7.848939e-10,2.6020643e-09,0.6977563,1
2385035048,2385034496,0.6964953,-0.01710574,0.17698921,0.69518095,0.71633524,-7.848939e-10,2.6020643e-09,0.6977563,1
2385039943,2385039473,0.69653165,-0.016629133,0.17735204,0.6950636,0.71633524,-7.848939e-10,2.6020643e-09,0.6977563,1
2385051099,2385050489,0.69669837,-0.015660753,0.17784788,0.6947923,0.71633524,-7.848939e-10,2.6020643e-09,0.6977563,1
2385055603,2385054691,0.69674295,-0.015304019,0.17793395,0.6947335,0.71633524,-7.848939e-10,2.6020643e-09,0.6977563,1
2385064171,2385059771,0.69683534,-0.0148560675,0.17795898,0.6946441,0.71633524,-7.848939e-10,2.6020643e-09,0.6977563,1
2385065244,2385064818,0.69689476,-0.014399138,0.17793089,0.69460136,0.71633524,-7.848939e-10,2.6020643e-09,0.6977563,1
2385075469,2385069823,0.6969633,-0.013996232,0.17781186,0.6945713,0.71633524,-7.848939e-10,2.6020643e-09,0.6977563,1
2385076677,2385076185,0.69705707,-0.013409197,0.17754233,0.6945577,0.71633524,-7.848939e-10,2.6020643e-09,0.6977563,1
2385085638,2385085089,0.69728893,-0.012500134,0.17688738,0.69450897,0.71633524,-7.848939e-10,2.6020643e-09,0.6977563,1
2385094397,2385093831,0.6975118,-0.011621023,0.17600608,0.69452447,0.71633524,-7.848939e-10,2.6020643e-09,0.6977563,1
2385099508,2385098943,0.6976721,-0.01107881,0.17536855,0.6945336,0.71633524,-7.848939e-10,2.6020643e-09,0.6977563,1
2385104602,2385104048,0.6978428,-0.010579593,0.17465772,0.69454896,0.71633524,-7.848939e-10,2.6020643e-09,0.6977563,1
2385109721,2385109128,0.6979857,-0.010079644,0.1738397,0.69461805,0.71633524,-7.848939e-10,2.6020643e-09,0.6977563,1
2385114591,2385114043,0.6981649,-0.009575585,0.17298707,0.6946579,0.71633524,-7.848939e-10,2.6020643e-09,0.6977563,1
2385119756,2385119175,0.69835055,-0.009055762,0.17201556,0.69471943,0.71633524,-7.848939e-10,2.6020643e-09,0.6977563,1
2385128551,2385124153,0.6985405,-0.0085642915,0.17093436,0.6948016,0.71633524,-7.848939e-10,2.6020643e-09,0.6977563,1
2385130934,2385129288,0.6987579,-0.0080511775,0.16979116,0.69486946,0.71633524,-7.848939e-10,2.6020643e-09,0.6977563,1
2385134827,2385134288,0.69897145,-0.0076353904,0.16850907,0.6949715,0.71633524,-7.848939e-10,2.6020643e-09,0.6977563,1
2385143767,2385139844,0.6992383,-0.0069992277,0.16706458,0.6950585,0.71633524,-7.848939e-10,2.6020643e-09,0.6977563,1
2385149878,2385144412,0.6994621,-0.006557939,0.16574822,0.6951527,0.71633524,-7.848939e-10,2.6020643e-09,0.6977563,1
2385151807,2385150726,0.69977885,-0.005882337,0.16383943,0.6952925,0.71633524,-7.848939e-10,2.6020643e-09,0.6977563,1
2385156316,2385155731,0.70006067,-0.0053911516,0.1621808,0.69540167,0.71633524,-7.848939e-10,2.6020643e-09,0.6977563,1
2385165100,2385160880,0.70036066,-0.004839626,0.16041955,0.69551224,0.71633524,-7.848939e-10,2.6020643e-09,0.6977563,1
2385166376,2385165888,0.7006284,-0.0043115504,0.15862355,0.69565785,0.71633524,-7.848939e-10,2.6020643e-09,0.6977563,1
2385176534,2385175934,0.7012508,-0.0032941543,0.15471461,0.6959166,0.71633524,-7.848939e-10,2.6020643e-09,0.6977563,1
2385181610,2385181007,0.701577,-0.0028112405,0.15260921,0.6960548,0.71633524,-7.848939e-10,2.6020643e-09,0.6977563,1
2385190467,2385186396,0.7019878,-0.0022231946,0.15029652,0.696146,0.71633524,-7.848939e-10,2.6020643e-09,0.6977563,1
2385191492,2385191108,0.7022759,-0.0017785382,0.14821829,0.69630224,0.71633524,-7.848939e-10,2.6020643e-09,0.6977563,1
2385201887,2385196188,0.7026145,-0.0012955202,0.14589043,0.6964533,0.71633524,-7.848939e-10,2.6020643e-09,0.6977563,1
2385206912,2385206288,0.70327413,-0.00041279278,0.14109397,0.69677675,0.71633524,-7.848939e-10,2.6020643e-09,0.6977563,1
2385216995,2385216387,0.7039888,0.00045881973,0.13605523,0.69705707,0.71633524,-7.848939e-10,2.6020643e-09,0.6977563,1
2385225893,2385225221,0.7046213,0.0011987925,0.13141795,0.6973068,0.71633524,-7.848939e-10,2.6020643e-09,0.6977563,1
2385230964,2385230325,0.7050174,0.0016384976,0.12868403,0.6974154,0.71633524,-7.848939e-10,2.6020643e-09,0.6977563,1
2385240888,2385240431,0.7057408,0.0024089296,0.123123296,0.6976853,0.71633524,-7.848939e-10,2.6020643e-09,0.6977563,1
2385249850,2385249229,0.7063559,0.0029515394,0.11815116,0.6979205,0.71633524,-7.848939e-10,2.6020643e-09,0.6977563,1
2385254927,2385254328,0.7067312,0.003283884,0.11521293,0.69803023,0.71633524,-7.848939e-10,2.6020643e-09,0.6977563,1
2385265141,2385259322,0.7070936,0.0035707725,0.11229217,0.69813776,0.71633524,-7.848939e-10,2.6020643e-09,0.6977563,1
2385269888,2385269408,0.7077977,0.0040227748,0.10626569,0.6983651,0.71633524,-7.848939e-10,2.6020643e-09,0.6977563,1
2385275076,2385274466,0.7081331,0.004218143,0.103213534,0.6984817,0.71633524,-7.848939e-10,2.6020643e-09,0.6977563,1
2385283902,2385283326,0.708757,0.0044828206,0.09768409,0.6986425,0.71633524,-7.848939e-10,2.6020643e-09,0.6977563,1
2385292719,2385288792,0.70913434,0.0047197924,0.09421299,0.69873476,0.71633524,-7.848939e-10,2.6020643e-09,0.6977563,1
2385294872,2385293506,0.7094544,0.004817595,0.09118584,0.6988107,0.71633524,-7.848939e-10,2.6020643e-09,0.6977563,1
2385304174,2385303542,0.7101161,0.0050263316,0.084645666,0.69895995,0.71633524,-7.848939e-10,2.6020643e-09,0.6977563,1
2385315357,2385314703,0.71087456,0.0051846523,0.077198096,0.69905,0.71633524,-7.848939e-10,2.6020643e-09,0.6977563,1
2385319287,2385318755,0.7111239,0.00518659,0.07447782,0.6990916,0.71633524,-7.848939e-10,2.6020643e-09,0.6977563,1
2385324393,2385323803,0.7114692,0.0051047825,0.07105056,0.6990976,0.71633524,-7.848939e-10,2.6020643e-09,0.6977563,1
2385334559,2385328796,0.7117944,0.0051287054,0.06767229,0.69910157,0.71633524,-7.848939e-10,2.6020643e-09,0.6977563,1
2385336318,2385335298,0.71218944,0.004974443,0.06326292,0.6991133,0.71633524,-7.848939e-10,2.6020643e-09,0.6977563,1
2385340877,2385340207,0.7124746,0.0048580463,0.059932053,0.699117,0.71633524,-7.848939e-10,2.6020643e-09,0.6977563,1
2385351081,2385350316,0.713062,0.00447395,0.053022433,0.69907886,0.71633524,-7.848939e-10,2.6020643e-09,0.6977563,1
2385360973,2385355304,0.71330065,0.004261889,0.049623165,0.69908625,0.71633524,-7.848939e-10,2.6020643e-09,0.6977563,1
2385363204,2385361673,0.7136722,0.0039715394,0.045226406,0.69900703,0.71633524,-7.848939e-10,2.6020643e-09,0.6977563,1
2385372415,2385370593,0.7140621,0.003483042,0.039222144,0.6989742,0.71633524,-7.848939e-10,2.6020643e-09,0.6977563,1
2385376159,2385375592,0.71434003,0.0031830012,0.035810933,0.6988747,0.71633524,-7.848939e-10,2.6020643e-09,0.6977563,1
2385385070,2385384378,0.714713,0.0026415521,0.029952545,0.69877124,0.71633524,-7.848939e-10,2.6020643e-09,0.6977563,1
2385390148,2385389425,0.71491593,0.00225491,0.026565671,0.69870204,0.71633524,-7.848939e-10,2.6020643e-09,0.6977563,1
2385398746,2385398250,0.71527463,0.0016087823,0.020660825,0.6985362,0.71633524,-7.848939e-10,2.6020643e-09,0.6977563,1
2385403930,2385403304,0.71540785,0.00119933,0.017348764,0.6984907,0.71633524,-7.848939e-10,2.6020643e-09,0.6977563,1
2385409197,2385408383,0.71560454,0.0008611855,0.013994458,0.698365,0.71633524,-7.848939e-10,2.6020643e-09,0.6977563,1
2385420400,2385419815,0.7159628,3.4521585e-05,0.0066328514,0.698107,0.71633524,-7.848939e-10,2.6020643e-09,0.6977563,1
2385424403,2385423862,0.7161159,-0.00022001009,0.0040610665,0.69796956,0.71633524,-7.848939e-10,2.6020643e-09,0.6977563,1
2385429435,2385428755,0.7162748,-0.0005951683,0.0010458617,0.6978173,0.71633524,-7.848939e-10,2.6020643e-09,0.6977563,1
2385434392,2385433776,0.7164,-0.0009405882,-0.002039451,0.6976862,0.71633524,-7.848939e-10,2.6020643e-09,0.6977563,1
2385439507,2385438830,0.7165624,-0.0013193503,-0.005089629,0.6975032,0.71633524,-7.848939e-10,2.6020643e-09,0.6977563,1
2385444259,2385443740,0.7166755,-0.0016848284,-0.007964116,0.6973593,0.71633524,-7.848939e-10,2.6020643e-09,0.6977563,1
2385449413,2385448852,0.7167626,-0.0019548754,-0.011026761,0.6972274,0.71633524,-7.848939e-10,2.6020643e-09,0.6977563,1
2385459930,2385459093,0.71698064,-0.0026223236,-0.016893262,0.6968835,0.71633524,-7.848939e-10,2.6020643e-09,0.6977563,1
2385464600,2385464072,0.71707094,-0.0028871277,-0.019705452,0.69671565,0.71633524,-7.848939e-10,2.6020643e-09,0.6977563,1
2385469580,2385469031,0.71716213,-0.0031794363,-0.02241588,0.69653857,0.71633524,-7.848939e-10,2.6020643e-09,0.6977563,1
2385479789,2385474066,0.717228,-0.0034161094,-0.025182603,0.696375,0.71633524,-7.848939e-10,2.6020643e-09,0.6977563,1
2385485215,2385484624,0.7173739,-0.0038930667,-0.030706845,0.6960005,0.71633524,-7.848939e-10,2.6020643e-09,0.6977563,1
2385494799,2385489215,0.7174183,-0.004058382,-0.03305816,0.695846,0.71633524,-7.848939e-10,2.6020643e-09,0.6977563,1
2385496009,2385495562,0.71747255,-0.004318516,-0.03622054,0.6956311,0.71633524,-7.848939e-10,2.6020643e-09,0.6977563,1
2385506274,2385505647,0.7175465,-0.004611164,-0.041145355,0.695279,0.71633524,-7.848939e-10,2.6020643e-09,0.6977563,1
2385511316,2385510751,0.71757156,-0.0047914083,-0.043539904,0.695106,0.71633524,-7.848939e-10,2.6020643e-09,0.6977563,1
2385516511,2385515887,0.717632,-0.0048619118,-0.04592945,0.6948893,0.71633524,-7.848939e-10,2.6020643e-09,0.6977563,1
2385528877,2385528227,0.7176497,-0.004956166,-0.05142396,0.69448537,0.71633524,-7.848939e-10,2.6020643e-09,0.6977563,1
2385537826,2385537226,0.71765447,-0.0049364883,-0.055264294,0.69418555,0.71633524,-7.848939e-10,2.6020643e-09,0.6977563,1
2385543013,2385541692,0.7176524,-0.0048769535,-0.057104323,0.69403917,0.71633524,-7.848939e-10,2.6020643e-09,0.6977563,1
2385546686,2385546103,0.71761364,-0.00484433,-0.058869075,0.69393206,0.71633524,-7.848939e-10,2.6020643e-09,0.6977563,1
2385551708,2385551115,0.717519,-0.0048175068,-0.06082649,0.6938613,0.71633524,-7.848939e-10,2.6020643e-09,0.6977563,1
2385556767,2385556205,0.71751976,-0.004759057,-0.062796816,0.69368535,0.71633524,-7.848939e-10,2.6020643e-09,0.6977563,1
2385571873,2385571318,0.7173638,-0.0045393445,-0.06839648,0.69331855,0.71633524,-7.848939e-10,2.6020643e-09,0.6977563,1
2385582658,2385581726,0.71720785,-0.0042508934,-0.07217693,0.69309837,0.71633524,-7.848939e-10,2.6020643e-09,0.6977563,1
2385592124,2385591576,0.71706986,-0.00391564,-0.0756898,0.69286835,0.71633524,-7.848939e-10,2.6020643e-09,0.6977563,1
2385603394,2385602935,0.7169145,-0.0033989956,-0.07967098,0.6925855,0.71633524,-7.848939e-10,2.6020643e-09,0.6977563,1
2385612283,2385611754,0.71676034,-0.0029530053,-0.08271045,0.6923908,0.71633524,-7.848939e-10,2.6020643e-09,0.6977563,1
2385621282,2385620639,0.7166315,-0.00255686,-0.08566237,0.6921668,0.71633524,-7.848939e-10,2.6020643e-09,0.6977563,1
2385626421,2385625856,0.7165241,-0.0022884817,-0.08735589,0.6920672,0.71633524,-7.848939e-10,2.6020643e-09,0.6977563,1
2385631368,2385630747,0.7164453,-0.0020781981,-0.08884828,0.6919594,0.71633524,-7.848939e-10,2.6020643e-09,0.6977563,1
2385641458,2385640967,0.7162475,-0.0016433722,-0.09194522,0.6917608,0.71633524,-7.848939e-10,2.6020643e-09,0.6977563,1
2385652737,2385652229,0.7160437,-0.0012035519,-0.095089056,0.6915477,0.71633524,-7.848939e-10,2.6020643e-09,0.6977563,1
2385663144,2385662303,0.715862,-0.0007776202,-0.097727746,0.6913685,0.71633524,-7.848939e-10,2.6020643e-09,0.6977563,1
2385668399,2385667409,0.715776,-0.00050162047,-0.0990408,0.69127095,0.71633524,-7.848939e-10,2.6020643e-09,0.6977563,1
2385673093,2385672462,0.71563554,-0.00029359173,-0.10026778,0.6912396,0.71633524,-7.848939e-10,2.6020643e-09,0.6977563,1
2385684734,2385683811,0.71536684,0.00024228061,-0.10289961,0.6911309,0.71633524,-7.848939e-10,2.6020643e-09,0.6977563,1
2385694579,2385692630,0.7151668,0.0006571742,-0.10481564,0.6910497,0.71633524,-7.848939e-10,2.6020643e-09,0.6977563,1
2385698352,2385697760,0.71509,0.00094926043,-0.10590853,0.69096226,0.71633524,-7.848939e-10,2.6020643e-09,0.6977563,1
2385703469,2385702838,0.71493745,0.0011881386,-0.106937476,0.6909612,0.71633524,-7.848939e-10,2.6020643e-09,0.6977563,1
2385708638,2385707889,0.7148791,0.001460918,-0.10794825,0.6908639,0.71633524,-7.848939e-10,2.6020643e-09,0.6977563,1
2385713523,2385712957,0.71476394,0.0017265074,-0.108943194,0.69082636,0.71633524,-7.848939e-10,2.6020643e-09,0.6977563,1
2385724043,2385723627,0.71454096,0.002300917,-0.11097506,0.6907319,0.71633524,-7.848939e-10,2.6020643e-09,0.6977563,1
2385728690,2385728033,0.714424,0.0025201181,-0.11175605,0.6907261,0.71633524,-7.848939e-10,2.6020643e-09,0.6977563,1
2385733843,2385733029,0.71428496,0.0028077736,-0.1126373,0.6907257,0.71633524,-7.848939e-10,2.6020643e-09,0.6977563,1
2385743629,2385743202,0.7141446,0.0033615548,-0.11430026,0.69059515,0.71633524,-7.848939e-10,2.6020643e-09,0.6977563,1
2385753703,2385753303,0.71389985,0.003965271,-0.11586608,0.6905842,0.71633524,-7.848939e-10,2.6020643e-09,0.6977563,1
2385762751,2385762100,0.71373045,0.004398166,-0.11703609,0.69055927,0.71633524,-7.848939e-10,2.6020643e-09,0.6977563,1
2385773503,2385772506,0.71351653,0.0050718286,-0.118453935,0.69053394,0.71633524,-7.848939e-10,2.6020643e-09,0.6977563,1
2385777980,2385777306,0.7134028,0.0053736228,-0.11907511,0.6905424,0.71633524,-7.848939e-10,2.6020643e-09,0.6977563,1
2385787940,2385782318,0.713284,0.00574051,-0.11971926,0.69055074,0.71633524,-7.848939e-10,2.6020643e-09,0.6977563,1
2385789336,2385788664,0.71317875,0.0061309375,-0.12042202,0.69053394,0.71633524,-7.848939e-10,2.6020643e-09,0.6977563,1
2385794518,2385793891,0.71307266,0.006534593,-0.12101816,0.6905356,0.71633524,-7.848939e-10,2.6020643e-09,0.6977563,1
2385804475,2385803817,0.7129214,0.007162014,-0.12189563,0.69053113,0.71633524,-7.848939e-10,2.6020643e-09,0.6977563,1
2385814821,2385814064,0.7127534,0.00785323,-0.12260892,0.6905707,0.71633524,-7.848939e-10,2.6020643e-09,0.6977563,1
2385819536,2385818979,0.712682,0.008177268,-0.12296297,0.6905778,0.71633524,-7.848939e-10,2.6020643e-09,0.6977563,1
2385824994,2385824062,0.71260846,0.008525663,-0.123295285,0.69059026,0.71633524,-7.848939e-10,2.6020643e-09,0.6977563,1
2385833819,2385832936,0.7124602,0.009015082,-0.123683244,0.6906675,0.71633524,-7.848939e-10,2.6020643e-09,0.6977563,1
2385838491,2385837897,0.7123762,0.009272939,-0.12393501,0.69070566,0.71633524,-7.848939e-10,2.6020643e-09,0.6977563,1
2385847348,2385843195,0.71235293,0.009608956,-0.12421439,0.69067496,0.71633524,-7.848939e-10,2.6020643e-09,0.6977563,1
2385848655,2385848227,0.71226525,0.009861988,-0.124375276,0.69073284,0.71633524,-7.848939e-10,2.6020643e-09,0.6977563,1
2385858772,2385858159,0.71224076,0.010140883,-0.12455098,0.69072235,0.71633524,-7.848939e-10,2.6020643e-09,0.6977563,1
2385863858,2385863236,0.7121209,0.010385273,-0.12466986,0.69082093,0.71633524,-7.848939e-10,2.6020643e-09,0.6977563,1
2385869145,2385868458,0.7121234,0.010654332,-0.12480261,0.6907902,0.71633524,-7.848939e-10,2.6020643e-09,0.6977563,1
2385882991,2385882360,0.7119099,0.011316063,-0.124925345,0.6909775,0.71633524,-7.848939e-10,2.6020643e-09,0.6977563,1
2385887854,2385887290,0.71189183,0.011525158,-0.12491975,0.6909937,0.71633524,-7.848939e-10,2.6020643e-09,0.6977563,1
2385893027,2385892278,0.71188843,0.011753443,-0.12490952,0.69099516,0.71633524,-7.848939e-10,2.6020643e-09,0.6977563,1
2385897921,2385897246,0.71180916,0.011898614,-0.12482696,0.69108933,0.71633524,-7.848939e-10,2.6020643e-09,0.6977563,1
2385906748,2385902330,0.7118241,0.012084996,-0.12472447,0.6910892,0.71633524,-7.848939e-10,2.6020643e-09,0.6977563,1
2385912990,2385907609,0.7118491,0.012262104,-0.124568924,0.6910883,0.71633524,-7.848939e-10,2.6020643e-09,0.6977563,1
2385914994,2385913803,0.71182346,0.012476724,-0.12431347,0.6911569,0.71633524,-7.848939e-10,2.6020643e-09,0.6977563,1
2385924636,2385923760,0.7117913,0.01283222,-0.12377368,0.69128036,0.71633524,-7.848939e-10,2.6020643e-09,0.6977563,1
2385933345,2385932677,0.7117851,0.013157555,-0.12321118,0.6913812,0.71633524,-7.848939e-10,2.6020643e-09,0.6977563,1
2385938337,2385937762,0.7118041,0.013292528,-0.12278663,0.6914345,0.71633524,-7.848939e-10,2.6020643e-09,0.6977563,1
2385943642,2385942924,0.711789,0.013461803,-0.12239418,0.69151634,0.71633524,-7.848939e-10,2.6020643e-09,0.6977563,1
2385948434,2385947774,0.7117875,0.013628969,-0.12195894,0.69159156,0.71633524,-7.848939e-10,2.6020643e-09,0.6977563,1
2385958606,2385958165,0.71184796,0.013870226,-0.120843224,0.69172037,0.71633524,-7.848939e-10,2.6020643e-09,0.6977563,1
2385969718,2385969275,0.71186775,0.014171691,-0.119524874,0.69192296,0.71633524,-7.848939e-10,2.6020643e-09,0.6977563,1
2385980512,2385979434,0.71189404,0.01440249,-0.11807634,0.69213974,0.71633524,-7.848939e-10,2.6020643e-09,0.6977563,1
2385988938,2385988224,0.7119376,0.014642521,-0.11678082,0.69230974,0.71633524,-7.848939e-10,2.6020643e-09,0.6977563,1
2385993896,2385993346,0.7119558,0.014763451,-0.11590006,0.69243646,0.71633524,-7.848939e-10,2.6020643e-09,0.6977563,1
2385998998,2385998448,0.71204376,0.014819962,-0.11495445,0.6925024,0.71633524,-7.848939e-10,2.6020643e-09,0.6977563,1
2386004019,2386003380,0.71210384,0.0149474535,-0.11409042,0.69258076,0.71633524,-7.848939e-10,2.6020643e-09,0.6977563,1
2386012814,2386008479,0.7121547,0.015064846,-0.113108434,0.69268703,0.71633524,-7.848939e-10,2.6020643e-09,0.6977563,1
2386020660,2386018621,0.71229476,0.015230552,-0.11108697,0.69286656,0.71633524,-7.848939e-10,2.6020643e-09,0.6977563,1
2386029232,2386028632,0.7124052,0.015398684,-0.10898714,0.69308263,0.71633524,-7.848939e-10,2.6020643e-09,0.6977563,1
2386038205,2386037533,0.7125738,0.015493674,-0.10703106,0.693212,0.71633524,-7.848939e-10,2.6020643e-09,0.6977563,1
2386043131,2386042588,0.71262836,0.015523814,-0.105856895,0.6933356,0.71633524,-7.848939e-10,2.6020643e-09,0.6977563,1
2386048221,2386047554,0.71269566,0.015522881,-0.10470132,0.69344187,0.71633524,-7.848939e-10,2.6020643e-09,0.6977563,1
2386056977,2386052628,0.71284133,0.015560941,-0.103512816,0.69346976,0.71633524,-7.848939e-10,2.6020643e-09,0.6977563,1
2386063632,2386063032,0.7129208,0.015577476,-0.10098421,0.6937605,0.71633524,-7.848939e-10,2.6020643e-09,0.6977563,1
2386068411,2386067812,0.71304303,0.015615379,-0.099813655,0.6938033,0.71633524,-7.848939e-10,2.6020643e-09,0.6977563,1
2386078391,2386077946,0.71313804,0.0156175615,-0.097277865,0.69406575,0.71633524,-7.848939e-10,2.6020643e-09,0.6977563,1
2386089776,2386089340,0.71328884,0.01564027,-0.09436371,0.6943126,0.71633524,-7.848939e-10,2.6020643e-09,0.6977563,1
2386099933,2386099369,0.7134072,0.015682092,-0.09165827,0.6945524,0.71633524,-7.848939e-10,2.6020643e-09,0.6977563,1
2386110106,2386109479,0.7135465,0.015817527,-0.088870965,0.6947684,0.71633524,-7.848939e-10,2.6020643e-09,0.6977563,1
2386120712,2386119802,0.71367574,0.015899064,-0.08599262,0.69499606,0.71633524,-7.848939e-10,2.6020643e-09,0.6977563,1
2386125177,2386124728,0.71372116,0.015888544,-0.08458233,0.69512266,0.71633524,-7.848939e-10,2.6020643e-09,0.6977563,1
2386130176,2386129699,0.71380484,0.01591329,-0.083182804,0.6952051,0.71633524,-7.848939e-10,2.6020643e-09,0.6977563,1
2386135314,2386134702,0.7138473,0.015983915,-0.08175559,0.6953291,0.71633524,-7.848939e-10,2.6020643e-09,0.6977563,1
2386144164,2386139993,0.71383756,0.01591258,-0.08012243,0.69553083,0.71633524,-7.848939e-10,2.6020643e-09,0.6977563,1
2386150669,2386150029,0.71390396,0.016032513,-0.077169605,0.6957938,0.71633524,-7.848939e-10,2.6020643e-09,0.6977563,1
2386161773,2386161293,0.7140134,0.016128473,-0.07378276,0.69604665,0.71633524,-7.848939e-10,2.6020643e-09,0.6977563,1
2386167037,2386166348,0.7140558,0.016172066,-0.07225182,0.69616276,0.71633524,-7.848939e-10,2.6020643e-09,0.6977563,1
2386171893,2386171366,0.7141448,0.016279195,-0.0707668,0.6962214,0.71633524,-7.848939e-10,2.6020643e-09,0.6977563,1
2386180838,2386176488,0.7141439,0.016340297,-0.069158606,0.6963825,0.71633524,-7.848939e-10,2.6020643e-09,0.6977563,1
2386187368,2386186691,0.7142172,0.016533205,-0.06598563,0.6966107,0.71633524,-7.848939e-10,2.6020643e-09,0.6977563,1
2386192465,2386191671,0.7142222,0.016586697,-0.06441233,0.69675153,0.71633524,-7.848939e-10,2.6020643e-09,0.6977563,1
2386202238,2386196619,0.7142326,0.016677037,-0.06287681,0.69687885,0.71633524,-7.848939e-10,2.6020643e-09,0.6977563,1
2386207494,2386206778,0.71430904,0.016748412,-0.059583582,0.69708824,0.71633524,-7.848939e-10,2.6020643e-09,0.6977563,1
2386212659,2386212011,0.71430737,0.016829917,-0.057976644,0.6972235,0.71633524,-7.848939e-10,2.6020643e-09,0.6977563,1
2386222727,2386221905,0.7143072,0.016976707,-0.05487177,0.69747126,0.71633524,-7.848939e-10,2.6020643e-09,0.6977563,1
2386227767,2386226973,0.7143194,0.017034268,-0.053296193,0.6975795,0.71633524,-7.848939e-10,2.6020643e-09,0.6977563,1
2386237654,2386232002,0.7143592,0.017089719,-0.051704165,0.69765717,0.71633524,-7.848939e-10,2.6020643e-09,0.6977563,1
2386239790,2386238872,0.7143212,0.017186312,-0.049615145,0.6978454,0.71633524,-7.848939e-10,2.6020643e-09,0.6977563,1
2386243938,2386243382,0.71432763,0.01722422,-0.048220202,0.69793576,0.71633524,-7.848939e-10,2.6020643e-09,0.6977563,1
2386249091,2386248488,0.7143392,0.017274978,-0.046709858,0.6980253,0.71633524,-7.848939e-10,2.6020643e-09,0.6977563,1
2386259093,2386253505,0.714307,0.01738658,-0.045194406,0.69815516,0.71633524,-7.848939e-10,2.6020643e-09,0.6977563,1
2386261523,2386260943,0.7143255,0.017489333,-0.043032862,0.69827026,0.71633524,-7.848939e-10,2.6020643e-09,0.6977563,1
2386265493,2386264896,0.71431875,0.017589545,-0.04188858,0.69834423,0.71633524,-7.848939e-10,2.6020643e-09,0.6977563,1
2386270736,2386269966,0.7143036,0.01763999,-0.040395297,0.6984464,0.71633524,-7.848939e-10,2.6020643e-09,0.6977563,1
2386280747,2386280078,0.71424615,0.017921222,-0.037480447,0.69866055,0.71633524,-7.848939e-10,2.6020643e-09,0.6977563,1
2386285850,2386285065,0.7142164,0.017957926,-0.03601922,0.6987668,0.71633524,-7.848939e-10,2.6020643e-09,0.6977563,1
2386290774,2386290128,0.71424013,0.018104864,-0.03459439,0.6988108,0.71633524,-7.848939e-10,2.6020643e-09,0.6977563,1
2386295888,2386295177,0.7141942,0.01825402,-0.03314947,0.6989239,0.71633524,-7.848939e-10,2.6020643e-09,0.6977563,1
2386301002,2386300223,0.71416223,0.018390346,-0.03174749,0.6990181,0.71633524,-7.848939e-10,2.6020643e-09,0.6977563,1
2386305881,2386305285,0.7141772,0.018560754,-0.030352697,0.69906026,0.71633524,-7.848939e-10,2.6020643e-09,0.6977563,1
2386318014,2386315474,0.7140824,0.018866263,-0.027615963,0.6992623,0.71633524,-7.848939e-10,2.6020643e-09,0.6977563,1
2386321256,2386320561,0.7141034,0.019065373,-0.02629641,0.6992864,0.71633524,-7.848939e-10,2.6020643e-09,0.6977563,1
2386326324,2386325603,0.7140281,0.019211518,-0.025025941,0.6994059,0.71633524,-7.848939e-10,2.6020643e-09,0.6977563,1
2386338069,2386335730,0.71397203,0.01956742,-0.022538835,0.69953775,0.71633524,-7.848939e-10,2.6020643e-09,0.6977563,1
2386341422,2386340724,0.7139238,0.0197214,-0.021319848,0.6996209,0.71633524,-7.848939e-10,2.6020643e-09,0.6977563,1
2386352520,2386352034,0.71384096,0.020074764,-0.018658062,0.6997714,0.71633524,-7.848939e-10,2.6020643e-09,0.6977563,1
2386361646,2386360887,0.71377295,0.020354062,-0.016666675,0.6998829,0.71633524,-7.848939e-10,2.6020643e-09,0.6977563,1
2386366537,2386365975,0.7137521,0.020435944,-0.015479922,0.69992906,0.71633524,-7.848939e-10,2.6020643e-09,0.6977563,1
2386371583,2386371001,0.713721,0.020574767,-0.014424287,0.69997925,0.71633524,-7.848939e-10,2.6020643e-09,0.6977563,1
2386381688,2386376005,0.71368843,0.020720564,-0.0133342985,0.7000298,0.71633524,-7.848939e-10,2.6020643e-09,0.6977563,1
2386388227,2386387467,0.7136029,0.020953441,-0.010952069,0.70015144,0.71633524,-7.848939e-10,2.6020643e-09,0.6977563,1
2386393094,2386392481,0.7135708,0.020997655,-0.0099248,0.70019805,0.71633524,-7.848939e-10,2.6020643e-09,0.6977563,1
2386398335,2386397562,0.7135737,0.021096887,-0.00895413,0.7002052,0.71633524,-7.848939e-10,2.6020643e-09,0.6977563,1
2386409382,2386408928,0.7134927,0.021264976,-0.0067370767,0.70030755,0.71633524,-7.848939e-10,2.6020643e-09,0.6977563,1
2386418660,2386418068,0.71338063,0.021442574,-0.00499467,0.7004308,0.71633524,-7.848939e-10,2.6020643e-09,0.6977563,1
2386428407,2386427832,0.71333855,0.021741403,-0.0032927552,0.70047456,0.71633524,-7.848939e-10,2.6020643e-09,0.6977563,1
2386433542,2386432969,0.7132811,0.021926746,-0.0024053808,0.70053095,0.71633524,-7.848939e-10,2.6020643e-09,0.6977563,1
2386443826,2386443079,0.71326625,0.022281712,-0.0007719999,0.7005385,0.71633524,-7.848939e-10,2.6020643e-09,0.6977563,1
2386448731,2386448118,0.7131774,0.02244468,-1.9950885e-06,0.7006242,0.71633524,-7.848939e-10,2.6020643e-09,0.6977563,1
2386453744,2386453119,0.7131268,0.022568168,0.0007831961,0.7006713,0.71633524,-7.848939e-10,2.6020643e-09,0.6977563,1
2386465039,2386464504,0.7130786,0.02274709,0.002611759,0.7007102,0.71633524,-7.848939e-10,2.6020643e-09,0.6977563,1
2386470240,2386469567,0.7131021,0.02281121,0.0034095217,0.70068073,0.71633524,-7.848939e-10,2.6020643e-09,0.6977563,1
2386475183,2386474590,0.7130661,0.02282244,0.0041942745,0.7007127,0.71633524,-7.848939e-10,2.6020643e-09,0.6977563,1
2386485255,2386484866,0.71302265,0.022983389,0.005678738,0.70074123,0.71633524,-7.848939e-10,2.6020643e-09,0.6977563,1
2386490519,2386489864,0.71299934,0.022993274,0.0064014243,0.70075834,0.71633524,-7.848939e-10,2.6020643e-09,0.6977563,1
2386502445,2386501142,0.7129796,0.023153095,0.007938787,0.70075744,0.71633524,-7.848939e-10,2.6020643e-09,0.6977563,1
2386511913,2386511261,0.7129312,0.02337006,0.009254693,0.7007834,0.71633524,-7.848939e-10,2.6020643e-09,0.6977563,1
2386516859,2386516276,0.7129865,0.023410305,0.009868254,0.70071733,0.71633524,-7.848939e-10,2.6020643e-09,0.6977563,1
2386528183,2386527553,0.71286285,0.023600018,0.011283429,0.7008155,0.71633524,-7.848939e-10,2.6020643e-09,0.6977563,1
2386532285,2386531425,0.71284586,0.023650572,0.0117245605,0.70082384,0.71633524,-7.848939e-10,2.6020643e-09,0.6977563,1
2386537218,2386536537,0.71282965,0.023751711,0.012286079,0.7008273,0.71633524,-7.848939e-10,2.6020643e-09,0.6977563,1
2386548711,2386547884,0.71278936,0.023899995,0.013504398,0.70084083,0.71633524,-7.848939e-10,2.6020643e-09,0.6977563,1
2386553513,2386552929,0.712729,0.023984887,0.014005713,0.70088947,0.71633524,-7.848939e-10,2.6020643e-09,0.6977563,1
2386558526,2386557930,0.712718,0.024017192,0.014470332,0.70089006,0.71633524,-7.848939e-10,2.6020643e-09,0.6977563,1
2386563592,2386562981,0.7127177,0.02406127,0.014962202,0.70087856,0.71633524,-7.848939e-10,2.6020643e-09,0.6977563,1
2386568649,2386568064,0.7126503,0.024101134,0.0154437935,0.7009353,0.71633524,-7.848939e-10,2.6020643e-09,0.6977563,1
2386573743,2386573077,0.71265835,0.02414529,0.015884776,0.70091575,0.71633524,-7.848939e-10,2.6020643e-09,0.6977563,1
2386578815,2386578245,0.7127198,0.024162982,0.01635496,0.70084184,0.71633524,-7.848939e-10,2.6020643e-09,0.6977563,1
2386583806,2386583185,0.7126652,0.024159195,0.016793009,0.7008871,0.71633524,-7.848939e-10,2.6020643e-09,0.6977563,1
2386593781,2386593374,0.7126598,0.024247495,0.017706865,0.70086706,0.71633524,-7.848939e-10,2.6020643e-09,0.6977563,1
2386599056,2386598492,0.7125855,0.024252743,0.018165866,0.70093066,0.71633524,-7.848939e-10,2.6020643e-09,0.6977563,1
2386604176,2386603470,0.7125621,0.024295818,0.018597202,0.70094174,0.71633524,-7.848939e-10,2.6020643e-09,0.6977563,1
2386609133,2386608491,0.7125387,0.024280008,0.019081816,0.70095295,0.71633524,-7.848939e-10,2.6020643e-09,0.6977563,1
2386614245,2386613569,0.71252906,0.02428922,0.019499471,0.700951,0.71633524,-7.848939e-10,2.6020643e-09,0.6977563,1
2386622925,2386618770,0.71250296,0.024349358,0.019901406,0.7009641,0.71633524,-7.848939e-10,2.6020643e-09,0.6977563,1
2386624300,2386623849,0.7124537,0.024318049,0.020307086,0.7010035,0.71633524,-7.848939e-10,2.6020643e-09,0.6977563,1
2386629374,2386628690,0.712474,0.024360958,0.0206034,0.70097286,0.71633524,-7.848939e-10,2.6020643e-09,0.6977563,1
2386641480,2386638785,0.7124277,0.02441056,0.021195998,0.7010005,0.71633524,-7.848939e-10,2.6020643e-09,0.6977563,1
2386644409,2386643873,0.712465,0.024476536,0.021403775,0.70095396,0.71633524,-7.848939e-10,2.6020643e-09,0.6977563,1
2386654803,2386653919,0.71244514,0.024537949,0.02188073,0.7009573,0.71633524,-7.848939e-10,2.6020643e-09,0.6977563,1
2386659842,2386658422,0.7124205,0.02455816,0.022069676,0.70097566,0.71633524,-7.848939e-10,2.6020643e-09,0.6977563,1
2386668316,2386662754,0.7124201,0.024563182,0.02226415,0.70096976,0.71633524,-7.848939e-10,2.6020643e-09,0.6977563,1
2386673481,2386672902,0.71237284,0.024570758,0.022739466,0.7010023,0.71633524,-7.848939e-10,2.6020643e-09,0.6977563,1
2386682351,2386678015,0.71241236,0.024575846,0.022991024,0.7009537,0.71633524,-7.848939e-10,2.6020643e-09,0.6977563,1
2386688665,2386688172,0.7123939,0.02450115,0.023531126,0.70095724,0.71633524,-7.848939e-10,2.6020643e-09,0.6977563,1
2386697495,2386696877,0.71237284,0.024435837,0.023990896,0.7009653,0.71633524,-7.848939e-10,2.6020643e-09,0.6977563,1
2386708594,2386707988,0.71232057,0.02428632,0.024575025,0.7010034,0.71633524,-7.848939e-10,2.6020643e-09,0.6977563,1
2386712811,2386712167,0.7123222,0.024246285,0.024745282,0.7009971,0.71633524,-7.848939e-10,2.6020643e-09,0.6977563,1
2386722696,2386717051,0.71235377,0.024197876,0.02495638,0.7009592,0.71633524,-7.848939e-10,2.6020643e-09,0.6977563,1
2386727812,2386727301,0.71233106,0.024187863,0.025217673,0.7009732,0.71633524,-7.848939e-10,2.6020643e-09,0.6977563,1
2386733047,2386732488,0.71234447,0.024147952,0.02533006,0.700957,0.71633524,-7.848939e-10,2.6020643e-09,0.6977563,1
2386741634,2386741064,0.71236753,0.024117114,0.025360433,0.7009335,0.71633524,-7.848939e-10,2.6020643e-09,0.6977563,1
2386750504,2386746173,0.71232176,0.024146728,0.025302755,0.70098114,0.71633524,-7.848939e-10,2.6020643e-09,0.6977563,1
2386751977,2386751470,0.712331,0.024026508,0.025356391,0.70097387,0.71633524,-7.848939e-10,2.6020643e-09,0.6977563,1
2386756845,2386756274,0.7123462,0.023908375,0.025346095,0.70096284,0.71633524,-7.848939e-10,2.6020643e-09,0.6977563,1
2386761926,2386761305,0.7123604,0.023839489,0.025316902,0.7009518,0.71633524,-7.848939e-10,2.6020643e-09,0.6977563,1
2386770684,2386766708,0.7123483,0.02372911,0.025322165,0.7009677,0.71633524,-7.848939e-10,2.6020643e-09,0.6977563,1
2386777039,2386776467,0.7124009,0.023486003,0.025315993,0.70092255,0.71633524,-7.848939e-10,2.6020643e-09,0.6977563,1
2386787095,2386786558,0.7123874,0.02323095,0.025359297,0.7009433,0.71633524,-7.848939e-10,2.6020643e-09,0.6977563,1
2386797982,2386796783,0.7124053,0.023019342,0.025378406,0.7009313,0.71633524,-7.848939e-10,2.6020643e-09,0.6977563,1
2386802252,2386801730,0.71238935,0.022907926,0.025381176,0.70095116,0.71633524,-7.848939e-10,2.6020643e-09,0.6977563,1
2386811339,2386806806,0.7124661,0.022819582,0.02533188,0.7008778,0.71633524,-7.848939e-10,2.6020643e-09,0.6977563,1
2386817398,2386816868,0.71243733,0.022648817,0.025342455,0.70091224,0.71633524,-7.848939e-10,2.6020643e-09,0.6977563,1
2386826329,2386825696,0.71248376,0.022563254,0.025264818,0.70087063,0.71633524,-7.848939e-10,2.6020643e-09,0.6977563,1
2386831314,2386830780,0.71251136,0.022483863,0.025220579,0.7008467,0.71633524,-7.848939e-10,2.6020643e-09,0.6977563,1
2386836597,2386835869,0.7124425,0.022412494,0.025154201,0.7009213,0.71633524,-7.848939e-10,2.6020643e-09,0.6977563,1
2386846796,2386840859,0.7124672,0.0223438,0.025067955,0.7009015,0.71633524,-7.848939e-10,2.6020643e-09,0.6977563,1
2386851613,2386851057,0.7124628,0.022085153,0.0248805,0.7009208,0.71633524,-7.848939e-10,2.6020643e-09,0.6977563,1
2386856762,2386856178,0.7124781,0.021960376,0.024768371,0.7009132,0.71633524,-7.848939e-10,2.6020643e-09,0.6977563,1
2386861796,2386861122,0.71251684,0.021778993,0.024686543,0.7008823,0.71633524,-7.848939e-10,2.6020643e-09,0.6977563,1
2386871827,2386866218,0.7125256,0.021575566,0.024604034,0.7008826,0.71633524,-7.848939e-10,2.6020643e-09,0.6977563,1
2386873703,2386872571,0.7125411,0.021314254,0.024500133,0.70087844,0.71633524,-7.848939e-10,2.6020643e-09,0.6977563,1
2386878072,2386877535,0.71256274,0.021114014,0.024387551,0.70086646,0.71633524,-7.848939e-10,2.6020643e-09,0.6977563,1
2386883075,2386882553,0.7125515,0.020948859,0.024239827,0.70088804,0.71633524,-7.848939e-10,2.6020643e-09,0.6977563,1
2386892122,2386887614,0.7126024,0.020771233,0.024152111,0.70084465,0.71633524,-7.848939e-10,2.6020643e-09,0.6977563,1
2386894448,2386893930,0.7126709,0.020526689,0.023934225,0.70078963,0.71633524,-7.848939e-10,2.6020643e-09,0.6977563,1
2386898209,2386897720,0.7126967,0.020431317,0.023790156,0.70077115,0.71633524,-7.848939e-10,2.6020643e-09,0.6977563,1
2386903540,2386902847,0.7127075,0.020337539,0.023580948,0.7007699,0.71633524,-7.848939e-10,2.6020643e-09,0.6977563,1
2386914498,2386913650,0.71281695,0.020008937,0.023108264,0.7006838,0.71633524,-7.848939e-10,2.6020643e-09,0.6977563,1
2386923569,2386917933,0.71285367,0.019889386,0.022930149,0.7006557,0.71633524,-7.848939e-10,2.6020643e-09,0.6977563,1
2386928818,2386928129,0.71299297,0.01949521,0.0224734,0.7005399,0.71633524,-7.848939e-10,2.6020643e-09,0.6977563,1
2386938922,2386938318,0.7130249,0.019019525,0.022121951,0.70053154,0.71633524,-7.848939e-10,2.6020643e-09,0.6977563,1
2386948966,2386948300,0.71315634,0.018586123,0.021728653,0.70042163,0.71633524,-7.848939e-10,2.6020643e-09,0.6977563,1
2386953996,2386953291,0.7131699,0.018368408,0.021521328,0.70041996,0.71633524,-7.848939e-10,2.6020643e-09,0.6977563,1
2386959126,2386958545,0.71323985,0.018174665,0.021264594,0.7003616,0.71633524,-7.848939e-10,2.6020643e-09,0.6977563,1
2386964093,2386963387,0.71330905,0.017983124,0.02106817,0.70030206,0.71633524,-7.848939e-10,2.6020643e-09,0.6977563,1
2386973036,2386968469,0.7133101,0.017799774,0.020837592,0.70031255,0.71633524,-7.848939e-10,2.6020643e-09,0.6977563,1
2386974163,2386973576,0.7133653,0.01761874,0.02060075,0.70026785,0.71633524,-7.848939e-10,2.6020643e-09,0.6977563,1
2386984336,2386983669,0.71345985,0.017243061,0.020136978,0.7001945,0.71633524,-7.848939e-10,2.6020643e-09,0.6977563,1
2386989334,2386988681,0.7135262,0.0170862,0.01987717,0.70013803,0.71633524,-7.848939e-10,2.6020643e-09,0.6977563,1
2386998100,2386997514,0.7136264,0.01673829,0.019399216,0.7000578,0.71633524,-7.848939e-10,2.6020643e-09,0.6977563,1
2387008511,2387007684,0.71369624,0.016360508,0.01876519,0.7000128,0.71633524,-7.848939e-10,2.6020643e-09,0.6977563,1
2387018487,2387017731,0.71380156,0.015872765,0.018237656,0.69993055,0.71633524,-7.848939e-10,2.6020643e-09,0.6977563,1
2387023376,2387022790,0.71383125,0.015677355,0.017892312,0.6999137,0.71633524,-7.848939e-10,2.6020643e-09,0.6977563,1
2387033481,2387027838,0.71387434,0.015444812,0.017630726,0.69988155,0.71633524,-7.848939e-10,2.6020643e-09,0.6977563,1
2387034838,2387034378,0.71394604,0.01514592,0.017197743,0.6998257,0.71633524,-7.848939e-10,2.6020643e-09,0.6977563,1
2387039817,2387039209,0.71398246,0.014939417,0.016927296,0.69979954,0.71633524,-7.848939e-10,2.6020643e-09,0.6977563,1
2387049852,2387049328,0.71410674,0.014418233,0.01635157,0.6996973,0.71633524,-7.848939e-10,2.6020643e-09,0.6977563,1
2387058703,2387058135,0.71417224,0.013923761,0.015883077,0.69965124,0.71633524,-7.848939e-10,2.6020643e-09,0.6977563,1
2387067652,2387063391,0.71420056,0.013596578,0.01560568,0.699635,0.71633524,-7.848939e-10,2.6020643e-09,0.6977563,1
2387069998,2387069444,0.7143488,0.01328515,0.0151891075,0.69949883,0.71633524,-7.848939e-10,2.6020643e-09,0.6977563,1
2387073996,2387073409,0.7143958,0.013082966,0.014953437,0.6994597,0.71633524,-7.848939e-10,2.6020643e-09,0.6977563,1
2387085166,2387084688,0.71449655,0.01253563,0.014232545,0.6993819,0.71633524,-7.848939e-10,2.6020643e-09,0.6977563,1
2387094180,2387093557,0.7145425,0.012123266,0.013610742,0.6993546,0.71633524,-7.848939e-10,2.6020643e-09,0.6977563,1
2387104196,2387103655,0.71467155,0.011614096,0.01295444,0.6992438,0.71633524,-7.848939e-10,2.6020643e-09,0.6977563,1
2387113363,2387108650,0.7146685,0.011353868,0.01263285,0.69925714,0.71633524,-7.848939e-10,2.6020643e-09,0.6977563,1
2387115629,2387113743,0.7147175,0.011129948,0.012308871,0.69921637,0.71633524,-7.848939e-10,2.6020643e-09,0.6977563,1
2387119493,2387118860,0.71484154,0.01086901,0.012053542,0.6990981,0.71633524,-7.848939e-10,2.6020643e-09,0.6977563,1
2387128334,2387127685,0.714823,0.010445463,0.011456681,0.6991336,0.71633524,-7.848939e-10,2.6020643e-09,0.6977563,1
2387142095,2387141498,0.71494955,0.009714981,0.010554664,0.69902897,0.71633524,-7.848939e-10,2.6020643e-09,0.6977563,1
2387147222,2387146583,0.715002,0.009393514,0.010224513,0.69898456,0.71633524,-7.848939e-10,2.6020643e-09,0.6977563,1
2387152283,2387151779,0.71504384,0.009180437,0.009844217,0.6989501,0.71633524,-7.848939e-10,2.6020643e-09,0.6977563,1
2387157289,2387156707,0.7150752,0.00884366,0.009596278,0.69892573,0.71633524,-7.848939e-10,2.6020643e-09,0.6977563,1
2387168974,2387166922,0.7151816,0.00830787,0.008960954,0.6988319,0.71633524,-7.848939e-10,2.6020643e-09,0.6977563,1
2387179463,2387178917,0.7152814,0.007616166,0.008392643,0.69874465,0.71633524,-7.848939e-10,2.6020643e-09,0.6977563,1
2387183745,2387183235,0.7153125,0.0073556285,0.008214578,0.6987178,0.71633524,-7.848939e-10,2.6020643e-09,0.6977563,1
2387192708,2387192072,0.7153991,0.0068191756,0.007748471,0.6986399,0.71633524,-7.848939e-10,2.6020643e-09,0.6977563,1
2387202726,2387197119,0.7154771,0.006555406,0.007471858,0.6985655,0.71633524,-7.848939e-10,2.6020643e-09,0.6977563,1
2387204932,2387203509,0.7155042,0.006160647,0.007129137,0.69854486,0.71633524,-7.848939e-10,2.6020643e-09,0.6977563,1
2387214189,2387212271,0.7156212,0.0056534773,0.0066023283,0.6984346,0.71633524,-7.848939e-10,2.6020643e-09,0.6977563,1
2387218108,2387217419,0.7156113,0.0053179483,0.0063250237,0.6984499,0.71633524,-7.848939e-10,2.6020643e-09,0.6977563,1
2387223046,2387222380,0.7156333,0.005009954,0.006033616,0.69843227,0.71633524,-7.848939e-10,2.6020643e-09,0.6977563,1
2387228157,2387227439,0.7157914,0.0047015157,0.00572245,0.69827497,0.71633524,-7.848939e-10,2.6020643e-09,0.6977563,1
2387236958,2387232444,0.7158342,0.0043883766,0.005456763,0.69823515,0.71633524,-7.848939e-10,2.6020643e-09,0.6977563,1
2387243212,2387242572,0.7159353,0.0036951932,0.004878932,0.6981399,0.71633524,-7.848939e-10,2.6020643e-09,0.6977563,1
2387248322,2387247637,0.7159675,0.0033563664,0.004611947,0.6981104,0.71633524,-7.848939e-10,2.6020643e-09,0.6977563,1
2387253301,2387252748,0.71597606,0.0030234433,0.0043093837,0.6981051,0.71633524,-7.848939e-10,2.6020643e-09,0.6977563,1
2387258258,2387257744,0.7160579,0.002732933,0.004003773,0.6980241,0.71633524,-7.848939e-10,2.6020643e-09,0.6977563,1
2387263494,2387262951,0.71609443,0.0023246526,0.0038139937,0.69798917,0.71633524,-7.848939e-10,2.6020643e-09,0.6977563,1
2387275291,2387274617,0.7162193,0.0016513056,0.0031935286,0.6978661,0.71633524,-7.848939e-10,2.6020643e-09,0.6977563,1
2387279710,2387279226,0.7162507,0.0014134768,0.002919289,0.69783556,0.71633524,-7.848939e-10,2.6020643e-09,0.6977563,1
2387284995,2387284453,0.71627027,0.0011297326,0.0026869378,0.69781697,0.71633524,-7.848939e-10,2.6020643e-09,0.6977563,1
2387294970,2387294425,0.71629626,0.0008385103,0.0023979729,0.6977917,0.71633524,-7.848939e-10,2.6020643e-09,0.6977563,1
2387300012,2387299430,0.7163009,0.00057471695,0.0022091025,0.6977878,0.71633524,-7.848939e-10,2.6020643e-09,0.6977563,1
2387308899,2387304580,0.7163203,0.00021658413,0.0019850638,0.6977688,0.71633524,-7.848939e-10,2.6020643e-09,0.6977563,1
2387311230,2387309689,0.7163775,-0.00011140259,0.0017246365,0.69771075,0.71633524,-7.848939e-10,2.6020643e-09,0.6977563,1
2387320324,2387318593,0.7164366,-0.0006418611,0.0012943904,0.6976507,0.71633524,-7.848939e-10,2.6020643e-09,0.6977563,1
2387324128,2387323472,0.7164368,-0.0009917129,0.0010808393,0.69765043,0.71633524,-7.848939e-10,2.6020643e-09,0.6977563,1
2387329053,2387328531,0.71652013,-0.0013091365,0.0008076357,0.6975648,0.71633524,-7.848939e-10,2.6020643e-09,0.6977563,1
2387334117,2387333546,0.7165305,-0.001656902,0.0005530365,0.6975537,0.71633524,-7.848939e-10,2.6020643e-09,0.6977563,1
2387342963,2387338887,0.71650404,-0.0020569263,0.0003012711,0.69757986,0.71633524,-7.848939e-10,2.6020643e-09,0.6977563,1
2387349231,2387348731,0.71660745,-0.0026930647,-0.00032068687,0.6974715,0.71633524,-7.848939e-10,2.6020643e-09,0.6977563,1
2387359258,2387358854,0.7165797,-0.003326051,-0.0009612533,0.69749665,0.71633524,-7.848939e-10,2.6020643e-09,0.6977563,1
2387364584,2387363927,0.7166175,-0.0036015224,-0.001256801,0.6974559,0.71633524,-7.848939e-10,2.6020643e-09,0.6977563,1
2387369460,2387368921,0.716605,-0.0038627225,-0.0015577615,0.69746685,0.71633524,-7.848939e-10,2.6020643e-09,0.6977563,1
2387379625,2387379146,0.7166896,-0.004362039,-0.0021427888,0.6973754,0.71633524,-7.848939e-10,2.6020643e-09,0.6977563,1
2387389757,2387384088,0.7167098,-0.0046242285,-0.002430037,0.69735205,0.71633524,-7.848939e-10,2.6020643e-09,0.6977563,1
2387394668,2387394173,0.71675915,-0.0052111074,-0.002892166,0.69729537,0.71633524,-7.848939e-10,2.6020643e-09,0.6977563,1
2387404983,2387403186,0.7167984,-0.00580049,-0.0033151682,0.69724846,0.71633524,-7.848939e-10,2.6020643e-09,0.6977563,1
2387408715,2387408094,0.7168054,-0.0061334833,-0.0035246375,0.6972375,0.71633524,-7.848939e-10,2.6020643e-09,0.6977563,1
2387414019,2387413189,0.71684,-0.0065030167,-0.003717744,0.69719756,0.71633524,-7.848939e-10,2.6020643e-09,0.6977563,1
2387425850,2387424764,0.7168638,-0.007295865,-0.0042835427,0.6971619,0.71633524,-7.848939e-10,2.6020643e-09,0.6977563,1
2387430145,2387429598,0.7168873,-0.007613763,-0.0045386907,0.69713277,0.71633524,-7.848939e-10,2.6020643e-09,0.6977563,1
2387439206,2387438538,0.71695006,-0.00801821,-0.0050631566,0.6970601,0.71633524,-7.848939e-10,2.6020643e-09,0.6977563,1
2387443896,2387443435,0.7169186,-0.008301748,-0.0053002536,0.6970874,0.71633524,-7.848939e-10,2.6020643e-09,0.6977563,1
2387455248,2387454828,0.71698445,-0.008864874,-0.0058397674,0.6970084,0.71633524,-7.848939e-10,2.6020643e-09,0.6977563,1
2387460638,2387459985,0.71704787,-0.00905412,-0.006076106,0.6969387,0.71633524,-7.848939e-10,2.6020643e-09,0.6977563,1
2387470512,2387469945,0.71705985,-0.00948971,-0.0064747906,0.696917,0.71633524,-7.848939e-10,2.6020643e-09,0.6977563,1
2387475699,2387475102,0.7170533,-0.0096581355,-0.006736563,0.6969189,0.71633524,-7.848939e-10,2.6020643e-09,0.6977563,1
2387487645,2387486431,0.7170485,-0.010111041,-0.0072194245,0.6969125,0.71633524,-7.848939e-10,2.6020643e-09,0.6977563,1
2387497263,2387496485,0.71706384,-0.010516422,-0.0077042854,0.6968856,0.71633524,-7.848939e-10,2.6020643e-09,0.6977563,1
2387502209,2387501571,0.7170648,-0.010676229,-0.007986016,0.696879,0.71633524,-7.848939e-10,2.6020643e-09,0.6977563,1
2387507199,2387506629,0.71707726,-0.010864646,-0.00822997,0.6968605,0.71633524,-7.848939e-10,2.6020643e-09,0.6977563,1
2387512338,2387511727,0.71709526,-0.011082448,-0.008549336,0.6968347,0.71633524,-7.848939e-10,2.6020643e-09,0.6977563,1
2387524651,2387523098,0.71709347,-0.01156226,-0.00916375,0.6968209,0.71633524,-7.848939e-10,2.6020643e-09,0.6977563,1
2387533979,2387533259,0.71708184,-0.012043354,-0.009646977,0.6968182,0.71633524,-7.848939e-10,2.6020643e-09,0.6977563,1
2387538829,2387538220,0.71710104,-0.012284935,-0.009920184,0.69679034,0.71633524,-7.848939e-10,2.6020643e-09,0.6977563,1
2387544044,2387543220,0.7171182,-0.012485988,-0.010154554,0.6967657,0.71633524,-7.848939e-10,2.6020643e-09,0.6977563,1
2387549121,2387548234,0.71705794,-0.012745759,-0.010330577,0.6968205,0.71633524,-7.848939e-10,2.6020643e-09,0.6977563,1
2387557621,2387553383,0.71708363,-0.012971598,-0.010556539,0.69678646,0.71633524,-7.848939e-10,2.6020643e-09,0.6977563,1
2387564296,2387558700,0.7171101,-0.013113472,-0.010780974,0.69675314,0.71633524,-7.848939e-10,2.6020643e-09,0.6977563,1
2387565297,2387564761,0.7171377,-0.01328675,-0.011006688,0.69671786,0.71633524,-7.848939e-10,2.6020643e-09,0.6977563,1
2387570701,2387569747,0.7171634,-0.013378717,-0.011205416,0.69668657,0.71633524,-7.848939e-10,2.6020643e-09,0.6977563,1
2387575478,2387574863,0.7170897,-0.013552185,-0.011348342,0.69675666,0.71633524,-7.848939e-10,2.6020643e-09,0.6977563,1
2387585419,2387584982,0.7171451,-0.013779535,-0.011705561,0.6966893,0.71633524,-7.848939e-10,2.6020643e-09,0.6977563,1
2387595607,2387595052,0.71708,-0.014019357,-0.012090406,0.6967451,0.71633524,-7.848939e-10,2.6020643e-09,0.6977563,1
2387600672,2387600117,0.7170583,-0.014182768,-0.0122303935,0.69676155,0.71633524,-7.848939e-10,2.6020643e-09,0.6977563,1
2387605859,2387605155,0.7170253,-0.014254032,-0.012450006,0.6967902,0.71633524,-7.848939e-10,2.6020643e-09,0.6977563,1
2387610857,2387610259,0.71699876,-0.014345914,-0.012618899,0.69681257,0.71633524,-7.848939e-10,2.6020643e-09,0.6977563,1
2387615884,2387615287,0.71699244,-0.014486164,-0.012743148,0.69681394,0.71633524,-7.848939e-10,2.6020643e-09,0.6977563,1
2387626090,2387620468,0.7169668,-0.014555746,-0.012957192,0.6968349,0.71633524,-7.848939e-10,2.6020643e-09,0.6977563,1
2387631053,2387630449,0.7169204,-0.014798355,-0.013220981,0.69687265,0.71633524,-7.848939e-10,2.6020643e-09,0.6977563,1
2387639917,2387635464,0.7169028,-0.014914866,-0.013386808,0.69688505,0.71633524,-7.848939e-10,2.6020643e-09,0.6977563,1
2387641462,2387640967,0.71685094,-0.01499983,-0.013467658,0.69693506,0.71633524,-7.848939e-10,2.6020643e-09,0.6977563,1
2387646688,2387645916,0.7168343,-0.015097461,-0.013596713,0.6969476,0.71633524,-7.848939e-10,2.6020643e-09,0.6977563,1
2387651163,2387650611,0.7168349,-0.015167046,-0.013744243,0.6969425,0.71633524,-7.848939e-10,2.6020643e-09,0.6977563,1
2387656211,2387655646,0.71679527,-0.015233941,-0.0138636995,0.69697946,0.71633524,-7.848939e-10,2.6020643e-09,0.6977563,1
2387667467,2387666860,0.7167966,-0.015333139,-0.01416782,0.6969698,0.71633524,-7.848939e-10,2.6020643e-09,0.6977563,1
2387671706,2387670939,0.7167798,-0.0153698735,-0.014251265,0.6969845,0.71633524,-7.848939e-10,2.6020643e-09,0.6977563,1
2387681541,2387675898,0.71672237,-0.015438538,-0.014352584,0.69704,0.71633524,-7.848939e-10,2.6020643e-09,0.6977563,1
2387682706,2387680977,0.71675557,-0.015453186,-0.014453267,0.6970035,0.71633524,-7.848939e-10,2.6020643e-09,0.6977563,1
2387692734,2387692300,0.71661884,-0.015511765,-0.014654291,0.69713855,0.71633524,-7.848939e-10,2.6020643e-09,0.6977563,1
2387703064,2387701146,0.71652937,-0.015548925,-0.014793782,0.6972267,0.71633524,-7.848939e-10,2.6020643e-09,0.6977563,1
2387711870,2387711301,0.7164285,-0.015514509,-0.014962115,0.69732755,0.71633524,-7.848939e-10,2.6020643e-09,0.6977563,1
2387717232,2387716416,0.716385,-0.01556512,-0.015006196,0.6973701,0.71633524,-7.848939e-10,2.6020643e-09,0.6977563,1
2387731172,2387730503,0.7163098,-0.015487846,-0.015178603,0.6974454,0.71633524,-7.848939e-10,2.6020643e-09,0.6977563,1
2387741145,2387737887,0.71627796,-0.015417546,-0.015278045,0.69747746,0.71633524,-7.848939e-10,2.6020643e-09,0.6977563,1
2387748555,2387747895,0.7162524,-0.01528364,-0.015434221,0.69750327,0.71633524,-7.848939e-10,2.6020643e-09,0.6977563,1
2387757437,2387756757,0.7161856,-0.015216874,-0.015451257,0.6975729,0.71633524,-7.848939e-10,2.6020643e-09,0.6977563,1
2387768646,2387768022,0.7161812,-0.0151611455,-0.015535036,0.69757676,0.71633524,-7.848939e-10,2.6020643e-09,0.6977563,1
2387773267,2387772569,0.7161456,-0.015138558,-0.015530046,0.69761395,0.71633524,-7.848939e-10,2.6020643e-09,0.6977563,1
2387777512,2387776963,0.7161227,-0.015135749,-0.015545527,0.69763714,0.71633524,-7.848939e-10,2.6020643e-09,0.6977563,1
2387786304,2387782002,0.7161496,-0.015119552,-0.015545028,0.69760984,0.71633524,-7.848939e-10,2.6020643e-09,0.6977563,1
2387792831,2387792232,0.71606266,-0.015045968,-0.01553413,0.697701,0.71633524,-7.848939e-10,2.6020643e-09,0.6977563,1
2387797715,2387797139,0.7161348,-0.014961516,-0.0155226225,0.697629,0.71633524,-7.848939e-10,2.6020643e-09,0.6977563,1
2387802780,2387802247,0.7160864,-0.014916263,-0.015488729,0.6976804,0.71633524,-7.848939e-10,2.6020643e-09,0.6977563,1
2387811777,2387807484,0.71605957,-0.014787175,-0.015461844,0.6977113,0.71633524,-7.848939e-10,2.6020643e-09,0.6977563,1
2387818019,2387812353,0.71607983,-0.014678665,-0.015412185,0.69769394,0.71633524,-7.848939e-10,2.6020643e-09,0.6977563,1
2387820232,2387818964,0.716018,-0.014517626,-0.015363531,0.6977618,0.71633524,-7.848939e-10,2.6020643e-09,0.6977563,1
2387824338,2387823776,0.71603864,-0.014418125,-0.01531003,0.69774383,0.71633524,-7.848939e-10,2.6020643e-09,0.6977563,1
2387834464,2387833833,0.7160249,-0.01413228,-0.0152612915,0.6977648,0.71633524,-7.848939e-10,2.6020643e-09,0.6977563,1
2387844889,2387843864,0.7160298,-0.013881854,-0.015186077,0.6977664,0.71633524,-7.848939e-10,2.6020643e-09,0.6977563,1
2387855618,2387854087,0.71598285,-0.013573946,-0.015113339,0.69782233,0.71633524,-7.848939e-10,2.6020643e-09,0.6977563,1
2387859570,2387859096,0.7160052,-0.01348771,-0.015070601,0.69780195,0.71633524,-7.848939e-10,2.6020643e-09,0.6977563,1
2387868557,2387867951,0.7160199,-0.0132041965,-0.0149705885,0.69779444,0.71633524,-7.848939e-10,2.6020643e-09,0.6977563,1
2387879825,2387879272,0.7160193,-0.013016733,-0.014688374,0.6978046,0.71633524,-7.848939e-10,2.6020643e-09,0.6977563,1
2387883864,2387883272,0.7160282,-0.012897248,-0.014625571,0.69779897,0.71633524,-7.848939e-10,2.6020643e-09,0.6977563,1
2387888854,2387888196,0.71597344,-0.01285687,-0.014445221,0.6978597,0.71633524,-7.848939e-10,2.6020643e-09,0.6977563,1
2387893706,2387893142,0.71600753,-0.012702038,-0.014392305,0.69782865,0.71633524,-7.848939e-10,2.6020643e-09,0.6977563,1
2387898807,2387898277,0.71596867,-0.012583004,-0.014237667,0.69787383,0.71633524,-7.848939e-10,2.6020643e-09,0.6977563,1
2387903819,2387903264,0.7159342,-0.012431899,-0.014131069,0.6979141,0.71633524,-7.848939e-10,2.6020643e-09,0.6977563,1
2387912691,2387908331,0.71601796,-0.012291079,-0.01403798,0.6978325,0.71633524,-7.848939e-10,2.6020643e-09,0.6977563,1
2387921130,2387919736,0.7160207,-0.011962516,-0.013714054,0.6978419,0.71633524,-7.848939e-10,2.6020643e-09,0.6977563,1
2387925510,2387924820,0.7160093,-0.011805369,-0.01357511,0.69785887,0.71633524,-7.848939e-10,2.6020643e-09,0.6977563,1
2387936663,2387936139,0.7160218,-0.011370742,-0.013347728,0.6978577,0.71633524,-7.848939e-10,2.6020643e-09,0.6977563,1
2387941902,2387941232,0.716017,-0.011081539,-0.013319482,0.6978678,0.71633524,-7.848939e-10,2.6020643e-09,0.6977563,1
2387952000,2387951334,0.71601695,-0.010650588,-0.013120747,0.6978784,0.71633524,-7.848939e-10,2.6020643e-09,0.6977563,1
2387957052,2387956313,0.715994,-0.010374017,-0.01304849,0.6979074,0.71633524,-7.848939e-10,2.6020643e-09,0.6977563,1
2387965726,2387961819,0.7159455,-0.01018659,-0.012843557,0.69796365,0.71633524,-7.848939e-10,2.6020643e-09,0.6977563,1
2387967928,2387967398,0.7159823,-0.009931529,-0.012737439,0.6979315,0.71633524,-7.848939e-10,2.6020643e-09,0.6977563,1
2387977231,2387975292,0.71595573,-0.009609722,-0.012474919,0.6979681,0.71633524,-7.848939e-10,2.6020643e-09,0.6977563,1
2387986218,2387984143,0.7159602,-0.00929074,-0.01216452,0.6979734,0.71633524,-7.848939e-10,2.6020643e-09,0.6977563,1
2387994991,2387994231,0.7159486,-0.008897582,-0.011796981,0.69799674,0.71633524,-7.848939e-10,2.6020643e-09,0.6977563,1
2387999938,2387999318,0.7158962,-0.008670547,-0.011584382,0.6980568,0.71633524,-7.848939e-10,2.6020643e-09,0.6977563,1
2388009929,2388009404,0.7158819,-0.008198504,-0.011260928,0.6980825,0.71633524,-7.848939e-10,2.6020643e-09,0.6977563,1
2388015019,2388014458,0.7157845,-0.007916135,-0.0111067,0.69818807,0.71633524,-7.848939e-10,2.6020643e-09,0.6977563,1
2388027087,2388025875,0.7157199,-0.0072275777,-0.010775215,0.6982669,0.71633524,-7.848939e-10,2.6020643e-09,0.6977563,1
2388031677,2388031033,0.7157333,-0.0069015115,-0.01060109,0.6982592,0.71633524,-7.848939e-10,2.6020643e-09,0.6977563,1
2388036512,2388035930,0.71573925,-0.0065902304,-0.010439692,0.6982585,0.71633524,-7.848939e-10,2.6020643e-09,0.6977563,1
2388041655,2388040963,0.7156906,-0.0062543633,-0.0103099765,0.69831336,0.71633524,-7.848939e-10,2.6020643e-09,0.6977563,1
2388050408,2388046394,0.71569556,-0.0058692875,-0.01015086,0.69831395,0.71633524,-7.848939e-10,2.6020643e-09,0.6977563,1
2388056785,2388056099,0.71559876,-0.0052058585,-0.009897445,0.69842213,0.71633524,-7.848939e-10,2.6020643e-09,0.6977563,1
2388062196,2388061158,0.71557945,-0.0048533636,-0.0097206095,0.6984469,0.71633524,-7.848939e-10,2.6020643e-09,0.6977563,1
2388066783,2388066205,0.7155661,-0.004552151,-0.009537597,0.6984651,0.71633524,-7.848939e-10,2.6020643e-09,0.6977563,1
2388071953,2388071298,0.71545184,-0.0041838377,-0.009419844,0.698586,0.71633524,-7.848939e-10,2.6020643e-09,0.6977563,1
2388076913,2388076347,0.7154411,-0.0038632771,-0.009212608,0.69860166,0.71633524,-7.848939e-10,2.6020643e-09,0.6977563,1
2388082007,2388081397,0.7153889,-0.0035697937,-0.009060837,0.69865865,0.71633524,-7.848939e-10,2.6020643e-09,0.6977563,1
2388086970,2388086438,0.71536416,-0.0032373783,-0.008897689,0.6986877,0.71633524,-7.848939e-10,2.6020643e-09,0.6977563,1
2388095874,2388091519,0.7153384,-0.0028762305,-0.008735209,0.69871765,0.71633524,-7.848939e-10,2.6020643e-09,0.6977563,1
2388104296,2388101602,0.7152688,-0.0023038327,-0.008398673,0.69879526,0.71633524,-7.848939e-10,2.6020643e-09,0.6977563,1
2388107500,2388106896,0.71517146,-0.0019676362,-0.008228461,0.69889784,0.71633524,-7.848939e-10,2.6020643e-09,0.6977563,1
2388112267,2388111711,0.71512145,-0.0017828519,-0.008002743,0.6989522,0.71633524,-7.848939e-10,2.6020643e-09,0.6977563,1
2388117350,2388116879,0.71511185,-0.0014336869,-0.007859465,0.6989644,0.71633524,-7.848939e-10,2.6020643e-09,0.6977563,1
2388122382,2388121799,0.71499336,-0.0011530643,-0.00764666,0.69908845,0.71633524,-7.848939e-10,2.6020643e-09,0.6977563,1
2388127438,2388126863,0.714957,-0.0008976537,-0.00741825,0.69912845,0.71633524,-7.848939e-10,2.6020643e-09,0.6977563,1
2388137386,2388136988,0.71489406,-0.000274707,-0.0071102763,0.6991967,0.71633524,-7.848939e-10,2.6020643e-09,0.6977563,1
2388146425,2388142040,0.7148318,2.7082397e-05,-0.006935103,0.6992621,0.71633524,-7.848939e-10,2.6020643e-09,0.6977563,1
2388154756,2388153891,0.71472806,0.00074585364,-0.0066027846,0.6993709,0.71633524,-7.848939e-10,2.6020643e-09,0.6977563,1
2388159057,2388158446,0.714696,0.0010305629,-0.006457861,0.69940466,0.71633524,-7.848939e-10,2.6020643e-09,0.6977563,1
2388167953,2388167319,0.7145855,0.0015491757,-0.0061236024,0.69951975,0.71633524,-7.848939e-10,2.6020643e-09,0.6977563,1
2388176610,2388172667,0.7144995,0.001833134,-0.0059530786,0.6996083,0.71633524,-7.848939e-10,2.6020643e-09,0.6977563,1
2388178722,2388177556,0.7144812,0.0021017944,-0.0057816254,0.6996277,0.71633524,-7.848939e-10,2.6020643e-09,0.6977563,1
2388183147,2388182531,0.7144317,0.0023483057,-0.005569161,0.69967914,0.71633524,-7.848939e-10,2.6020643e-09,0.6977563,1
2388199535,2388198942,0.7141589,0.003196913,-0.0049487543,0.6999589,0.71633524,-7.848939e-10,2.6020643e-09,0.6977563,1
2388204727,2388203890,0.7141668,0.0034766635,-0.0047798357,0.69995064,0.71633524,-7.848939e-10,2.6020643e-09,0.6977563,1
2388213606,2388212758,0.7141026,0.003945156,-0.004472766,0.70001566,0.71633524,-7.848939e-10,2.6020643e-09,0.6977563,1
2388218329,2388217820,0.71402806,0.0042056986,-0.004309509,0.7000912,0.71633524,-7.848939e-10,2.6020643e-09,0.6977563,1
2388230074,2388229498,0.71394217,0.0048038755,-0.003927818,0.7001772,0.71633524,-7.848939e-10,2.6020643e-09,0.6977563,1
2388234867,2388234242,0.7138875,0.005070878,-0.0038068315,0.7002318,0.71633524,-7.848939e-10,2.6020643e-09,0.6977563,1
2388246067,2388244440,0.7138194,0.0055177365,-0.003479711,0.70029944,0.71633524,-7.848939e-10,2.6020643e-09,0.6977563,1
2388250330,2388249670,0.71375376,0.00578907,-0.0033539566,0.7003648,0.71633524,-7.848939e-10,2.6020643e-09,0.6977563,1
2388260323,2388259541,0.7136856,0.006262534,-0.0030884626,0.70043147,0.71633524,-7.848939e-10,2.6020643e-09,0.6977563,1
2388265226,2388264666,0.7136419,0.0065592625,-0.0029641674,0.7004738,0.71633524,-7.848939e-10,2.6020643e-09,0.6977563,1
2388270229,2388269624,0.7136005,0.006815941,-0.0028160014,0.700514,0.71633524,-7.848939e-10,2.6020643e-09,0.6977563,1
2388275230,2388274621,0.7135781,0.007054348,-0.0026794078,0.7005351,0.71633524,-7.848939e-10,2.6020643e-09,0.6977563,1
2388284043,2388279733,0.71355104,0.007297198,-0.0025462375,0.7005606,0.71633524,-7.848939e-10,2.6020643e-09,0.6977563,1
2388292402,2388291174,0.71346915,0.007709663,-0.002239782,0.70064074,0.71633524,-7.848939e-10,2.6020643e-09,0.6977563,1
2388296700,2388296149,0.71339685,0.007874489,-0.0020740072,0.700713,0.71633524,-7.848939e-10,2.6020643e-09,0.6977563,1
2388301919,2388301273,0.7133672,0.0080332905,-0.0019829115,0.70074165,0.71633524,-7.848939e-10,2.6020643e-09,0.6977563,1
2388306830,2388306286,0.7134273,0.008244592,-0.0019266646,0.7006781,0.71633524,-7.848939e-10,2.6020643e-09,0.6977563,1
2388311977,2388311311,0.71330595,0.008429497,-0.0017907269,0.7007998,0.71633524,-7.848939e-10,2.6020643e-09,0.6977563,1
2388320745,2388317012,0.7132537,0.00862772,-0.001687884,0.7008509,0.71633524,-7.848939e-10,2.6020643e-09,0.6977563,1
2388322841,2388322337,0.7132648,0.008856793,-0.0016320983,0.70083684,0.71633524,-7.848939e-10,2.6020643e-09,0.6977563,1
2388326919,2388326437,0.71321803,0.008999264,-0.0015442844,0.7008828,0.71633524,-7.848939e-10,2.6020643e-09,0.6977563,1
2388337337,2388336680,0.71314764,0.00941753,-0.0013840419,0.70094925,0.71633524,-7.848939e-10,2.6020643e-09,0.6977563,1
2388342559,2388341840,0.713118,0.009600883,-0.0012715806,0.70097715,0.71633524,-7.848939e-10,2.6020643e-09,0.6977563,1
2388347225,2388346710,0.7130691,0.009817095,-0.0012345484,0.70102406,0.71633524,-7.848939e-10,2.6020643e-09,0.6977563,1
2388358603,2388356734,0.7131016,0.010148754,-0.0010273386,0.70098656,0.71633524,-7.848939e-10,2.6020643e-09,0.6977563,1
2388362780,2388361838,0.71299815,0.010324139,-0.00095082814,0.7010894,0.71633524,-7.848939e-10,2.6020643e-09,0.6977563,1
2388375081,2388373338,0.7129403,0.010645622,-0.00078068714,0.70114356,0.71633524,-7.848939e-10,2.6020643e-09,0.6977563,1
2388378861,2388378289,0.71292776,0.010818863,-0.00072996464,0.70115376,0.71633524,-7.848939e-10,2.6020643e-09,0.6977563,1
2388384029,2388383459,0.7129517,0.01089969,-0.00064348674,0.7011281,0.71633524,-7.848939e-10,2.6020643e-09,0.6977563,1
2388392874,2388392086,0.71287125,0.011100434,-0.000584993,0.7012069,0.71633524,-7.848939e-10,2.6020643e-09,0.6977563,1
2388401828,2388397664,0.71284837,0.011259738,-0.00057638745,0.70122766,0.71633524,-7.848939e-10,2.6020643e-09,0.6977563,1
2388402745,2388402281,0.7128316,0.011347461,-0.00052539125,0.7012433,0.71633524,-7.848939e-10,2.6020643e-09,0.6977563,1
2388412900,2388412300,0.71277297,0.011597824,-0.0005166908,0.7012988,0.71633524,-7.848939e-10,2.6020643e-09,0.6977563,1
2388423942,2388422672,0.7127754,0.01181013,-0.0004121898,0.7012929,0.71633524,-7.848939e-10,2.6020643e-09,0.6977563,1
2388433114,2388432537,0.71270716,0.012057269,-0.00026855944,0.7013581,0.71633524,-7.848939e-10,2.6020643e-09,0.6977563,1
2388442243,2388441385,0.7126713,0.012248561,-0.00017244158,0.7013912,0.71633524,-7.848939e-10,2.6020643e-09,0.6977563,1
2388447076,2388446465,0.71265775,0.01236614,-0.00013133061,0.7014029,0.71633524,-7.848939e-10,2.6020643e-09,0.6977563,1
2388452169,2388451548,0.71260935,0.012406502,-4.8084556e-05,0.7014514,0.71633524,-7.848939e-10,2.6020643e-09,0.6977563,1
2388464803,2388464146,0.7125428,0.012519729,0.00010605262,0.701517,0.71633524,-7.848939e-10,2.6020643e-09,0.6977563,1
2388473701,2388473039,0.71254426,0.012550414,0.00013706926,0.70151496,0.71633524,-7.848939e-10,2.6020643e-09,0.6977563,1
2388478783,2388478125,0.7124819,0.012564037,0.00019327142,0.70157796,0.71633524,-7.848939e-10,2.6020643e-09,0.6977563,1
2388483764,2388483123,0.71248424,0.012605443,0.00017897588,0.70157486,0.71633524,-7.848939e-10,2.6020643e-09,0.6977563,1
2388488872,2388488220,0.7125206,0.012674321,0.00013438491,0.7015367,0.71633524,-7.848939e-10,2.6020643e-09,0.6977563,1
2388493846,2388493234,0.71249574,0.012740006,0.00016073865,0.70156074,0.71633524,-7.848939e-10,2.6020643e-09,0.6977563,1
2388503938,2388498234,0.71244985,0.012842971,0.00012549745,0.70160556,0.71633524,-7.848939e-10,2.6020643e-09,0.6977563,1
2388505198,2388503340,0.7124566,0.0129485605,0.00011313772,0.7015968,0.71633524,-7.848939e-10,2.6020643e-09,0.6977563,1
2388508984,2388508339,0.71239,0.013053436,8.669437e-05,0.7016625,0.71633524,-7.848939e-10,2.6020643e-09,0.6977563,1
2388519796,2388518506,0.71231776,0.013214105,6.0617516e-05,0.7017327,0.71633524,-7.848939e-10,2.6020643e-09,0.6977563,1
2388524135,2388523551,0.7123181,0.013263049,9.3652074e-05,0.7017315,0.71633524,-7.848939e-10,2.6020643e-09,0.6977563,1
2388533170,2388528769,0.7121588,0.013285146,0.00012225419,0.70189273,0.71633524,-7.848939e-10,2.6020643e-09,0.6977563,1
2388539266,2388538640,0.7121639,0.013309936,0.00020425851,0.7018871,0.71633524,-7.848939e-10,2.6020643e-09,0.6977563,1
2388548262,2388547595,0.7120835,0.013244778,0.00027743686,0.7019698,0.71633524,-7.848939e-10,2.6020643e-09,0.6977563,1
2388553164,2388552546,0.71205264,0.013256244,0.00027007525,0.702001,0.71633524,-7.848939e-10,2.6020643e-09,0.6977563,1
2388564531,2388563922,0.71200204,0.0132403765,0.00033375196,0.7020525,0.71633524,-7.848939e-10,2.6020643e-09,0.6977563,1
2388569826,2388568425,0.71197206,0.013242247,0.0003447103,0.7020829,0.71633524,-7.848939e-10,2.6020643e-09,0.6977563,1
2388578487,2388577887,0.7119478,0.013263627,0.000416102,0.7021071,0.71633524,-7.848939e-10,2.6020643e-09,0.6977563,1
2388583643,2388582934,0.71189606,0.013339261,0.0004196709,0.7021581,0.71633524,-7.848939e-10,2.6020643e-09,0.6977563,1
2388588712,2388588155,0.7118615,0.013365093,0.000460737,0.70219254,0.71633524,-7.848939e-10,2.6020643e-09,0.6977563,1
2388593889,2388593219,0.711859,0.013337157,0.00052381423,0.7021956,0.71633524,-7.848939e-10,2.6020643e-09,0.6977563,1
2388598741,2388598053,0.7118586,0.013373708,0.0005254737,0.70219535,0.71633524,-7.848939e-10,2.6020643e-09,0.6977563,1
2388603957,2388603242,0.7117962,0.013376889,0.0005724273,0.70225847,0.71633524,-7.848939e-10,2.6020643e-09,0.6977563,1
2388608756,2388608150,0.7117778,0.013349351,0.00062249595,0.70227754,0.71633524,-7.848939e-10,2.6020643e-09,0.6977563,1
2388618737,2388618266,0.71183646,0.013401971,0.0005361434,0.7022172,0.71633524,-7.848939e-10,2.6020643e-09,0.6977563,1
2388623921,2388623290,0.71177626,0.013388006,0.0005614735,0.7022785,0.71633524,-7.848939e-10,2.6020643e-09,0.6977563,1
2388635125,2388633509,0.71181357,0.013380547,0.00048101202,0.7022408,0.71633524,-7.848939e-10,2.6020643e-09,0.6977563,1
2388639363,2388638730,0.7117421,0.013361151,0.00047213532,0.70231366,0.71633524,-7.848939e-10,2.6020643e-09,0.6977563,1
2388644224,2388643513,0.71178126,0.013357828,0.00046375528,0.702274,0.71633524,-7.848939e-10,2.6020643e-09,0.6977563,1
2388649423,2388648586,0.71181667,0.013336043,0.0004801427,0.70223856,0.71633524,-7.848939e-10,2.6020643e-09,0.6977563,1
2388657913,2388654013,0.7117764,0.01326489,0.00047841208,0.70228076,0.71633524,-7.848939e-10,2.6020643e-09,0.6977563,1
2388664453,2388658701,0.71177024,0.013229382,0.00048542084,0.7022877,0.71633524,-7.848939e-10,2.6020643e-09,0.6977563,1
2388666416,2388664709,0.71187794,0.013150987,0.00048107115,0.7021799,0.71633524,-7.848939e-10,2.6020643e-09,0.6977563,1
2388669403,2388668854,0.7118678,0.013120968,0.00048683188,0.70219076,0.71633524,-7.848939e-10,2.6020643e-09,0.6977563,1
2388674574,2388673544,0.7117941,0.013109682,0.00045655362,0.7022658,0.71633524,-7.848939e-10,2.6020643e-09,0.6977563,1
2388678220,2388677718,0.7118052,0.013108547,0.00042204114,0.70225453,0.71633524,-7.848939e-10,2.6020643e-09,0.6977563,1
2388688334,2388682801,0.7119277,0.013083425,0.00038029088,0.70213085,0.71633524,-7.848939e-10,2.6020643e-09,0.6977563,1
2388689596,2388687772,0.71192425,0.013081517,0.0003486853,0.7021344,0.71633524,-7.848939e-10,2.6020643e-09,0.6977563,1
2388693414,2388692825,0.71190625,0.013141792,0.0002639962,0.7021515,0.71633524,-7.848939e-10,2.6020643e-09,0.6977563,1
2388698444,2388697884,0.71192056,0.013167264,0.00019653587,0.7021366,0.71633524,-7.848939e-10,2.6020643e-09,0.6977563,1
2388703449,2388702869,0.71195364,0.013071038,0.00023297936,0.7021048,0.71633524,-7.848939e-10,2.6020643e-09,0.6977563,1
2388708547,2388707932,0.71194303,0.013097995,0.00012956442,0.70211506,0.71633524,-7.848939e-10,2.6020643e-09,0.6977563,1
2388719676,2388718043,0.7119602,0.012994977,0.00011606073,0.7020996,0.71633524,-7.848939e-10,2.6020643e-09,0.6977563,1
2388723890,2388723262,0.7119453,0.012938523,4.2463675e-05,0.7021157,0.71633524,-7.848939e-10,2.6020643e-09,0.6977563,1
2388728861,2388728179,0.7119353,0.012857517,5.3583368e-05,0.70212734,0.71633524,-7.848939e-10,2.6020643e-09,0.6977563,1
2388737470,2388733308,0.71194285,0.012753495,6.729601e-05,0.7021217,0.71633524,-7.848939e-10,2.6020643e-09,0.6977563,1
2388739071,2388738359,0.7119402,0.012657896,3.7995855e-05,0.7021261,0.71633524,-7.848939e-10,2.6020643e-09,0.6977563,1
2388744099,2388743421,0.71193415,0.012599842,4.3212698e-05,0.7021333,0.71633524,-7.848939e-10,2.6020643e-09,0.6977563,1
2388748976,2388748351,0.7119079,0.012524333,3.0487256e-05,0.7021612,0.71633524,-7.848939e-10,2.6020643e-09,0.6977563,1
2388760522,2388758460,0.71194804,0.012456609,-8.098353e-05,0.70212173,0.71633524,-7.848939e-10,2.6020643e-09,0.6977563,1
2388770445,2388769915,0.7119761,0.012428331,-0.00021988488,0.7020937,0.71633524,-7.848939e-10,2.6020643e-09,0.6977563,1
2388775708,2388774984,0.71190566,0.012366442,-0.0002008023,0.7021662,0.71633524,-7.848939e-10,2.6020643e-09,0.6977563,1
2388785712,2388783735,0.71191555,0.012359544,-0.00033552243,0.7021563,0.71633524,-7.848939e-10,2.6020643e-09,0.6977563,1
2388789430,2388788835,0.71196795,0.012299406,-0.00038365708,0.70210415,0.71633524,-7.848939e-10,2.6020643e-09,0.6977563,1
2388794336,2388793835,0.71194685,0.012254819,-0.00039439395,0.70212626,0.71633524,-7.848939e-10,2.6020643e-09,0.6977563,1
2388799593,2388798874,0.7118673,0.012204367,-0.00048764245,0.7022078,0.71633524,-7.848939e-10,2.6020643e-09,0.6977563,1
2388810251,2388809034,0.7119189,0.012033508,-0.00052192865,0.70215845,0.71633524,-7.848939e-10,2.6020643e-09,0.6977563,1
2388821312,2388820583,0.7119315,0.011770771,-0.000571591,0.7021501,0.71633524,-7.848939e-10,2.6020643e-09,0.6977563,1
2388826108,2388825503,0.71187764,0.01167687,-0.0006203917,0.70220625,0.71633524,-7.848939e-10,2.6020643e-09,0.6977563,1
2388836123,2388835531,0.7119058,0.011494486,-0.00070737983,0.7021807,0.71633524,-7.848939e-10,2.6020643e-09,0.6977563,1
2388847703,2388847077,0.71185356,0.011401712,-0.00090081245,0.7022348,0.71633524,-7.848939e-10,2.6020643e-09,0.6977563,1
2388851252,2388850686,0.71185625,0.0113512,-0.00092548603,0.70223284,0.71633524,-7.848939e-10,2.6020643e-09,0.6977563,1
2388856525,2388855855,0.7118514,0.011281034,-0.0010363312,0.70223874,0.71633524,-7.848939e-10,2.6020643e-09,0.6977563,1
2388866535,2388860825,0.7118205,0.011283289,-0.0011294226,0.7022699,0.71633524,-7.848939e-10,2.6020643e-09,0.6977563,1
2388868057,2388865986,0.7117801,0.0112043265,-0.0011492312,0.7023121,0.71633524,-7.848939e-10,2.6020643e-09,0.6977563,1
2388871435,2388870866,0.71178323,0.0111395875,-0.001232944,0.70230985,0.71633524,-7.848939e-10,2.6020643e-09,0.6977563,1
2388876726,2388876006,0.7117616,0.01106936,-0.0013339386,0.7023327,0.71633524,-7.848939e-10,2.6020643e-09,0.6977563,1
2388881544,2388880981,0.7117325,0.010944043,-0.0013264265,0.70236415,0.71633524,-7.848939e-10,2.6020643e-09,0.6977563,1
2388891892,2388891471,0.7117272,0.010669051,-0.0014420362,0.7023735,0.71633524,-7.848939e-10,2.6020643e-09,0.6977563,1
2388901990,2388901236,0.711655,0.010439625,-0.0014845129,0.70245004,0.71633524,-7.848939e-10,2.6020643e-09,0.6977563,1
2388906777,2388906275,0.71170074,0.010363236,-0.0015543118,0.7024047,0.71633524,-7.848939e-10,2.6020643e-09,0.6977563,1
2388912222,2388911279,0.71168506,0.010315319,-0.0016053575,0.7024211,0.71633524,-7.848939e-10,2.6020643e-09,0.6977563,1
2388916874,2388916351,0.7116261,0.010244455,-0.001631216,0.70248187,0.71633524,-7.848939e-10,2.6020643e-09,0.6977563,1
2388922385,2388921423,0.71166813,0.010271808,-0.0017237286,0.7024386,0.71633524,-7.848939e-10,2.6020643e-09,0.6977563,1
2388933748,2388931567,0.7116095,0.010238,-0.0017289654,0.70249856,0.71633524,-7.848939e-10,2.6020643e-09,0.6977563,1
2388937119,2388936595,0.7115752,0.010253427,-0.0017743639,0.70253295,0.71633524,-7.848939e-10,2.6020643e-09,0.6977563,1
2388946097,2388942036,0.7116262,0.010189751,-0.0017555602,0.70248234,0.71633524,-7.848939e-10,2.6020643e-09,0.6977563,1
2388952335,2388951697,0.7115001,0.01009514,-0.0018062523,0.7026112,0.71633524,-7.848939e-10,2.6020643e-09,0.6977563,1
2388957351,2388956777,0.7115344,0.010041702,-0.0017993469,0.7025773,0.71633524,-7.848939e-10,2.6020643e-09,0.6977563,1
2388962426,2388961871,0.71151644,0.0099217035,-0.0018310016,0.7025971,0.71633524,-7.848939e-10,2.6020643e-09,0.6977563,1
2388967633,2388966968,0.7114658,0.009861591,-0.0018720272,0.7026491,0.71633524,-7.848939e-10,2.6020643e-09,0.6977563,1
2388972437,2388971907,0.7114641,0.009796873,-0.0019158841,0.70265156,0.71633524,-7.848939e-10,2.6020643e-09,0.6977563,1
2388981322,2388977106,0.7114814,0.009695871,-0.0019435795,0.70263547,0.71633524,-7.848939e-10,2.6020643e-09,0.6977563,1
2388989549,2388989005,0.7114571,0.009601633,-0.0020601028,0.70266104,0.71633524,-7.848939e-10,2.6020643e-09,0.6977563,1
2389001244,2388998599,0.71144015,0.00953295,-0.0021605801,0.70267874,0.71633524,-7.848939e-10,2.6020643e-09,0.6977563,1
2389004065,2389003560,0.71138084,0.009434606,-0.0021443544,0.7027402,0.71633524,-7.848939e-10,2.6020643e-09,0.6977563,1
2389009232,2389008601,0.7114188,0.009387408,-0.002277696,0.7027019,0.71633524,-7.848939e-10,2.6020643e-09,0.6977563,1
2389019242,2389018707,0.71139467,0.009264669,-0.002360493,0.7027278,0.71633524,-7.848939e-10,2.6020643e-09,0.6977563,1
2389024416,2389023932,0.7113892,0.009199897,-0.002422948,0.70273393,0.71633524,-7.848939e-10,2.6020643e-09,0.6977563,1
2389034439,2389033846,0.71140444,0.00905723,-0.0025248912,0.70272005,0.71633524,-7.848939e-10,2.6020643e-09,0.6977563,1
2389039497,2389038962,0.7113708,0.008984022,-0.0025845957,0.70275474,0.71633524,-7.848939e-10,2.6020643e-09,0.6977563,1
2389048293,2389043933,0.7114397,0.008905149,-0.0026591024,0.70268565,0.71633524,-7.848939e-10,2.6020643e-09,0.6977563,1
2389050573,2389050011,0.71138823,0.00879709,-0.0026868037,0.70273906,0.71633524,-7.848939e-10,2.6020643e-09,0.6977563,1
2389054809,2389054082,0.7113703,0.008728598,-0.0027457813,0.70275795,0.71633524,-7.848939e-10,2.6020643e-09,0.6977563,1
2389065928,2389065435,0.71142775,0.008571868,-0.0029144208,0.7027009,0.71633524,-7.848939e-10,2.6020643e-09,0.6977563,1
2389071101,2389070500,0.7114766,0.008575116,-0.0030501012,0.7026508,0.71633524,-7.848939e-10,2.6020643e-09,0.6977563,1
2389076149,2389075653,0.7115038,0.008481196,-0.0030948531,0.70262426,0.71633524,-7.848939e-10,2.6020643e-09,0.6977563,1
2389087458,2389086961,0.71154904,0.008326918,-0.0032695024,0.70257956,0.71633524,-7.848939e-10,2.6020643e-09,0.6977563,1
2389097918,2389097002,0.7115274,0.008244761,-0.0035071752,0.7026013,0.71633524,-7.848939e-10,2.6020643e-09,0.6977563,1
2389106437,2389105837,0.71158326,0.008071862,-0.0036016402,0.7025462,0.71633524,-7.848939e-10,2.6020643e-09,0.6977563,1
2389116350,2389115962,0.71161985,0.007894742,-0.0037670776,0.70251024,0.71633524,-7.848939e-10,2.6020643e-09,0.6977563,1
2389121610,2389121047,0.7116139,0.0078100893,-0.0038463695,0.70251685,0.71633524,-7.848939e-10,2.6020643e-09,0.6977563,1
2389126691,2389126156,0.71166855,0.0077388794,-0.0039221975,0.70246184,0.71633524,-7.848939e-10,2.6020643e-09,0.6977563,1
2389136790,2389131062,0.71169657,0.007726689,-0.0040330794,0.70243293,0.71633524,-7.848939e-10,2.6020643e-09,0.6977563,1
2389141974,2389140031,0.71165216,0.0076314514,-0.0040743956,0.7024787,0.71633524,-7.848939e-10,2.6020643e-09,0.6977563,1
2389145693,2389145132,0.7116983,0.0076527162,-0.004152199,0.70243126,0.71633524,-7.848939e-10,2.6020643e-09,0.6977563,1
2389155793,2389155114,0.71172917,0.0076691466,-0.0041775666,0.7023997,0.71633524,-7.848939e-10,2.6020643e-09,0.6977563,1
2389160828,2389160271,0.7117149,0.0076849707,-0.0042177667,0.7024138,0.71633524,-7.848939e-10,2.6020643e-09,0.6977563,1
2389172599,2389172126,0.7117206,0.007645667,-0.004233266,0.7024084,0.71633524,-7.848939e-10,2.6020643e-09,0.6977563,1
2389187270,2389186666,0.7117401,0.0076070107,-0.0042779846,0.7023888,0.71633524,-7.848939e-10,2.6020643e-09,0.6977563,1
2389192320,2389191770,0.71179515,0.007617275,-0.004287368,0.70233285,0.71633524,-7.848939e-10,2.6020643e-09,0.6977563,1
2389202595,2389201921,0.71181685,0.007581464,-0.00435727,0.7023107,0.71633524,-7.848939e-10,2.6020643e-09,0.6977563,1
2389207738,2389207146,0.71184397,0.007588628,-0.004406164,0.70228285,0.71633524,-7.848939e-10,2.6020643e-09,0.6977563,1
2389221387,2389220806,0.7118874,0.0075188735,-0.0045319176,0.70223874,0.71633524,-7.848939e-10,2.6020643e-09,0.6977563,1
2389230150,2389225911,0.7119181,0.0075184708,-0.0045890873,0.70220727,0.71633524,-7.848939e-10,2.6020643e-09,0.6977563,1
2389232245,2389230931,0.71193886,0.007452848,-0.0045944653,0.7021869,0.71633524,-7.848939e-10,2.6020643e-09,0.6977563,1
2389241592,2389241018,0.7119854,0.0074346783,-0.0047261757,0.702139,0.71633524,-7.848939e-10,2.6020643e-09,0.6977563,1
2389246750,2389246154,0.711974,0.0073533617,-0.004713564,0.7021515,0.71633524,-7.848939e-10,2.6020643e-09,0.6977563,1
2389251551,2389251095,0.71202624,0.0073305485,-0.0048172455,0.7020981,0.71633524,-7.848939e-10,2.6020643e-09,0.6977563,1
2389256812,2389256183,0.71205854,0.007337931,-0.0049323863,0.70206445,0.71633524,-7.848939e-10,2.6020643e-09,0.6977563,1
2389261806,2389261290,0.71207374,0.007288822,-0.004986247,0.70204926,0.71633524,-7.848939e-10,2.6020643e-09,0.6977563,1
2389266962,2389266373,0.7121808,0.007332318,-0.005182079,0.70193875,0.71633524,-7.848939e-10,2.6020643e-09,0.6977563,1
2389277035,2389271346,0.7122313,0.007365795,-0.0052758073,0.7018864,0.71633524,-7.848939e-10,2.6020643e-09,0.6977563,1
2389278482,2389276577,0.7122336,0.007354985,-0.0053397496,0.7018837,0.71633524,-7.848939e-10,2.6020643e-09,0.6977563,1
2389282112,2389281432,0.7122589,0.0073728473,-0.0054749055,0.7018568,0.71633524,-7.848939e-10,2.6020643e-09,0.6977563,1
2389287076,2389286495,0.7123563,0.0073884698,-0.0055345567,0.70175725,0.71633524,-7.848939e-10,2.6020643e-09,0.6977563,1
2389297211,2389291514,0.71234065,0.0073602214,-0.005558031,0.7017733,0.71633524,-7.848939e-10,2.6020643e-09,0.6977563,1
2389299293,2389296575,0.71239185,0.00729731,-0.0055679646,0.70172197,0.71633524,-7.848939e-10,2.6020643e-09,0.6977563,1
2389302597,2389302020,0.71252394,0.0072349105,-0.0055626114,0.7015886,0.71633524,-7.848939e-10,2.6020643e-09,0.6977563,1
2389312712,2389311892,0.71253824,0.0070549343,-0.0054855826,0.7015764,0.71633524,-7.848939e-10,2.6020643e-09,0.6977563,1
2389317447,2389316876,0.7126412,0.0069975522,-0.0054846094,0.70147246,0.71633524,-7.848939e-10,2.6020643e-09,0.6977563,1
2389327465,2389326882,0.7126759,0.0068937223,-0.0054643196,0.7014383,0.71633524,-7.848939e-10,2.6020643e-09,0.6977563,1
2389336285,2389332048,0.71275705,0.0068422602,-0.005455072,0.7013565,0.71633524,-7.848939e-10,2.6020643e-09,0.6977563,1
2389342902,2389342220,0.71281636,0.006865541,-0.005565196,0.7012951,0.71633524,-7.848939e-10,2.6020643e-09,0.6977563,1
2389347821,2389347248,0.7128532,0.0068532364,-0.005577784,0.70125765,0.71633524,-7.848939e-10,2.6020643e-09,0.6977563,1
2389352723,2389352181,0.7128948,0.0068708565,-0.005646936,0.7012146,0.71633524,-7.848939e-10,2.6020643e-09,0.6977563,1
2389357860,2389357266,0.71288574,0.006944089,-0.005774332,0.70122206,0.71633524,-7.848939e-10,2.6020643e-09,0.6977563,1
2389362811,2389362248,0.7129352,0.006897872,-0.0057633063,0.7011723,0.71633524,-7.848939e-10,2.6020643e-09,0.6977563,1
2389373067,2389372388,0.7130535,0.0068266103,-0.0059049036,0.7010516,0.71633524,-7.848939e-10,2.6020643e-09,0.6977563,1
2389378279,2389377593,0.71307105,0.006753813,-0.005874002,0.70103467,0.71633524,-7.848939e-10,2.6020643e-09,0.6977563,1
2389382999,2389382473,0.71310675,0.0067050955,-0.0059027146,0.7009986,0.71633524,-7.848939e-10,2.6020643e-09,0.6977563,1
2389388225,2389387585,0.71316147,0.0066998843,-0.0058865957,0.7009431,0.71633524,-7.848939e-10,2.6020643e-09,0.6977563,1
2389393201,2389392708,0.7131496,0.0066547142,-0.0058515384,0.70095587,0.71633524,-7.848939e-10,2.6020643e-09,0.6977563,1
2389402085,2389397647,0.7131803,0.0065842606,-0.005830949,0.7009255,0.71633524,-7.848939e-10,2.6020643e-09,0.6977563,1
2389408319,2389402717,0.71324116,0.006642267,-0.0058077285,0.7008633,0.71633524,-7.848939e-10,2.6020643e-09,0.6977563,1
2389414762,2389414155,0.71326065,0.00669161,-0.0056984522,0.70084375,0.71633524,-7.848939e-10,2.6020643e-09,0.6977563,1
2389423576,2389422921,0.71325564,0.006731223,-0.005579085,0.7008495,0.71633524,-7.848939e-10,2.6020643e-09,0.6977563,1
2389428448,2389427981,0.7132776,0.006786119,-0.0055080373,0.7008271,0.71633524,-7.848939e-10,2.6020643e-09,0.6977563,1
2389438705,2389438143,0.71336484,0.006819029,-0.0053462633,0.7007393,0.71633524,-7.848939e-10,2.6020643e-09,0.6977563,1
2389448877,2389448206,0.7134155,0.006855433,-0.0052226107,0.7006883,0.71633524,-7.848939e-10,2.6020643e-09,0.6977563,1
2389453863,2389453346,0.7134271,0.006849117,-0.0051011834,0.70067745,0.71633524,-7.848939e-10,2.6020643e-09,0.6977563,1
2389465326,2389464570,0.7134624,0.0068972604,-0.004887623,0.7006426,0.71633524,-7.848939e-10,2.6020643e-09,0.6977563,1
2389470572,2389469750,0.7134426,0.006959118,-0.0048194905,0.7006626,0.71633524,-7.848939e-10,2.6020643e-09,0.6977563,1
2389475407,2389474692,0.7134838,0.0070054475,-0.0046847807,0.70062107,0.71633524,-7.848939e-10,2.6020643e-09,0.6977563,1
2389485619,2389484807,0.7134761,0.0071242377,-0.004507433,0.7006289,0.71633524,-7.848939e-10,2.6020643e-09,0.6977563,1
2389494254,2389493639,0.7134772,0.007216122,-0.0043106186,0.70062804,0.71633524,-7.848939e-10,2.6020643e-09,0.6977563,1
2389504350,2389498716,0.71348876,0.0072160983,-0.0041697943,0.70061713,0.71633524,-7.848939e-10,2.6020643e-09,0.6977563,1
2389506756,2389506166,0.7134491,0.0072437907,-0.0039374297,0.7006586,0.71633524,-7.848939e-10,2.6020643e-09,0.6977563,1
2389515799,2389515121,0.7134512,0.0072708717,-0.003684523,0.70065755,0.71633524,-7.848939e-10,2.6020643e-09,0.6977563,1
2389520746,2389520182,0.71341324,0.007260409,-0.0035033883,0.7006972,0.71633524,-7.848939e-10,2.6020643e-09,0.6977563,1
2389525773,2389525217,0.7133922,0.0072209244,-0.0033261261,0.7007199,0.71633524,-7.848939e-10,2.6020643e-09,0.6977563,1
2389530847,2389530270,0.71344453,0.007234583,-0.0032393192,0.7006669,0.71633524,-7.848939e-10,2.6020643e-09,0.6977563,1
2389535900,2389535340,0.7133924,0.0072085545,-0.0030606377,0.7007211,0.71633524,-7.848939e-10,2.6020643e-09,0.6977563,1
2389541049,2389540473,0.71336263,0.0071846354,-0.0029027825,0.70075226,0.71633524,-7.848939e-10,2.6020643e-09,0.6977563,1
2389551089,2389545417,0.7133996,0.007189977,-0.00281924,0.700715,0.71633524,-7.848939e-10,2.6020643e-09,0.6977563,1
2389557237,2389556830,0.7134025,0.007210236,-0.0025542073,0.70071274,0.71633524,-7.848939e-10,2.6020643e-09,0.6977563,1
2389562507,2389561907,0.7134084,0.00719237,-0.0024000176,0.70070744,0.71633524,-7.848939e-10,2.6020643e-09,0.6977563,1
2389572567,2389572015,0.7133702,0.0071943803,-0.0021763933,0.7007471,0.71633524,-7.848939e-10,2.6020643e-09,0.6977563,1
2389577512,2389577030,0.7134206,0.007188726,-0.002046203,0.70069623,0.71633524,-7.848939e-10,2.6020643e-09,0.6977563,1
2389582702,2389582107,0.7133976,0.007201704,-0.0019262152,0.70071983,0.71633524,-7.848939e-10,2.6020643e-09,0.6977563,1
2389592806,2389592241,0.71346164,0.0072276173,-0.0016945048,0.700655,0.71633524,-7.848939e-10,2.6020643e-09,0.6977563,1
2389597735,2389597226,0.71338874,0.007210077,-0.0015854989,0.70072967,0.71633524,-7.848939e-10,2.6020643e-09,0.6977563,1
2389609109,2389607354,0.71336365,0.0072499486,-0.0014183827,0.7007551,0.71633524,-7.848939e-10,2.6020643e-09,0.6977563,1
2389613492,2389612848,0.71332103,0.007246933,-0.0013359466,0.70079875,0.71633524,-7.848939e-10,2.6020643e-09,0.6977563,1
2389617980,2389617469,0.71330446,0.007260065,-0.0012983242,0.70081556,0.71633524,-7.848939e-10,2.6020643e-09,0.6977563,1
2389628021,2389627621,0.71331143,0.007132023,-0.0010648237,0.70081013,0.71633524,-7.848939e-10,2.6020643e-09,0.6977563,1
2389633291,2389632663,0.7132552,0.00718249,-0.0010935054,0.70086676,0.71633524,-7.848939e-10,2.6020643e-09,0.6977563,1
2389638204,2389637667,0.71325666,0.007101067,-0.00096884876,0.7008664,0.71633524,-7.848939e-10,2.6020643e-09,0.6977563,1
2389647318,2389643178,0.71330035,0.007011222,-0.00087861664,0.70082295,0.71633524,-7.848939e-10,2.6020643e-09,0.6977563,1
2389655450,2389654835,0.7132698,0.006881755,-0.00076618465,0.70085543,0.71633524,-7.848939e-10,2.6020643e-09,0.6977563,1
2389667177,2389665556,0.71324694,0.0068258774,-0.00071583176,0.7008793,0.71633524,-7.848939e-10,2.6020643e-09,0.6977563,1
2389671355,2389670773,0.7133165,0.0068181762,-0.0007239592,0.7008085,0.71633524,-7.848939e-10,2.6020643e-09,0.6977563,1
2389676223,2389675594,0.71329397,0.006841447,-0.00069990894,0.70083123,0.71633524,-7.848939e-10,2.6020643e-09,0.6977563,1
2389681267,2389680655,0.71327096,0.0068152403,-0.0006408299,0.70085496,0.71633524,-7.848939e-10,2.6020643e-09,0.6977563,1
2389691418,2389685694,0.7133389,0.0068696663,-0.00066331285,0.70078534,0.71633524,-7.848939e-10,2.6020643e-09,0.6977563,1
2389696377,2389695798,0.7133386,0.006814207,-0.00049163605,0.7007863,0.71633524,-7.848939e-10,2.6020643e-09,0.6977563,1
2389705436,2389704594,0.7133555,0.006792145,-0.00040175993,0.7007694,0.71633524,-7.848939e-10,2.6020643e-09,0.6977563,1
2389715540,2389713659,0.71339995,0.006724061,-0.00024486028,0.70072484,0.71633524,-7.848939e-10,2.6020643e-09,0.6977563,1
2389724177,2389723554,0.7133757,0.006671449,-0.00011117138,0.7007501,0.71633524,-7.848939e-10,2.6020643e-09,0.6977563,1
2389729848,2389728605,0.71344024,0.006632111,-1.845518e-05,0.7006847,0.71633524,-7.848939e-10,2.6020643e-09,0.6977563,1
2389734514,2389733776,0.71338564,0.0066221687,1.7418786e-05,0.70074046,0.71633524,-7.848939e-10,2.6020643e-09,0.6977563,1
2389739315,2389738701,0.7133554,0.006635927,6.928144e-05,0.7007711,0.71633524,-7.848939e-10,2.6020643e-09,0.6977563,1
2389744456,2389743883,0.71339834,0.0066315574,0.00013339805,0.7007274,0.71633524,-7.848939e-10,2.6020643e-09,0.6977563,1
2389749390,2389748816,0.71337914,0.006724849,7.2791685e-05,0.70074606,0.71633524,-7.848939e-10,2.6020643e-09,0.6977563,1
2389759395,2389758966,0.7131835,0.008150867,-0.0009803667,0.70092934,0.71633524,-7.848939e-10,2.6020643e-09,0.6977563,1
2389764561,2389763957,0.71318644,0.0094536645,-0.0020874913,0.7009075,0.71633524,-7.848939e-10,2.6020643e-09,0.6977563,1
2389776629,2389774086,0.7129486,0.014048693,-0.005714519,0.70105225,0.71633524,-7.848939e-10,2.6020643e-09,0.6977563,1
2389784962,2389784327,0.7126143,0.02096849,-0.011282957,0.7011518,0.71633524,-7.848939e-10,2.6020643e-09,0.6977563,1
2389789972,2389789378,0.71240795,0.025163395,-0.014623466,0.70116186,0.71633524,-7.848939e-10,2.6020643e-09,0.6977563,1
2389795263,2389794354,0.7121677,0.029748648,-0.018325036,0.70113933,0.71633524,-7.848939e-10,2.6020643e-09,0.6977563,1
2389803735,2389799417,0.7118457,0.034837607,-0.022334028,0.70111567,0.71633524,-7.848939e-10,2.6020643e-09,0.6977563,1
2389812074,2389810741,0.7110132,0.047039118,-0.03208536,0.70086956,0.71633524,-7.848939e-10,2.6020643e-09,0.6977563,1
2389816673,2389815937,0.7105611,0.052776154,-0.03667295,0.7006945,0.71633524,-7.848939e-10,2.6020643e-09,0.6977563,1
2389825291,2389824711,0.7097343,0.062215153,-0.044491507,0.700305,0.71633524,-7.848939e-10,2.6020643e-09,0.6977563,1
2389830250,2389829656,0.7092136,0.06730395,-0.04878884,0.7000756,0.71633524,-7.848939e-10,2.6020643e-09,0.6977563,1
2389840465,2389834736,0.70866007,0.07217244,-0.05311556,0.69983625,0.71633524,-7.848939e-10,2.6020643e-09,0.6977563,1
2389840732,2389839935,0.708176,0.07687004,-0.057456277,0.69948304,0.71633524,-7.848939e-10,2.6020643e-09,0.6977563,1
2389850640,2389849839,0.70717424,0.08479561,-0.06530712,0.69889146,0.71633524,-7.848939e-10,2.6020643e-09,0.6977563,1
2389855510,2389854958,0.70669806,0.0884174,-0.06919772,0.6985498,0.71633524,-7.848939e-10,2.6020643e-09,0.6977563,1
2389860691,2389860026,0.70619094,0.091645844,-0.0728594,0.69827425,0.71633524,-7.848939e-10,2.6020643e-09,0.6977563,1
2389866088,2389865058,0.70567566,0.09455215,-0.07641022,0.69802815,0.71633524,-7.848939e-10,2.6020643e-09,0.6977563,1
2389874519,2389870313,0.70520854,0.097357035,-0.079958744,0.69771713,0.71633524,-7.848939e-10,2.6020643e-09,0.6977563,1
2389881032,2389880193,0.70425135,0.101856105,-0.08629257,0.69728684,0.71633524,-7.848939e-10,2.6020643e-09,0.6977563,1
2389885870,2389885305,0.70377755,0.10398219,-0.08942609,0.69705653,0.71633524,-7.848939e-10,2.6020643e-09,0.6977563,1
2389890746,2389890264,0.70329267,0.105856106,-0.092312165,0.6968877,0.71633524,-7.848939e-10,2.6020643e-09,0.6977563,1
2389899653,2389895756,0.7028252,0.10793544,-0.095542155,0.6966049,0.71633524,-7.848939e-10,2.6020643e-09,0.6977563,1
2389901092,2389900494,0.7023462,0.10965764,-0.09818131,0.6964521,0.71633524,-7.848939e-10,2.6020643e-09,0.6977563,1
2389906336,2389905772,0.7018472,0.111483656,-0.10103548,0.69625694,0.71633524,-7.848939e-10,2.6020643e-09,0.6977563,1
2389911211,2389910570,0.70133674,0.11319854,-0.103554755,0.6961245,0.71633524,-7.848939e-10,2.6020643e-09,0.6977563,1
2389920967,2389920622,0.70030487,0.1166219,-0.10855468,0.6958364,0.71633524,-7.848939e-10,2.6020643e-09,0.6977563,1
2389926273,2389925710,0.6997293,0.11830211,-0.11091181,0.6957601,0.71633524,-7.848939e-10,2.6020643e-09,0.6977563,1
2389931523,2389930753,0.69919866,0.11986817,-0.11317587,0.6956609,0.71633524,-7.848939e-10,2.6020643e-09,0.6977563,1
2389941669,2389935774,0.6986459,0.12143883,-0.11536902,0.6955835,0.71633524,-7.848939e-10,2.6020643e-09,0.6977563,1
2389941976,2389940892,0.6980968,0.12284445,-0.117405795,0.6955473,0.71633524,-7.848939e-10,2.6020643e-09,0.6977563,1
2389951578,2389945953,0.69755965,0.12420352,-0.11937737,0.69550925,0.71633524,-7.848939e-10,2.6020643e-09,0.6977563,1
2389952689,2389952250,0.69690484,0.125668,-0.12159365,0.69551873,0.71633524,-7.848939e-10,2.6020643e-09,0.6977563,1
2389961968,2389961086,0.6960078,0.1275051,-0.124462344,0.6955752,0.71633524,-7.848939e-10,2.6020643e-09,0.6977563,1
2389966830,2389966192,0.6955271,0.12836964,-0.12591118,0.6956362,0.71633524,-7.848939e-10,2.6020643e-09,0.6977563,1
2389976664,2389976239,0.6945931,0.1297768,-0.12850617,0.69583386,0.71633524,-7.848939e-10,2.6020643e-09,0.6977563,1
2389986916,2389986360,0.6936894,0.13081972,-0.13064112,0.6961423,0.71633524,-7.848939e-10,2.6020643e-09,0.6977563,1
2389997086,2389991339,0.69330287,0.13127805,-0.13156448,0.69626725,0.71633524,-7.848939e-10,2.6020643e-09,0.6977563,1
2389998689,2389997829,0.6927385,0.13174194,-0.13258408,0.69654787,0.71633524,-7.848939e-10,2.6020643e-09,0.6977563,1
2390003327,2390002718,0.69235396,0.13211541,-0.13329811,0.6967231,0.71633524,-7.848939e-10,2.6020643e-09,0.6977563,1
2390012265,2390011688,0.69160634,0.13265206,-0.13439882,0.69715214,0.71633524,-7.848939e-10,2.6020643e-09,0.6977563,1
2390017453,2390016626,0.69119143,0.13295178,-0.13496871,0.69739646,0.71633524,-7.848939e-10,2.6020643e-09,0.6977563,1
2390022412,2390021746,0.6907687,0.13318238,-0.13540713,0.69768614,0.71633524,-7.848939e-10,2.6020643e-09,0.6977563,1
2390032778,2390031934,0.6899846,0.13337868,-0.1360695,0.69829535,0.71633524,-7.848939e-10,2.6020643e-09,0.6977563,1
2390044795,2390043217,0.68917996,0.133091,-0.13626036,0.69910717,0.71633524,-7.848939e-10,2.6020643e-09,0.6977563,1
2390053883,2390053247,0.6885474,0.13249438,-0.13603556,0.6998872,0.71633524,-7.848939e-10,2.6020643e-09,0.6977563,1
2390058956,2390058370,0.68821007,0.13210419,-0.13584703,0.7003292,0.71633524,-7.848939e-10,2.6020643e-09,0.6977563,1
2390069159,2390067165,0.68768877,0.13136567,-0.13539429,0.70106757,0.71633524,-7.848939e-10,2.6020643e-09,0.6977563,1
2390077863,2390077273,0.68705183,0.13045189,-0.13472536,0.7019909,0.71633524,-7.848939e-10,2.6020643e-09,0.6977563,1
2390082927,2390082334,0.68675584,0.13000563,-0.13432996,0.7024389,0.71633524,-7.848939e-10,2.6020643e-09,0.6977563,1
2390093058,2390092501,0.68639576,0.12954098,-0.13388002,0.70296246,0.71633524,-7.848939e-10,2.6020643e-09,0.6977563,1
2390098014,2390097434,0.6860953,0.12903412,-0.13330933,0.70345724,0.71633524,-7.848939e-10,2.6020643e-09,0.6977563,1
2390107061,2390106306,0.68557036,0.12795581,-0.13210157,0.70439327,0.71633524,-7.848939e-10,2.6020643e-09,0.6977563,1
2390111901,2390111381,0.6852593,0.12726904,-0.13132957,0.70496446,0.71633524,-7.848939e-10,2.6020643e-09,0.6977563,1
2390120666,2390116498,0.68498445,0.12647586,-0.13038579,0.70554936,0.71633524,-7.848939e-10,2.6020643e-09,0.6977563,1
2390127096,2390126528,0.684451,0.12470947,-0.12839383,0.70674574,0.71633524,-7.848939e-10,2.6020643e-09,0.6977563,1
2390137143,2390136678,0.6840063,0.12278598,-0.12613507,0.70791876,0.71633524,-7.848939e-10,2.6020643e-09,0.6977563,1
2390142315,2390141707,0.683742,0.121850535,-0.12502764,0.7085319,0.71633524,-7.848939e-10,2.6020643e-09,0.6977563,1
2390152634,2390151819,0.68325347,0.11990894,-0.12265381,0.70974827,0.71633524,-7.848939e-10,2.6020643e-09,0.6977563,1
2390157547,2390156855,0.68298423,0.11898279,-0.12148162,0.7103646,0.71633524,-7.848939e-10,2.6020643e-09,0.6977563,1
2390166295,2390162324,0.68273115,0.11787419,-0.12002868,0.71103936,0.71633524,-7.848939e-10,2.6020643e-09,0.6977563,1
2390172638,2390167310,0.682508,0.11683194,-0.11874394,0.71164113,0.71633524,-7.848939e-10,2.6020643e-09,0.6977563,1
2390174859,2390174329,0.68215895,0.115376815,-0.11681997,0.71253115,0.71633524,-7.848939e-10,2.6020643e-09,0.6977563,1
2390178901,2390178334,0.6819952,0.11449124,-0.11570157,0.713013,0.71633524,-7.848939e-10,2.6020643e-09,0.6977563,1
2390184096,2390183403,0.6817582,0.113449454,-0.114277706,0.7136355,0.71633524,-7.848939e-10,2.6020643e-09,0.6977563,1
2390189281,2390188412,0.68154275,0.112270154,-0.11273755,0.7142725,0.71633524,-7.848939e-10,2.6020643e-09,0.6977563,1
2390199327,2390198549,0.6811556,0.10983886,-0.10963076,0.7155023,0.71633524,-7.848939e-10,2.6020643e-09,0.6977563,1
2390204502,2390203881,0.68096316,0.10847151,-0.10791104,0.71615523,0.71633524,-7.848939e-10,2.6020643e-09,0.6977563,1
2390209369,2390208649,0.68080384,0.1072185,-0.10636492,0.7167265,0.71633524,-7.848939e-10,2.6020643e-09,0.6977563,1
2390219227,2390218756,0.68044215,0.10450383,-0.10303014,0.71795696,0.71633524,-7.848939e-10,2.6020643e-09,0.6977563,1
2390229838,2390228958,0.6801309,0.1016906,-0.09966941,0.7191293,0.71633524,-7.848939e-10,2.6020643e-09,0.6977563,1
2390234518,2390233949,0.67993236,0.1002683,-0.0979958,0.7197466,0.71633524,-7.848939e-10,2.6020643e-09,0.6977563,1
2390239490,2390238933,0.67981505,0.098872304,-0.09634823,0.7202727,0.71633524,-7.848939e-10,2.6020643e-09,0.6977563,1
2390248658,2390244029,0.6796126,0.09750229,-0.0946686,0.720873,0.71633524,-7.848939e-10,2.6020643e-09,0.6977563,1
2390254827,2390252844,0.6793021,0.09497223,-0.09167274,0.7218899,0.71633524,-7.848939e-10,2.6020643e-09,0.6977563,1
2390263635,2390263077,0.67893535,0.092200994,-0.08828641,0.7230155,0.71633524,-7.848939e-10,2.6020643e-09,0.6977563,1
2390268682,2390268026,0.6787454,0.0908702,-0.08665688,0.72355926,0.71633524,-7.848939e-10,2.6020643e-09,0.6977563,1
2390273809,2390273230,0.67864573,0.08946617,-0.0849668,0.724028,0.71633524,-7.848939e-10,2.6020643e-09,0.6977563,1
2390278811,2390278240,0.6784439,0.08811158,-0.083291814,0.7245776,0.71633524,-7.848939e-10,2.6020643e-09,0.6977563,1
2390283761,2390283207,0.6782427,0.08675949,-0.08167792,0.7251127,0.71633524,-7.848939e-10,2.6020643e-09,0.6977563,1
2390292640,2390288250,0.67810327,0.08534806,-0.07998358,0.7255993,0.71633524,-7.848939e-10,2.6020643e-09,0.6977563,1
2390299007,2390298400,0.67770517,0.082394026,-0.07656089,0.72668105,0.71633524,-7.848939e-10,2.6020643e-09,0.6977563,1
2390303850,2390303352,0.67757297,0.08091508,-0.07481486,0.7271523,0.71633524,-7.848939e-10,2.6020643e-09,0.6977563,1
2390312886,2390308410,0.6773947,0.07937355,-0.07306785,0.7276658,0.71633524,-7.848939e-10,2.6020643e-09,0.6977563,1
2390319007,2390318520,0.67710143,0.07629399,-0.06947319,0.7286195,0.71633524,-7.848939e-10,2.6020643e-09,0.6977563,1
2390327904,2390323654,0.6769407,0.07472742,-0.06767479,0.7291003,0.71633524,-7.848939e-10,2.6020643e-09,0.6977563,1
2390334569,2390333682,0.676602,0.07174766,-0.0641368,0.7300333,0.71633524,-7.848939e-10,2.6020643e-09,0.6977563,1
2390339339,2390338794,0.67644626,0.070196405,-0.062379755,0.73048055,0.71633524,-7.848939e-10,2.6020643e-09,0.6977563,1
2390344292,2390343787,0.6762684,0.06876572,-0.060647525,0.730927,0.71633524,-7.848939e-10,2.6020643e-09,0.6977563,1
2390349402,2390348874,0.6760711,0.067218766,-0.05891053,0.7313953,0.71633524,-7.848939e-10,2.6020643e-09,0.6977563,1
2390354494,2390353893,0.67595035,0.06569487,-0.05719516,0.7317814,0.71633524,-7.848939e-10,2.6020643e-09,0.6977563,1
2390364654,2390359004,0.675809,0.064264715,-0.055494584,0.7321698,0.71633524,-7.848939e-10,2.6020643e-09,0.6977563,1
2390369681,2390369107,0.6755343,0.06124877,-0.052079596,0.7329323,0.71633524,-7.848939e-10,2.6020643e-09,0.6977563,1
2390374755,2390374195,0.67537755,0.05975384,-0.050377008,0.73331904,0.71633524,-7.848939e-10,2.6020643e-09,0.6977563,1
2390379955,2390379307,0.6751634,0.05818138,-0.04863798,0.73376,0.71633524,-7.848939e-10,2.6020643e-09,0.6977563,1
2390384929,2390384238,0.675074,0.056698643,-0.04697648,0.73406655,0.71633524,-7.848939e-10,2.6020643e-09,0.6977563,1
2390389816,2390389272,0.6749245,0.055183973,-0.04527358,0.7344263,0.71633524,-7.848939e-10,2.6020643e-09,0.6977563,1
2390394901,2390394350,0.67473006,0.053608216,-0.043543633,0.7348262,0.71633524,-7.848939e-10,2.6020643e-09,0.6977563,1
2390399979,2390399415,0.6746226,0.052139398,-0.041858587,0.73512834,0.71633524,-7.848939e-10,2.6020643e-09,0.6977563,1
2390410942,2390410062,0.6743001,0.049001455,-0.03836894,0.73583025,0.71633524,-7.848939e-10,2.6020643e-09,0.6977563,1
2390415511,2390414859,0.6741609,0.04766716,-0.036855645,0.73612267,0.71633524,-7.848939e-10,2.6020643e-09,0.6977563,1
2390420151,2390419583,0.6740502,0.04633679,-0.035340838,0.7363832,0.71633524,-7.848939e-10,2.6020643e-09,0.6977563,1
2390425179,2390424641,0.6739371,0.045009322,-0.033811294,0.7366409,0.71633524,-7.848939e-10,2.6020643e-09,0.6977563,1
2390430300,2390429725,0.67372245,0.04366816,-0.03219657,0.7369902,0.71633524,-7.848939e-10,2.6020643e-09,0.6977563,1
2390439183,2390434762,0.6735933,0.042293422,-0.030634753,0.73725504,0.71633524,-7.848939e-10,2.6020643e-09,0.6977563,1
2390440769,2390440057,0.6735526,0.040901806,-0.029037952,0.73743534,0.71633524,-7.848939e-10,2.6020643e-09,0.6977563,1
2390445432,2390444855,0.67341137,0.039593328,-0.027514491,0.737694,0.71633524,-7.848939e-10,2.6020643e-09,0.6977563,1
2390456884,2390455054,0.6732283,0.03675531,-0.024354301,0.73811895,0.71633524,-7.848939e-10,2.6020643e-09,0.6977563,1
2390460853,2390460187,0.6730864,0.035267632,-0.022749046,0.73837215,0.71633524,-7.848939e-10,2.6020643e-09,0.6977563,1
2390465744,2390465092,0.672967,0.03389898,-0.021245068,0.7385899,0.71633524,-7.848939e-10,2.6020643e-09,0.6977563,1
2390474553,2390470914,0.6729103,0.03218767,-0.019457625,0.7387674,0.71633524,-7.848939e-10,2.6020643e-09,0.6977563,1
2390475714,2390475289,0.6728189,0.030959906,-0.018134916,0.7389367,0.71633524,-7.848939e-10,2.6020643e-09,0.6977563,1
2390480952,2390480346,0.6726945,0.029556949,-0.016635908,0.73914266,0.71633524,-7.848939e-10,2.6020643e-09,0.6977563,1
2390485813,2390485296,0.67259467,0.02815877,-0.015078433,0.7393214,0.71633524,-7.848939e-10,2.6020643e-09,0.6977563,1
2390490842,2390490316,0.6725026,0.026773287,-0.013572675,0.7394858,0.71633524,-7.848939e-10,2.6020643e-09,0.6977563,1
2390496020,2390495414,0.6723668,0.025443614,-0.01205407,0.73968256,0.71633524,-7.848939e-10,2.6020643e-09,0.6977563,1
2390506410,2390505929,0.67212796,0.02268091,-0.0089222435,0.7400338,0.71633524,-7.848939e-10,2.6020643e-09,0.6977563,1
2390511329,2390510608,0.6720376,0.021586884,-0.00764838,0.7401629,0.71633524,-7.848939e-10,2.6020643e-09,0.6977563,1
2390521381,2390515646,0.67191577,0.0203297,-0.0062114997,0.7403225,0.71633524,-7.848939e-10,2.6020643e-09,0.6977563,1
2390523037,2390520619,0.67182696,0.019137833,-0.0048634163,0.7404449,0.71633524,-7.848939e-10,2.6020643e-09,0.6977563,1
2390526314,2390525735,0.67175263,0.017871331,-0.0034726046,0.74055177,0.71633524,-7.848939e-10,2.6020643e-09,0.6977563,1
2390535114,2390530716,0.6716317,0.016633743,-0.0021156862,0.7406954,0.71633524,-7.848939e-10,2.6020643e-09,0.6977563,1
2390536290,2390535873,0.67151564,0.0153297465,-0.00076145655,0.7408315,0.71633524,-7.848939e-10,2.6020643e-09,0.6977563,1
2390541691,2390541023,0.67148715,0.014006119,0.0006862711,0.7408835,0.71633524,-7.848939e-10,2.6020643e-09,0.6977563,1
2390546759,2390546015,0.67136717,0.012644921,0.0020052574,0.7410144,0.71633524,-7.848939e-10,2.6020643e-09,0.6977563,1
2390551585,2390550994,0.6712225,0.011364266,0.0032802687,0.7411616,0.71633524,-7.848939e-10,2.6020643e-09,0.6977563,1
2390561761,2390556037,0.67111313,0.009986278,0.0046046246,0.74127346,0.71633524,-7.848939e-10,2.6020643e-09,0.6977563,1
2390566846,2390566154,0.6709049,0.0073673106,0.007060645,0.74147326,0.71633524,-7.848939e-10,2.6020643e-09,0.6977563,1
2390577897,2390576262,0.67074704,0.0048848474,0.009493061,0.7416094,0.71633524,-7.848939e-10,2.6020643e-09,0.6977563,1
2390582066,2390581495,0.67061144,0.003717414,0.01080046,0.741721,0.71633524,-7.848939e-10,2.6020643e-09,0.6977563,1
2390587082,2390586486,0.67047185,0.002568648,0.012043179,0.7418328,0.71633524,-7.848939e-10,2.6020643e-09,0.6977563,1
2390591968,2390591430,0.6703982,0.0014608139,0.013267725,0.74188155,0.71633524,-7.848939e-10,2.6020643e-09,0.6977563,1
2390597038,2390596474,0.6703639,0.0003461868,0.014563212,0.74188954,0.71633524,-7.848939e-10,2.6020643e-09,0.6977563,1
2390602232,2390601525,0.67024654,-0.00084354857,0.015848367,0.7419688,0.71633524,-7.848939e-10,2.6020643e-09,0.6977563,1
2390607334,2390606658,0.67014647,-0.0019932378,0.017118344,0.74202883,0.71633524,-7.848939e-10,2.6020643e-09,0.6977563,1
2390612285,2390611702,0.6701106,-0.0031640276,0.018395243,0.7420266,0.71633524,-7.848939e-10,2.6020643e-09,0.6977563,1
2390622462,2390621721,0.6698825,-0.0054207044,0.0207363,0.74215776,0.71633524,-7.848939e-10,2.6020643e-09,0.6977563,1
2390631284,2390627033,0.6697737,-0.006617964,0.021954963,0.7422112,0.71633524,-7.848939e-10,2.6020643e-09,0.6977563,1
2390633599,2390631881,0.6697009,-0.0077229766,0.02304255,0.7422333,0.71633524,-7.848939e-10,2.6020643e-09,0.6977563,1
2390642651,2390636913,0.6696398,-0.008758763,0.024117913,0.7422427,0.71633524,-7.848939e-10,2.6020643e-09,0.6977563,1
2390644255,2390641926,0.66952395,-0.0098867575,0.025215562,0.7422966,0.71633524,-7.848939e-10,2.6020643e-09,0.6977563,1
2390647551,2390647018,0.66942,-0.011009419,0.026290502,0.7423372,0.71633524,-7.848939e-10,2.6020643e-09,0.6977563,1
2390652588,2390652049,0.6694403,-0.012108024,0.02733909,0.7422639,0.71633524,-7.848939e-10,2.6020643e-09,0.6977563,1
2390657613,2390657117,0.66930616,-0.013192975,0.028430212,0.74232537,0.71633524,-7.848939e-10,2.6020643e-09,0.6977563,1
2390667837,2390662127,0.66916424,-0.01428503,0.02945378,0.7423932,0.71633524,-7.848939e-10,2.6020643e-09,0.6977563,1
2390672832,2390667235,0.6691235,-0.015286392,0.030529166,0.7423666,0.71633524,-7.848939e-10,2.6020643e-09,0.6977563,1
2390674731,2390672254,0.66901207,-0.016279077,0.031531826,0.7424039,0.71633524,-7.848939e-10,2.6020643e-09,0.6977563,1
2390677826,2390677313,0.66889644,-0.017177096,0.03251705,0.7424454,0.71633524,-7.848939e-10,2.6020643e-09,0.6977563,1
2390686668,2390682705,0.66879594,-0.018187227,0.03357416,0.7424649,0.71633524,-7.848939e-10,2.6020643e-09,0.6977563,1
2390693066,2390687388,0.6687387,-0.01902128,0.034424253,0.7424566,0.71633524,-7.848939e-10,2.6020643e-09,0.6977563,1
2390695212,2390694108,0.66862464,-0.020162024,0.035636753,0.74247205,0.71633524,-7.848939e-10,2.6020643e-09,0.6977563,1
2390704516,2390703872,0.6685673,-0.021875499,0.037323453,0.7423922,0.71633524,-7.848939e-10,2.6020643e-09,0.6977563,1
2390714529,2390712679,0.6683877,-0.02343899,0.03882274,0.7424293,0.71633524,-7.848939e-10,2.6020643e-09,0.6977563,1
2390718183,2390717732,0.6682685,-0.0243315,0.03961884,0.74246585,0.71633524,-7.848939e-10,2.6020643e-09,0.6977563,1
2390728662,2390727931,0.66828316,-0.026167396,0.04105363,0.74231225,0.71633524,-7.848939e-10,2.6020643e-09,0.6977563,1
2390738604,2390737965,0.6681624,-0.027777638,0.04227529,0.7422939,0.71633524,-7.848939e-10,2.6020643e-09,0.6977563,1
2390743573,2390743014,0.66812885,-0.028620025,0.04289519,0.74225646,0.71633524,-7.848939e-10,2.6020643e-09,0.6977563,1
2390752441,2390748377,0.6681247,-0.029386275,0.043506175,0.7421948,0.71633524,-7.848939e-10,2.6020643e-09,0.6977563,1
2390758888,2390756845,0.6680501,-0.030657474,0.044493694,0.7421519,0.71633524,-7.848939e-10,2.6020643e-09,0.6977563,1
2390762457,2390761943,0.6680278,-0.03145717,0.045089044,0.7421026,0.71633524,-7.848939e-10,2.6020643e-09,0.6977563,1
2390771350,2390770747,0.66807765,-0.032841668,0.046098605,0.7419357,0.71633524,-7.848939e-10,2.6020643e-09,0.6977563,1
2390780164,2390775926,0.6680133,-0.03367805,0.046750605,0.74191535,0.71633524,-7.848939e-10,2.6020643e-09,0.6977563,1
2390786447,2390785912,0.66800815,-0.03525939,0.047826752,0.74177796,0.71633524,-7.848939e-10,2.6020643e-09,0.6977563,1
2390796741,2390795984,0.6679671,-0.036911804,0.048914064,0.7416637,0.71633524,-7.848939e-10,2.6020643e-09,0.6977563,1
2390801522,2390801013,0.66794896,-0.037646882,0.049427487,0.74160904,0.71633524,-7.848939e-10,2.6020643e-09,0.6977563,1
2390810552,2390806126,0.66794497,-0.038409177,0.04995925,0.7415379,0.71633524,-7.848939e-10,2.6020643e-09,0.6977563,1
2390812148,2390811677,0.66797286,-0.039084435,0.05046447,0.7414432,0.71633524,-7.848939e-10,2.6020643e-09,0.6977563,1
2390817067,2390816382,0.6679254,-0.03968379,0.050990157,0.7414182,0.71633524,-7.848939e-10,2.6020643e-09,0.6977563,1
2390821856,2390821289,0.6679595,-0.040363424,0.051493265,0.74131596,0.71633524,-7.848939e-10,2.6020643e-09,0.6977563,1
2390826951,2390826381,0.66803247,-0.040924393,0.051986564,0.741185,0.71633524,-7.848939e-10,2.6020643e-09,0.6977563,1
2390831985,2390831361,0.6679993,-0.04152646,0.052510984,0.7411444,0.71633524,-7.848939e-10,2.6020643e-09,0.6977563,1
2390842828,2390842035,0.6681076,-0.042666808,0.053514645,0.74091023,0.71633524,-7.848939e-10,2.6020643e-09,0.6977563,1
2390847220,2390846553,0.6681154,-0.043152034,0.053900722,0.7408472,0.71633524,-7.848939e-10,2.6020643e-09,0.6977563,1
2390852223,2390851635,0.66811466,-0.043625206,0.054278784,0.7407925,0.71633524,-7.848939e-10,2.6020643e-09,0.6977563,1
2390857271,2390856673,0.66812366,-0.044150118,0.054691806,0.7407229,0.71633524,-7.848939e-10,2.6020643e-09,0.6977563,1
2390867389,2390866917,0.6681934,-0.045205608,0.05532984,0.74054885,0.71633524,-7.848939e-10,2.6020643e-09,0.6977563,1
2390872520,2390871886,0.6681119,-0.045776438,0.05572552,0.7405577,0.71633524,-7.848939e-10,2.6020643e-09,0.6977563,1
2390883846,2390883197,0.66827595,-0.04692251,0.056298587,0.7402946,0.71633524,-7.848939e-10,2.6020643e-09,0.6977563,1
2390887491,2390887031,0.66827315,-0.047319166,0.056532986,0.74025404,0.71633524,-7.848939e-10,2.6020643e-09,0.6977563,1
2390892710,2390892016,0.6683457,-0.047752198,0.05675912,0.7401435,0.71633524,-7.848939e-10,2.6020643e-09,0.6977563,1
2390902718,2390897079,0.66844696,-0.04819481,0.057045564,0.74000126,0.71633524,-7.848939e-10,2.6020643e-09,0.6977563,1
2390907889,2390907310,0.66858673,-0.04891303,0.057530362,0.7397903,0.71633524,-7.848939e-10,2.6020643e-09,0.6977563,1
2390918029,2390917405,0.66882557,-0.049656477,0.05804522,0.73948455,0.71633524,-7.848939e-10,2.6020643e-09,0.6977563,1
2390928380,2390927626,0.66898435,-0.05035038,0.058515687,0.73925686,0.71633524,-7.848939e-10,2.6020643e-09,0.6977563,1
2390933430,2390932696,0.66917676,-0.050609104,0.05857555,0.7390603,0.71633524,-7.848939e-10,2.6020643e-09,0.6977563,1
2390938027,2390937488,0.6692627,-0.05095806,0.058773268,0.7389428,0.71633524,-7.848939e-10,2.6020643e-09,0.6977563,1
2390948214,2390946376,0.6694289,-0.05158734,0.059065558,0.73872524,0.71633524,-7.848939e-10,2.6020643e-09,0.6977563,1
2390956970,2390956455,0.66967237,-0.052262895,0.059364844,0.73843306,0.71633524,-7.848939e-10,2.6020643e-09,0.6977563,1
2390962095,2390961512,0.6697688,-0.052560676,0.059446335,0.73831785,0.71633524,-7.848939e-10,2.6020643e-09,0.6977563,1
2390972217,2390966609,0.669919,-0.052849706,0.05957145,0.73815084,0.71633524,-7.848939e-10,2.6020643e-09,0.6977563,1
2390974187,2390973615,0.6700831,-0.05314898,0.05966326,0.73797303,0.71633524,-7.848939e-10,2.6020643e-09,0.6977563,1
2390983707,2390983032,0.6703689,-0.05364262,0.05978375,0.73766786,0.71633524,-7.848939e-10,2.6020643e-09,0.6977563,1
2390988784,2390988131,0.67051053,-0.05383092,0.059794195,0.73752457,0.71633524,-7.848939e-10,2.6020643e-09,0.6977563,1
2390993880,2390993133,0.6706287,-0.054060448,0.059870996,0.73739415,0.71633524,-7.848939e-10,2.6020643e-09,0.6977563,1
2390998855,2390998161,0.67081934,-0.0542079,0.059815243,0.7372144,0.71633524,-7.848939e-10,2.6020643e-09,0.6977563,1
2391003706,2391003163,0.67092985,-0.05433275,0.05982214,0.7371041,0.71633524,-7.848939e-10,2.6020643e-09,0.6977563,1
2391008900,2391008244,0.6710451,-0.054548047,0.059794445,0.7369855,0.71633524,-7.848939e-10,2.6020643e-09,0.6977563,1
2391019307,2391018620,0.67133725,-0.054822695,0.05962203,0.736713,0.71633524,-7.848939e-10,2.6020643e-09,0.6977563,1
2391029063,2391028467,0.67167866,-0.054994088,0.059322152,0.7364132,0.71633524,-7.848939e-10,2.6020643e-09,0.6977563,1
2391034147,2391033615,0.6718071,-0.055109702,0.059155934,0.73630077,0.71633524,-7.848939e-10,2.6020643e-09,0.6977563,1
2391039216,2391038602,0.6719567,-0.055122778,0.058976527,0.7361776,0.71633524,-7.848939e-10,2.6020643e-09,0.6977563,1
2391047934,2391044208,0.67211086,-0.055312224,0.058847185,0.736033,0.71633524,-7.848939e-10,2.6020643e-09,0.6977563,1
2391050128,2391049505,0.67226744,-0.05536638,0.05867043,0.7359,0.71633524,-7.848939e-10,2.6020643e-09,0.6977563,1
2391054143,2391053707,0.672364,-0.05544161,0.05858996,0.7358126,0.71633524,-7.848939e-10,2.6020643e-09,0.6977563,1
2391063104,2391058810,0.6724852,-0.05562299,0.058545772,0.73569167,0.71633524,-7.848939e-10,2.6020643e-09,0.6977563,1
2391064345,2391063881,0.672655,-0.055667013,0.05842817,0.7355424,0.71633524,-7.848939e-10,2.6020643e-09,0.6977563,1
2391074773,2391074023,0.67290914,-0.05575183,0.05826908,0.73531604,0.71633524,-7.848939e-10,2.6020643e-09,0.6977563,1
2391084820,2391084084,0.6731115,-0.055679668,0.058063723,0.73515266,0.71633524,-7.848939e-10,2.6020643e-09,0.6977563,1
2391089718,2391089153,0.6732554,-0.055590577,0.057923194,0.73503864,0.71633524,-7.848939e-10,2.6020643e-09,0.6977563,1
2391094635,2391094114,0.6733841,-0.05552596,0.05774849,0.7349394,0.71633524,-7.848939e-10,2.6020643e-09,0.6977563,1
2391099831,2391099208,0.6734833,-0.05543231,0.05753451,0.73487234,0.71633524,-7.848939e-10,2.6020643e-09,0.6977563,1
2391110825,2391109369,0.67379117,-0.055212803,0.056985043,0.73464936,0.71633524,-7.848939e-10,2.6020643e-09,0.6977563,1
2391115065,2391114540,0.67394114,-0.055024225,0.05664595,0.73455226,0.71633524,-7.848939e-10,2.6020643e-09,0.6977563,1
2391126143,2391125749,0.674262,-0.0547421,0.05590023,0.73433596,0.71633524,-7.848939e-10,2.6020643e-09,0.6977563,1
2391131391,2391130793,0.6743778,-0.05460887,0.05558692,0.7342633,0.71633524,-7.848939e-10,2.6020643e-09,0.6977563,1
2391143560,2391143016,0.67470014,-0.05439592,0.0548212,0.73404056,0.71633524,-7.848939e-10,2.6020643e-09,0.6977563,1
2391147757,2391147225,0.6748617,-0.054262612,0.054556165,0.73392165,0.71633524,-7.848939e-10,2.6020643e-09,0.6977563,1
2391156654,2391152481,0.6749876,-0.054065254,0.054175794,0.7338485,0.71633524,-7.848939e-10,2.6020643e-09,0.6977563,1
2391163020,2391162459,0.67529315,-0.0537681,0.053538993,0.73363596,0.71633524,-7.848939e-10,2.6020643e-09,0.6977563,1
2391168297,2391167540,0.6754413,-0.05360453,0.053191517,0.73353684,0.71633524,-7.848939e-10,2.6020643e-09,0.6977563,1
2391173373,2391172792,0.67557913,-0.053321484,0.052804302,0.7334585,0.71633524,-7.848939e-10,2.6020643e-09,0.6977563,1
2391178076,2391177530,0.6757654,-0.053096335,0.052440595,0.73332936,0.71633524,-7.848939e-10,2.6020643e-09,0.6977563,1
2391188236,2391182573,0.67588675,-0.05283479,0.052043375,0.73326474,0.71633524,-7.848939e-10,2.6020643e-09,0.6977563,1
2391190052,2391188900,0.67604506,-0.05247241,0.051509224,0.73318255,0.71633524,-7.848939e-10,2.6020643e-09,0.6977563,1
2391194369,2391193899,0.6762029,-0.052195456,0.05103607,0.7330898,0.71633524,-7.848939e-10,2.6020643e-09,0.6977563,1
2391199481,2391198958,0.6763622,-0.0517935,0.05054171,0.7330056,0.71633524,-7.848939e-10,2.6020643e-09,0.6977563,1
2391208366,2391204464,0.6764831,-0.051486365,0.050029047,0.7329508,0.71633524,-7.848939e-10,2.6020643e-09,0.6977563,1
2391214918,2391214364,0.6768016,-0.050755452,0.04903813,0.73277473,0.71633524,-7.848939e-10,2.6020643e-09,0.6977563,1
2391224929,2391224305,0.67715496,-0.050049387,0.048059627,0.73256165,0.71633524,-7.848939e-10,2.6020643e-09,0.6977563,1
2391236743,2391236002,0.67747116,-0.04931731,0.046931162,0.732392,0.71633524,-7.848939e-10,2.6020643e-09,0.6977563,1
2391241530,2391241025,0.67757505,-0.048998855,0.046479393,0.7323462,0.71633524,-7.848939e-10,2.6020643e-09,0.6977563,1
2391246282,2391245754,0.67769337,-0.048653368,0.045997243,0.7322902,0.71633524,-7.848939e-10,2.6020643e-09,0.6977563,1
2391251256,2391250828,0.677866,-0.04833189,0.04550141,0.7321826,0.71633524,-7.848939e-10,2.6020643e-09,0.6977563,1
2391256323,2391255846,0.6779452,-0.047998816,0.04501454,0.7321613,0.71633524,-7.848939e-10,2.6020643e-09,0.6977563,1
2391267884,2391265958,0.6782408,-0.047240857,0.043965682,0.7320005,0.71633524,-7.848939e-10,2.6020643e-09,0.6977563,1
2391271735,2391271165,0.6783612,-0.046831418,0.04337742,0.7319504,0.71633524,-7.848939e-10,2.6020643e-09,0.6977563,1
2391281766,2391276037,0.678484,-0.046357468,0.042830996,0.7318989,0.71633524,-7.848939e-10,2.6020643e-09,0.6977563,1
2391286663,2391286148,0.67876804,-0.04549695,0.041686583,0.7317556,0.71633524,-7.848939e-10,2.6020643e-09,0.6977563,1
2391292103,2391291187,0.6788626,-0.044993144,0.04108774,0.73173296,0.71633524,-7.848939e-10,2.6020643e-09,0.6977563,1
2391300648,2391300045,0.6791072,-0.0442522,0.04007085,0.73160756,0.71633524,-7.848939e-10,2.6020643e-09,0.6977563,1
2391310689,2391310288,0.67943084,-0.043272525,0.038691398,0.7314398,0.71633524,-7.848939e-10,2.6020643e-09,0.6977563,1
2391320857,2391320269,0.679717,-0.042370465,0.037325196,0.7312978,0.71633524,-7.848939e-10,2.6020643e-09,0.6977563,1
2391325906,2391325263,0.6798116,-0.04193117,0.036687974,0.7312674,0.71633524,-7.848939e-10,2.6020643e-09,0.6977563,1
2391334783,2391330355,0.679901,-0.04154558,0.035995368,0.7312407,0.71633524,-7.848939e-10,2.6020643e-09,0.6977563,1
2391341127,2391339275,0.68019414,-0.040770803,0.034817826,0.73106873,0.71633524,-7.848939e-10,2.6020643e-09,0.6977563,1
2391344865,2391344289,0.6803069,-0.040369578,0.034179125,0.7310162,0.71633524,-7.848939e-10,2.6020643e-09,0.6977563,1
2391353657,2391353115,0.6805183,-0.039622135,0.033022724,0.73091346,0.71633524,-7.848939e-10,2.6020643e-09,0.6977563,1
2391362405,2391358676,0.68076956,-0.039137322,0.032325346,0.7307368,0.71633524,-7.848939e-10,2.6020643e-09,0.6977563,1
2391363751,2391363285,0.6808705,-0.038708284,0.031733695,0.73069155,0.71633524,-7.848939e-10,2.6020643e-09,0.6977563,1
2391368936,2391368289,0.68100286,-0.038208872,0.03110479,0.7306215,0.71633524,-7.848939e-10,2.6020643e-09,0.6977563,1
2391373815,2391373325,0.68118185,-0.037716944,0.030488573,0.7305062,0.71633524,-7.848939e-10,2.6020643e-09,0.6977563,1
2391378924,2391378387,0.6812462,-0.037222635,0.029834483,0.7304985,0.71633524,-7.848939e-10,2.6020643e-09,0.6977563,1
2391387707,2391383445,0.68139714,-0.036657397,0.029183554,0.7304126,0.71633524,-7.848939e-10,2.6020643e-09,0.6977563,1
2391389727,2391388874,0.6815598,-0.036113314,0.028508263,0.73031455,0.71633524,-7.848939e-10,2.6020643e-09,0.6977563,1
2391394102,2391393547,0.68169045,-0.035631042,0.027886651,0.7302404,0.71633524,-7.848939e-10,2.6020643e-09,0.6977563,1
2391399300,2391398635,0.6818477,-0.035094533,0.027165871,0.73014665,0.71633524,-7.848939e-10,2.6020643e-09,0.6977563,1
2391404212,2391403632,0.681968,-0.03464847,0.026517015,0.73007953,0.71633524,-7.848939e-10,2.6020643e-09,0.6977563,1
2391414503,2391413904,0.68224514,-0.033643253,0.025002405,0.72992104,0.71633524,-7.848939e-10,2.6020643e-09,0.6977563,1
2391419414,2391418826,0.68237835,-0.033241708,0.024346242,0.729837,0.71633524,-7.848939e-10,2.6020643e-09,0.6977563,1
2391424347,2391423838,0.6825536,-0.03272617,0.023556456,0.7297224,0.71633524,-7.848939e-10,2.6020643e-09,0.6977563,1
2391429482,2391428879,0.68266463,-0.032202132,0.02283979,0.72966456,0.71633524,-7.848939e-10,2.6020643e-09,0.6977563,1
2391434513,2391433972,0.68281335,-0.03172198,0.022133935,0.7295682,0.71633524,-7.848939e-10,2.6020643e-09,0.6977563,1
2391439616,2391439046,0.6829864,-0.031183053,0.021379098,0.72945195,0.71633524,-7.848939e-10,2.6020643e-09,0.6977563,1
2391444507,2391444036,0.68310237,-0.030679563,0.020721458,0.7293837,0.71633524,-7.848939e-10,2.6020643e-09,0.6977563,1
2391453465,2391449080,0.683223,-0.030190721,0.020038063,0.7293102,0.71633524,-7.848939e-10,2.6020643e-09,0.6977563,1
2391459691,2391454156,0.6834047,-0.029690223,0.01934702,0.72917914,0.71633524,-7.848939e-10,2.6020643e-09,0.6977563,1
2391461783,2391459182,0.68350625,-0.029212933,0.018715357,0.7291198,0.71633524,-7.848939e-10,2.6020643e-09,0.6977563,1
2391465001,2391464301,0.6836164,-0.028743869,0.018033875,0.72905225,0.71633524,-7.848939e-10,2.6020643e-09,0.6977563,1
2391470060,2391469385,0.68377715,-0.028270947,0.017379181,0.7289359,0.71633524,-7.848939e-10,2.6020643e-09,0.6977563,1
2391481844,2391479464,0.6840109,-0.027346067,0.016074369,0.7287818,0.71633524,-7.848939e-10,2.6020643e-09,0.6977563,1
2391485160,2391484537,0.68417716,-0.02687798,0.015440711,0.7286569,0.71633524,-7.848939e-10,2.6020643e-09,0.6977563,1
2391495548,2391494882,0.6844064,-0.025887366,0.014072189,0.7285051,0.71633524,-7.848939e-10,2.6020643e-09,0.6977563,1
2391500224,2391499709,0.68457705,-0.025435481,0.013460348,0.7283723,0.71633524,-7.848939e-10,2.6020643e-09,0.6977563,1
2391505202,2391504700,0.6846761,-0.024958557,0.012808181,0.7283074,0.71633524,-7.848939e-10,2.6020643e-09,0.6977563,1
2391510334,2391509780,0.6847533,-0.024448913,0.012138696,0.7282636,0.71633524,-7.848939e-10,2.6020643e-09,0.6977563,1
2391515370,2391514830,0.684937,-0.023980571,0.011521412,0.7281165,0.71633524,-7.848939e-10,2.6020643e-09,0.6977563,1
2391524331,2391520043,0.6850182,-0.02350515,0.010863674,0.7280657,0.71633524,-7.848939e-10,2.6020643e-09,0.6977563,1
2391532892,2391532259,0.6853164,-0.02237088,0.00933918,0.72784185,0.71633524,-7.848939e-10,2.6020643e-09,0.6977563,1
2391536958,2391536292,0.68542683,-0.021960968,0.008839682,0.7277566,0.71633524,-7.848939e-10,2.6020643e-09,0.6977563,1
2391541875,2391541351,0.6855459,-0.021521794,0.008184931,0.7276652,0.71633524,-7.848939e-10,2.6020643e-09,0.6977563,1
2391554851,2391554130,0.68580794,-0.020402782,0.0065534073,0.727467,0.71633524,-7.848939e-10,2.6020643e-09,0.6977563,1
2391558320,2391557780,0.68592894,-0.02006522,0.006083001,0.72736645,0.71633524,-7.848939e-10,2.6020643e-09,0.6977563,1
2391568760,2391567993,0.6861374,-0.019096682,0.004793844,0.7272056,0.71633524,-7.848939e-10,2.6020643e-09,0.6977563,1
2391573596,2391572899,0.68629414,-0.01857782,0.004139891,0.7270751,0.71633524,-7.848939e-10,2.6020643e-09,0.6977563,1
2391588964,2391588052,0.6866378,-0.017219722,0.002343927,0.726792,0.71633524,-7.848939e-10,2.6020643e-09,0.6977563,1
2391593717,2391593127,0.68674624,-0.016790053,0.0018157718,0.726701,0.71633524,-7.848939e-10,2.6020643e-09,0.6977563,1
2391598784,2391598150,0.68682194,-0.016424902,0.0013420684,0.72663885,0.71633524,-7.848939e-10,2.6020643e-09,0.6977563,1
2391603789,2391603204,0.68698245,-0.016008202,0.000796411,0.72649723,0.71633524,-7.848939e-10,2.6020643e-09,0.6977563,1
2391613793,2391613343,0.68715864,-0.01522312,-8.071705e-05,0.726348,0.71633524,-7.848939e-10,2.6020643e-09,0.6977563,1
2391625180,2391624720,0.68740606,-0.014249711,-0.0011677552,0.7261326,0.71633524,-7.848939e-10,2.6020643e-09,0.6977563,1
2391634405,2391633548,0.6876453,-0.013436656,-0.0020467115,0.7259196,0.71633524,-7.848939e-10,2.6020643e-09,0.6977563,1
2391644523,2391643779,0.6877456,-0.012913599,-0.0025822776,0.72583234,0.71633524,-7.848939e-10,2.6020643e-09,0.6977563,1
2391654428,2391653801,0.68799746,-0.011974968,-0.0036204096,0.72560525,0.71633524,-7.848939e-10,2.6020643e-09,0.6977563,1
2391668455,2391667935,0.68830395,-0.010726343,-0.0051444727,0.7253248,0.71633524,-7.848939e-10,2.6020643e-09,0.6977563,1
2391678377,2391677735,0.6884787,-0.009946963,-0.00619564,0.72516185,0.71633524,-7.848939e-10,2.6020643e-09,0.6977563,1
2391688367,2391687899,0.6887615,-0.009269977,-0.0071495874,0.7248935,0.71633524,-7.848939e-10,2.6020643e-09,0.6977563,1
2391693637,2391692984,0.6888378,-0.008912365,-0.007673317,0.7248201,0.71633524,-7.848939e-10,2.6020643e-09,0.6977563,1
2391703634,2391697969,0.68898535,-0.008559262,-0.008114292,0.7246794,0.71633524,-7.848939e-10,2.6020643e-09,0.6977563,1
2391706056,2391705462,0.6891659,-0.008043487,-0.008821329,0.7245053,0.71633524,-7.848939e-10,2.6020643e-09,0.6977563,1
2391709962,2391709365,0.6892719,-0.00777586,-0.009175771,0.72440296,0.71633524,-7.848939e-10,2.6020643e-09,0.6977563,1
2391715058,2391714429,0.68939227,-0.0074421247,-0.009636521,0.72428596,0.71633524,-7.848939e-10,2.6020643e-09,0.6977563,1
2391720015,2391719436,0.6895092,-0.0070470585,-0.010098723,0.72417223,0.71633524,-7.848939e-10,2.6020643e-09,0.6977563,1
2391725141,2391724496,0.6896328,-0.006703078,-0.010512064,0.72405195,0.71633524,-7.848939e-10,2.6020643e-09,0.6977563,1
2391736294,2391735657,0.6899182,-0.0058359453,-0.011491528,0.72377264,0.71633524,-7.848939e-10,2.6020643e-09,0.6977563,1
2391740517,2391739655,0.690003,-0.005529292,-0.011812617,0.7236891,0.71633524,-7.848939e-10,2.6020643e-09,0.6977563,1
2391745318,2391744762,0.6901434,-0.0051539657,-0.012279886,0.7235501,0.71633524,-7.848939e-10,2.6020643e-09,0.6977563,1
2391755344,2391749706,0.6902587,-0.004775271,-0.01266945,0.72343606,0.71633524,-7.848939e-10,2.6020643e-09,0.6977563,1
2391760587,2391759840,0.6905066,-0.00406022,-0.013526068,0.7231883,0.71633524,-7.848939e-10,2.6020643e-09,0.6977563,1
2391771475,2391770156,0.6907086,-0.003268439,-0.014376036,0.72298294,0.71633524,-7.848939e-10,2.6020643e-09,0.6977563,1
2391780914,2391780045,0.6909334,-0.0025358568,-0.015186093,0.7227544,0.71633524,-7.848939e-10,2.6020643e-09,0.6977563,1
2391789564,2391788957,0.69103956,-0.0019491398,-0.015845768,0.72264063,0.71633524,-7.848939e-10,2.6020643e-09,0.6977563,1
2391794474,2391793952,0.69119656,-0.0016016008,-0.016214658,0.72248316,0.71633524,-7.848939e-10,2.6020643e-09,0.6977563,1
2391806038,2391805601,0.691437,-0.0008420385,-0.017060129,0.7222348,0.71633524,-7.848939e-10,2.6020643e-09,0.6977563,1
2391816079,2391815453,0.69155943,-0.00023572239,-0.017752316,0.72210133,0.71633524,-7.848939e-10,2.6020643e-09,0.6977563,1
2391821096,2391820503,0.6917083,9.960818e-05,-0.018119685,0.7219497,0.71633524,-7.848939e-10,2.6020643e-09,0.6977563,1
2391831542,2391830700,0.6918347,0.00071903697,-0.018815886,0.72181046,0.71633524,-7.848939e-10,2.6020643e-09,0.6977563,1
2391836907,2391835958,0.6919883,0.001041899,-0.019145412,0.7216541,0.71633524,-7.848939e-10,2.6020643e-09,0.6977563,1
2391846464,2391845794,0.6921095,0.0015620585,-0.019717084,0.72152156,0.71633524,-7.848939e-10,2.6020643e-09,0.6977563,1
2391851443,2391850793,0.6922364,0.0017631343,-0.019961474,0.72139263,0.71633524,-7.848939e-10,2.6020643e-09,0.6977563,1
2391856533,2391855877,0.69227636,0.0019739133,-0.020214926,0.7213467,0.71633524,-7.848939e-10,2.6020643e-09,0.6977563,1
2391867745,2391867301,0.6924466,0.0025257163,-0.02080867,0.72116464,0.71633524,-7.848939e-10,2.6020643e-09,0.6977563,1
2391877902,2391877286,0.6926267,0.0030070867,-0.021363605,0.7209736,0.71633524,-7.848939e-10,2.6020643e-09,0.6977563,1
2391883044,2391882396,0.6926743,0.0032540713,-0.021666981,0.7209177,0.71633524,-7.848939e-10,2.6020643e-09,0.6977563,1
2391888051,2391887477,0.69276726,0.0035722598,-0.022001563,0.7208168,0.71633524,-7.848939e-10,2.6020643e-09,0.6977563,1
2391893117,2391892604,0.6928443,0.0037700832,-0.02221601,0.72073513,0.71633524,-7.848939e-10,2.6020643e-09,0.6977563,1
2391898155,2391897560,0.69291514,0.0039682044,-0.022434356,0.7206592,0.71633524,-7.848939e-10,2.6020643e-09,0.6977563,1
2391903264,2391902668,0.69298106,0.0042484575,-0.022683125,0.7205864,0.71633524,-7.848939e-10,2.6020643e-09,0.6977563,1
2391908512,2391907815,0.69302964,0.004367172,-0.022782689,0.7205359,0.71633524,-7.848939e-10,2.6020643e-09,0.6977563,1
2391918613,2391912805,0.6931239,0.0046335137,-0.023026112,0.72043574,0.71633524,-7.848939e-10,2.6020643e-09,0.6977563,1
2391920328,2391918067,0.6931534,0.00492538,-0.023232108,0.7203988,0.71633524,-7.848939e-10,2.6020643e-09,0.6977563,1
2391928777,2391923365,0.693232,0.0050610793,-0.02333353,0.7203189,0.71633524,-7.848939e-10,2.6020643e-09,0.6977563,1
2391930797,2391927897,0.69329226,0.005296372,-0.023531934,0.7202528,0.71633524,-7.848939e-10,2.6020643e-09,0.6977563,1
2391938995,2391938345,0.6933828,0.0058147516,-0.023884665,0.72015005,0.71633524,-7.848939e-10,2.6020643e-09,0.6977563,1
2391943781,2391943168,0.6934359,0.006066703,-0.024077978,0.7200904,0.71633524,-7.848939e-10,2.6020643e-09,0.6977563,1
2391948712,2391948086,0.69347,0.006327422,-0.024182389,0.72005177,0.71633524,-7.848939e-10,2.6020643e-09,0.6977563,1
2391953765,2391953142,0.6934962,0.0065132305,-0.024325846,0.72002006,0.71633524,-7.848939e-10,2.6020643e-09,0.6977563,1
2391963889,2391958186,0.69360495,0.006709531,-0.02453601,0.71990633,0.71633524,-7.848939e-10,2.6020643e-09,0.6977563,1
2391968979,2391963311,0.69368106,0.006905421,-0.024679184,0.71982634,0.71633524,-7.848939e-10,2.6020643e-09,0.6977563,1
2391971433,2391970771,0.6938027,0.007105316,-0.024888072,0.7196999,0.71633524,-7.848939e-10,2.6020643e-09,0.6977563,1
2391975353,2391974766,0.6938604,0.0072519328,-0.025003964,0.71963876,0.71633524,-7.848939e-10,2.6020643e-09,0.6977563,1
2391985551,2391983451,0.69392234,0.007351117,-0.025177503,0.71957207,0.71633524,-7.848939e-10,2.6020643e-09,0.6977563,1
2391989161,2391988590,0.6940373,0.007472889,-0.025312152,0.7194552,0.71633524,-7.848939e-10,2.6020643e-09,0.6977563,1
2391998077,2391993559,0.69404674,0.007567818,-0.025428284,0.719441,0.71633524,-7.848939e-10,2.6020643e-09,0.6977563,1
2392004394,2392003792,0.6941642,0.007764645,-0.025667112,0.719317,0.71633524,-7.848939e-10,2.6020643e-09,0.6977563,1
2392009512,2392008816,0.6941912,0.007892228,-0.02574963,0.7192867,0.71633524,-7.848939e-10,2.6020643e-09,0.6977563,1
2392014478,2392013809,0.6942136,0.008037864,-0.025860589,0.7192595,0.71633524,-7.848939e-10,2.6020643e-09,0.6977563,1
2392026088,2392025187,0.6943143,0.008431057,-0.026146542,0.71914744,0.71633524,-7.848939e-10,2.6020643e-09,0.6977563,1
2392030846,2392030216,0.6944147,0.008628749,-0.026259208,0.719044,0.71633524,-7.848939e-10,2.6020643e-09,0.6977563,1
2392040907,2392035306,0.69440746,0.008791039,-0.026348116,0.7190458,0.71633524,-7.848939e-10,2.6020643e-09,0.6977563,1
2392043577,2392042857,0.69451874,0.009046177,-0.026497927,0.71892965,0.71633524,-7.848939e-10,2.6020643e-09,0.6977563,1
2392047650,2392046746,0.69455606,0.009125165,-0.026519349,0.7188918,0.71633524,-7.848939e-10,2.6020643e-09,0.6977563,1
2392057354,2392056749,0.6946287,0.009363673,-0.026631534,0.7188143,0.71633524,-7.848939e-10,2.6020643e-09,0.6977563,1
2392062560,2392061744,0.6946729,0.009395664,-0.02663192,0.7187713,0.71633524,-7.848939e-10,2.6020643e-09,0.6977563,1
2392071285,2392066882,0.69466007,0.0094511295,-0.02665015,0.7187823,0.71633524,-7.848939e-10,2.6020643e-09,0.6977563,1
2392081280,2392080742,0.6947882,0.009491607,-0.02653505,0.71866214,0.71633524,-7.848939e-10,2.6020643e-09,0.6977563,1
2392090179,2392089550,0.6947776,0.009545333,-0.02645828,0.7186745,0.71633524,-7.848939e-10,2.6020643e-09,0.6977563,1
2392095231,2392094613,0.6948531,0.009624353,-0.026368998,0.7186037,0.71633524,-7.848939e-10,2.6020643e-09,0.6977563,1
2392104195,2392100233,0.69488746,0.009667109,-0.026267659,0.7185737,0.71633524,-7.848939e-10,2.6020643e-09,0.6977563,1
2392106458,2392105880,0.69490457,0.009791654,-0.02619542,0.7185581,0.71633524,-7.848939e-10,2.6020643e-09,0.6977563,1
2392110613,2392109923,0.69492924,0.009920666,-0.026145773,0.71853423,0.71633524,-7.848939e-10,2.6020643e-09,0.6977563,1
2392121622,2392121148,0.694952,0.01020773,-0.02594642,0.7185154,0.71633524,-7.848939e-10,2.6020643e-09,0.6977563,1
2392126871,2392126235,0.69496197,0.010214183,-0.025750397,0.7185127,0.71633524,-7.848939e-10,2.6020643e-09,0.6977563,1
2392137012,2392136408,0.6949971,0.010442284,-0.025604837,0.7184806,0.71633524,-7.848939e-10,2.6020643e-09,0.6977563,1
2392142153,2392141504,0.69502467,0.010464351,-0.025509972,0.718457,0.71633524,-7.848939e-10,2.6020643e-09,0.6977563,1
2392147001,2392146442,0.69506955,0.010535716,-0.02547095,0.71841395,0.71633524,-7.848939e-10,2.6020643e-09,0.6977563,1
2392156833,2392156486,0.69509596,0.010574508,-0.025303109,0.71839374,0.71633524,-7.848939e-10,2.6020643e-09,0.6977563,1
2392167010,2392166613,0.69516176,0.010663504,-0.025211267,0.718332,0.71633524,-7.848939e-10,2.6020643e-09,0.6977563,1
2392176038,2392171656,0.6951636,0.010649629,-0.025112737,0.71833384,0.71633524,-7.848939e-10,2.6020643e-09,0.6977563,1
2392182489,2392181757,0.69525254,0.010724217,-0.024891429,0.7182543,0.71633524,-7.848939e-10,2.6020643e-09,0.6977563,1
2392187531,2392186888,0.6952087,0.010690519,-0.024704318,0.71830374,0.71633524,-7.848939e-10,2.6020643e-09,0.6977563,1
2392192526,2392191918,0.69526976,0.010690148,-0.024566147,0.7182494,0.71633524,-7.848939e-10,2.6020643e-09,0.6977563,1
2392202381,2392201977,0.6953269,0.010643064,-0.024210854,0.7182069,0.71633524,-7.848939e-10,2.6020643e-09,0.6977563,1
2392211499,2392210928,0.6954544,0.010611119,-0.023901213,0.7180943,0.71633524,-7.848939e-10,2.6020643e-09,0.6977563,1
2392216337,2392215835,0.695498,0.010612412,-0.023724537,0.71805793,0.71633524,-7.848939e-10,2.6020643e-09,0.6977563,1
2392221588,2392220983,0.69548935,0.010572135,-0.023524165,0.7180735,0.71633524,-7.848939e-10,2.6020643e-09,0.6977563,1
2392226561,2392225959,0.6955718,0.010608904,-0.023377392,0.7179978,0.71633524,-7.848939e-10,2.6020643e-09,0.6977563,1
2392235404,2392231634,0.69562954,0.010565498,-0.023134565,0.7179504,0.71633524,-7.848939e-10,2.6020643e-09,0.6977563,1
2392241870,2392236165,0.6956449,0.010555584,-0.022978185,0.7179407,0.71633524,-7.848939e-10,2.6020643e-09,0.6977563,1
2392248142,2392247448,0.6957216,0.01053473,-0.022538016,0.7178806,0.71633524,-7.848939e-10,2.6020643e-09,0.6977563,1
2392253263,2392252585,0.69575715,0.010524075,-0.02232469,0.717853,0.71633524,-7.848939e-10,2.6020643e-09,0.6977563,1
2392258423,2392257856,0.6958348,0.010471558,-0.022034477,0.71778744,0.71633524,-7.848939e-10,2.6020643e-09,0.6977563,1
2392263219,2392262640,0.695836,0.010473708,-0.021854592,0.7177918,0.71633524,-7.848939e-10,2.6020643e-09,0.6977563,1
2392273222,2392267750,0.6958927,0.010495382,-0.021623895,0.71774346,0.71633524,-7.848939e-10,2.6020643e-09,0.6977563,1
2392275229,2392274663,0.6959236,0.010499506,-0.021346053,0.71772164,0.71633524,-7.848939e-10,2.6020643e-09,0.6977563,1
2392279607,2392279031,0.6959495,0.010532673,-0.021153873,0.71770185,0.71633524,-7.848939e-10,2.6020643e-09,0.6977563,1
2392288460,2392284129,0.69601375,0.01055102,-0.02088478,0.7176471,0.71633524,-7.848939e-10,2.6020643e-09,0.6977563,1
2392294961,2392294197,0.69608825,0.0106130475,-0.020406816,0.7175877,0.71633524,-7.848939e-10,2.6020643e-09,0.6977563,1
2392299958,2392299379,0.6961561,0.010598365,-0.020108547,0.7175305,0.71633524,-7.848939e-10,2.6020643e-09,0.6977563,1
2392305117,2392304441,0.69620365,0.010595755,-0.019865995,0.7174912,0.71633524,-7.848939e-10,2.6020643e-09,0.6977563,1
2392310019,2392309451,0.6962586,0.010602267,-0.01957017,0.7174459,0.71633524,-7.848939e-10,2.6020643e-09,0.6977563,1
2392321549,2392319612,0.69635534,0.010515873,-0.019011507,0.7173683,0.71633524,-7.848939e-10,2.6020643e-09,0.6977563,1
2392330222,2392324674,0.69641167,0.010536097,-0.018755296,0.7173201,0.71633524,-7.848939e-10,2.6020643e-09,0.6977563,1
2392332311,2392331769,0.69647175,0.010474417,-0.018386722,0.7172721,0.71633524,-7.848939e-10,2.6020643e-09,0.6977563,1
2392336583,2392335917,0.69648945,0.010483305,-0.018182132,0.71726,0.71633524,-7.848939e-10,2.6020643e-09,0.6977563,1
2392346601,2392344721,0.69647473,0.01041687,-0.017606014,0.7172896,0.71633524,-7.848939e-10,2.6020643e-09,0.6977563,1
2392350274,2392349800,0.6965662,0.01043632,-0.017349234,0.71720684,0.71633524,-7.848939e-10,2.6020643e-09,0.6977563,1
2392359304,2392358627,0.6966335,0.01040291,-0.016861005,0.71715367,0.71633524,-7.848939e-10,2.6020643e-09,0.6977563,1
2392370497,2392369887,0.6967474,0.010305072,-0.016212057,0.7170593,0.71633524,-7.848939e-10,2.6020643e-09,0.6977563,1
2392374358,2392373788,0.6967915,0.010288238,-0.015998932,0.7170215,0.71633524,-7.848939e-10,2.6020643e-09,0.6977563,1
2392384488,2392378957,0.69674915,0.010219805,-0.015605594,0.71707237,0.71633524,-7.848939e-10,2.6020643e-09,0.6977563,1
2392385563,2392385160,0.6968156,0.010198182,-0.01522908,0.7170162,0.71633524,-7.848939e-10,2.6020643e-09,0.6977563,1
2392390841,2392390216,0.6967915,0.01019034,-0.014898425,0.71704656,0.71633524,-7.848939e-10,2.6020643e-09,0.6977563,1
2392396031,2392395295,0.6968471,0.010200691,-0.0145794945,0.716999,0.71633524,-7.848939e-10,2.6020643e-09,0.6977563,1
2392401107,2392400511,0.69689953,0.010262761,-0.014226702,0.7169542,0.71633524,-7.848939e-10,2.6020643e-09,0.6977563,1
2392405962,2392405368,0.69687474,0.010270092,-0.013874638,0.71698517,0.71633524,-7.848939e-10,2.6020643e-09,0.6977563,1
2392416252,2392410422,0.6969391,0.010319029,-0.013517767,0.71692866,0.71633524,-7.848939e-10,2.6020643e-09,0.6977563,1
2392421103,2392420534,0.6970061,0.010387078,-0.01276374,0.7168763,0.71633524,-7.848939e-10,2.6020643e-09,0.6977563,1
2392426192,2392425566,0.6970243,0.010437874,-0.012419486,0.71686393,0.71633524,-7.848939e-10,2.6020643e-09,0.6977563,1
2392438695,2392436927,0.6970938,0.010441548,-0.01165603,0.7168093,0.71633524,-7.848939e-10,2.6020643e-09,0.6977563,1
2392447845,2392447071,0.69719356,0.010395138,-0.011037165,0.7167226,0.71633524,-7.848939e-10,2.6020643e-09,0.6977563,1
2392452801,2392452224,0.69724256,0.010409179,-0.010776289,0.7166787,0.71633524,-7.848939e-10,2.6020643e-09,0.6977563,1
2392457679,2392457114,0.69729835,0.010378204,-0.0105164945,0.7166288,0.71633524,-7.848939e-10,2.6020643e-09,0.6977563,1
2392462903,2392462279,0.69734114,0.010355942,-0.010230796,0.7165916,0.71633524,-7.848939e-10,2.6020643e-09,0.6977563,1
2392467889,2392467269,0.6973626,0.010375418,-0.010010007,0.71657354,0.71633524,-7.848939e-10,2.6020643e-09,0.6977563,1
2392477073,2392472308,0.6974522,0.010324161,-0.009676596,0.71649164,0.71633524,-7.848939e-10,2.6020643e-09,0.6977563,1
2392485096,2392484067,0.6975671,0.0103015825,-0.0089236,0.7163899,0.71633524,-7.848939e-10,2.6020643e-09,0.6977563,1
2392489265,2392488706,0.69761413,0.010303502,-0.0086191315,0.71634775,0.71633524,-7.848939e-10,2.6020643e-09,0.6977563,1
2392494409,2392493785,0.6975773,0.010372298,-0.008320272,0.71638614,0.71633524,-7.848939e-10,2.6020643e-09,0.6977563,1
2392499629,2392498958,0.6976183,0.010393868,-0.007939717,0.71635026,0.71633524,-7.848939e-10,2.6020643e-09,0.6977563,1
2392509643,2392503980,0.6976549,0.010401445,-0.007574222,0.7163185,0.71633524,-7.848939e-10,2.6020643e-09,0.6977563,1
2392510816,2392510256,0.69768226,0.010466497,-0.007129094,0.7162954,0.71633524,-7.848939e-10,2.6020643e-09,0.6977563,1
2392519719,2392519110,0.69773084,0.010486559,-0.00650798,0.7162537,0.71633524,-7.848939e-10,2.6020643e-09,0.6977563,1
2392524845,2392524140,0.69775224,0.010553039,-0.0062147076,0.71623445,0.71633524,-7.848939e-10,2.6020643e-09,0.6977563,1
2392529825,2392529189,0.697763,0.0105724195,-0.0058876933,0.7162264,0.71633524,-7.848939e-10,2.6020643e-09,0.6977563,1
2392539917,2392534188,0.69778246,0.01057621,-0.005597091,0.7162098,0.71633524,-7.848939e-10,2.6020643e-09,0.6977563,1
2392544918,2392544309,0.6978216,0.010590739,-0.0050469455,0.71617556,0.71633524,-7.848939e-10,2.6020643e-09,0.6977563,1
2392549943,2392549357,0.6978336,0.010540254,-0.0047567105,0.7161666,0.71633524,-7.848939e-10,2.6020643e-09,0.6977563,1
2392555089,2392554486,0.6978894,0.010532188,-0.004502368,0.7161139,0.71633524,-7.848939e-10,2.6020643e-09,0.6977563,1
2392560178,2392559635,0.6978731,0.010455628,-0.0041679223,0.71613294,0.71633524,-7.848939e-10,2.6020643e-09,0.6977563,1
2392565231,2392564530,0.6979099,0.01034792,-0.003845088,0.7161006,0.71633524,-7.848939e-10,2.6020643e-09,0.6977563,1
2392570259,2392569663,0.6979324,0.010318621,-0.003563137,0.7160805,0.71633524,-7.848939e-10,2.6020643e-09,0.6977563,1
2392575220,2392574630,0.69793916,0.010234138,-0.003204409,0.71607685,0.71633524,-7.848939e-10,2.6020643e-09,0.6977563,1
2392585349,2392584840,0.69800013,0.010107718,-0.0026216551,0.71602154,0.71633524,-7.848939e-10,2.6020643e-09,0.6977563,1
2392590430,2392589824,0.69801205,0.010058211,-0.0022748187,0.71601176,0.71633524,-7.848939e-10,2.6020643e-09,0.6977563,1
2392595425,2392594847,0.69801867,0.009991493,-0.002013773,0.71600705,0.71633524,-7.848939e-10,2.6020643e-09,0.6977563,1
2392604376,2392600080,0.69809794,0.0099796,-0.0017467998,0.71593064,0.71633524,-7.848939e-10,2.6020643e-09,0.6977563,1
2392610559,2392605280,0.6981072,0.009980782,-0.0014521115,0.71592224,0.71633524,-7.848939e-10,2.6020643e-09,0.6977563,1
2392615868,2392615325,0.6982171,0.00993429,-0.00093341543,0.71581656,0.71633524,-7.848939e-10,2.6020643e-09,0.6977563,1
2392620843,2392620222,0.69819885,0.0098700235,-0.00063862745,0.7158355,0.71633524,-7.848939e-10,2.6020643e-09,0.6977563,1
2392625739,2392625177,0.69818723,0.00980904,-0.0003518648,0.7158479,0.71633524,-7.848939e-10,2.6020643e-09,0.6977563,1
2392630939,2392630295,0.6982527,0.009762086,-8.259383e-05,0.7157848,0.71633524,-7.848939e-10,2.6020643e-09,0.6977563,1
2392636124,2392635384,0.69827205,0.0096867895,0.00023987688,0.71576697,0.71633524,-7.848939e-10,2.6020643e-09,0.6977563,1
2392641256,2392640652,0.6982839,0.009628158,0.0004952112,0.715756,0.71633524,-7.848939e-10,2.6020643e-09,0.6977563,1
2392645914,2392645366,0.69834,0.00956393,0.000730912,0.71570194,0.71633524,-7.848939e-10,2.6020643e-09,0.6977563,1
2392650963,2392650405,0.6983655,0.009466622,0.0009901057,0.715678,0.71633524,-7.848939e-10,2.6020643e-09,0.6977563,1
2392655973,2392655429,0.69837487,0.009448862,0.0011676592,0.7156689,0.71633524,-7.848939e-10,2.6020643e-09,0.6977563,1
2392661074,2392660499,0.69840974,0.009415114,0.0013457832,0.715635,0.71633524,-7.848939e-10,2.6020643e-09,0.6977563,1
2392671809,2392670714,0.698454,0.00932031,0.0017299273,0.71559227,0.71633524,-7.848939e-10,2.6020643e-09,0.6977563,1
2392676193,2392675688,0.6984828,0.0092617,0.001926369,0.7155643,0.71633524,-7.848939e-10,2.6020643e-09,0.6977563,1
2392686377,2392685866,0.6985863,0.009153404,0.002419467,0.7154632,0.71633524,-7.848939e-10,2.6020643e-09,0.6977563,1
2392697798,2392695890,0.6986245,0.0091291545,0.0029104776,0.71542436,0.71633524,-7.848939e-10,2.6020643e-09,0.6977563,1
2392701749,2392700914,0.69863385,0.009087774,0.0031402786,0.71541476,0.71633524,-7.848939e-10,2.6020643e-09,0.6977563,1
2392706810,2392705994,0.69863033,0.009082986,0.0033776162,0.71541727,0.71633524,-7.848939e-10,2.6020643e-09,0.6977563,1
2392711577,2392711067,0.6986299,0.00896617,0.0036422543,0.71541786,0.71633524,-7.848939e-10,2.6020643e-09,0.6977563,1
2392723557,2392721129,0.69866353,0.008859015,0.0039925664,0.7153845,0.71633524,-7.848939e-10,2.6020643e-09,0.6977563,1
2392727160,2392726198,0.69866425,0.0087482855,0.0042156447,0.7153838,0.71633524,-7.848939e-10,2.6020643e-09,0.6977563,1
2392731861,2392731261,0.6987072,0.008651819,0.0043681064,0.7153421,0.71633524,-7.848939e-10,2.6020643e-09,0.6977563,1
2392741922,2392736336,0.69874555,0.008611496,0.004484288,0.7153045,0.71633524,-7.848939e-10,2.6020643e-09,0.6977563,1
2392744210,2392741355,0.69874555,0.008532882,0.004629559,0.71530455,0.71633524,-7.848939e-10,2.6020643e-09,0.6977563,1
2392747001,2392746435,0.6988276,0.008486856,0.0046932283,0.7152244,0.71633524,-7.848939e-10,2.6020643e-09,0.6977563,1
2392757181,2392751431,0.69886065,0.00849338,0.0047564637,0.71519166,0.71633524,-7.848939e-10,2.6020643e-09,0.6977563,1
2392762133,2392761553,0.6988837,0.008383591,0.005029838,0.71516854,0.71633524,-7.848939e-10,2.6020643e-09,0.6977563,1
2392767319,2392766686,0.69896376,0.008348119,0.0051391628,0.7150899,0.71633524,-7.848939e-10,2.6020643e-09,0.6977563,1
2392775987,2392771860,0.6989769,0.008309379,0.005317268,0.7150762,0.71633524,-7.848939e-10,2.6020643e-09,0.6977563,1
2392778288,2392777697,0.6990106,0.008277144,0.005473376,0.71504253,0.71633524,-7.848939e-10,2.6020643e-09,0.6977563,1
2392782399,2392781792,0.6990831,0.008246416,0.0056179888,0.7149708,0.71633524,-7.848939e-10,2.6020643e-09,0.6977563,1
2392791177,2392787206,0.6990571,0.0081949495,0.00577369,0.7149956,0.71633524,-7.848939e-10,2.6020643e-09,0.6977563,1
2392797570,2392796975,0.6991548,0.008124747,0.006007777,0.714899,0.71633524,-7.848939e-10,2.6020643e-09,0.6977563,1
2392806565,2392805979,0.69918716,0.008018393,0.006239103,0.71486646,0.71633524,-7.848939e-10,2.6020643e-09,0.6977563,1
2392818982,2392817179,0.69925624,0.007923718,0.0065310076,0.7147974,0.71633524,-7.848939e-10,2.6020643e-09,0.6977563,1
2392822716,2392822203,0.6992223,0.007900741,0.0066031246,0.7148301,0.71633524,-7.848939e-10,2.6020643e-09,0.6977563,1
2392831858,2392831164,0.69936687,0.0077908677,0.006872613,0.71468747,0.71633524,-7.848939e-10,2.6020643e-09,0.6977563,1
2392841733,2392841141,0.6994329,0.0076524215,0.00710543,0.714622,0.71633524,-7.848939e-10,2.6020643e-09,0.6977563,1
2392850614,2392850082,0.6995139,0.0075207623,0.0073010144,0.7145421,0.71633524,-7.848939e-10,2.6020643e-09,0.6977563,1
2392860933,2392855039,0.699593,0.007430323,0.007388148,0.7144647,0.71633524,-7.848939e-10,2.6020643e-09,0.6977563,1
2392862997,2392861374,0.6996502,0.007384823,0.0074558957,0.7144085,0.71633524,-7.848939e-10,2.6020643e-09,0.6977563,1
2392867352,2392866691,0.6997458,0.007304294,0.0075190663,0.71431506,0.71633524,-7.848939e-10,2.6020643e-09,0.6977563,1
2392872139,2392871496,0.6997788,0.0072817234,0.007490252,0.7142833,0.71633524,-7.848939e-10,2.6020643e-09,0.6977563,1
2392880848,2392880326,0.6998943,0.007281648,0.007573058,0.71416926,0.71633524,-7.848939e-10,2.6020643e-09,0.6977563,1
2392885968,2392885377,0.69993365,0.0071660657,0.007626683,0.7141313,0.71633524,-7.848939e-10,2.6020643e-09,0.6977563,1
2392898439,2392896777,0.7000743,0.0069983006,0.0076886294,0.7139943,0.71633524,-7.848939e-10,2.6020643e-09,0.6977563,1
2392902289,2392901776,0.7001878,0.0069461255,0.007695179,0.7138835,0.71633524,-7.848939e-10,2.6020643e-09,0.6977563,1
2392907416,2392906838,0.7002299,0.006888741,0.007707147,0.71384263,0.71633524,-7.848939e-10,2.6020643e-09,0.6977563,1
2392918770,2392918086,0.70040876,0.006674842,0.0078070727,0.7136681,0.71633524,-7.848939e-10,2.6020643e-09,0.6977563,1
2392922521,2392922020,0.7004659,0.0066200555,0.007846049,0.713612,0.71633524,-7.848939e-10,2.6020643e-09,0.6977563,1
2392927770,2392927110,0.7004753,0.006530431,0.007936875,0.71360266,0.71633524,-7.848939e-10,2.6020643e-09,0.6977563,1
2392932688,2392932129,0.7005952,0.006509934,0.0079320995,0.7134852,0.71633524,-7.848939e-10,2.6020643e-09,0.6977563,1
2392944085,2392943472,0.7007642,0.0064773373,0.007973967,0.713319,0.71633524,-7.848939e-10,2.6020643e-09,0.6977563,1
2392954139,2392953560,0.7008768,0.0064287703,0.008044492,0.71320814,0.71633524,-7.848939e-10,2.6020643e-09,0.6977563,1
2392959138,2392958623,0.70096695,0.0063784267,0.008065299,0.7131197,0.71633524,-7.848939e-10,2.6020643e-09,0.6977563,1
2392969263,2392963665,0.7010506,0.006319602,0.008105979,0.71303755,0.71633524,-7.848939e-10,2.6020643e-09,0.6977563,1
2392970887,2392970067,0.7011246,0.0062430725,0.008134457,0.7129651,0.71633524,-7.848939e-10,2.6020643e-09,0.6977563,1
2392975695,2392975077,0.70119613,0.006171382,0.008164497,0.712895,0.71633524,-7.848939e-10,2.6020643e-09,0.6977563,1
2392980660,2392980121,0.70122087,0.0061210375,0.008153254,0.71287125,0.71633524,-7.848939e-10,2.6020643e-09,0.6977563,1
2392990786,2392985197,0.7013129,0.006043888,0.0081831375,0.712781,0.71633524,-7.848939e-10,2.6020643e-09,0.6977563,1
2392991882,2392991467,0.70135725,0.005947918,0.008204729,0.7127379,0.71633524,-7.848939e-10,2.6020643e-09,0.6977563,1
2392997153,2392996552,0.7014638,0.005931523,0.008264957,0.7126325,0.71633524,-7.848939e-10,2.6020643e-09,0.6977563,1
2393005983,2393005393,0.70156366,0.005799694,0.00834145,0.7125344,0.71633524,-7.848939e-10,2.6020643e-09,0.6977563,1
2393014862,2393010535,0.7015461,0.005729587,0.008374462,0.7125519,0.71633524,-7.848939e-10,2.6020643e-09,0.6977563,1
2393015869,2393015491,0.7015979,0.0056923865,0.008386734,0.71250105,0.71633524,-7.848939e-10,2.6020643e-09,0.6977563,1
2393021176,2393020527,0.7016845,0.0055649644,0.0084639955,0.7124159,0.71633524,-7.848939e-10,2.6020643e-09,0.6977563,1
2393026133,2393025668,0.7017124,0.0055144364,0.0084532695,0.7123889,0.71633524,-7.848939e-10,2.6020643e-09,0.6977563,1
2393031364,2393030664,0.7017712,0.0055332463,0.008394704,0.7123315,0.71633524,-7.848939e-10,2.6020643e-09,0.6977563,1
2393036266,2393035735,0.7018145,0.0054601203,0.008419934,0.7122891,0.71633524,-7.848939e-10,2.6020643e-09,0.6977563,1
2393041289,2393040744,0.7018752,0.005436517,0.008338039,0.71223044,0.71633524,-7.848939e-10,2.6020643e-09,0.6977563,1
2393046417,2393045856,0.7019026,0.00542412,0.008291184,0.7122041,0.71633524,-7.848939e-10,2.6020643e-09,0.6977563,1
2393051404,2393050860,0.7018912,0.0052790293,0.008347011,0.71221584,0.71633524,-7.848939e-10,2.6020643e-09,0.6977563,1
2393062189,2393061530,0.7019739,0.005156613,0.008244049,0.7121363,0.71633524,-7.848939e-10,2.6020643e-09,0.6977563,1
2393071646,2393071081,0.702093,0.00494908,0.008164078,0.71202135,0.71633524,-7.848939e-10,2.6020643e-09,0.6977563,1
2393083809,2393081400,0.7021304,0.004674228,0.008211005,0.71198577,0.71633524,-7.848939e-10,2.6020643e-09,0.6977563,1
2393091938,2393086199,0.70215565,0.0045792265,0.008187412,0.71196175,0.71633524,-7.848939e-10,2.6020643e-09,0.6977563,1
2393096917,2393096420,0.70218897,0.004458688,0.008190939,0.7119296,0.71633524,-7.848939e-10,2.6020643e-09,0.6977563,1
2393108056,2393107691,0.7022472,0.0043962863,0.008175739,0.7118727,0.71633524,-7.848939e-10,2.6020643e-09,0.6977563,1
2393117192,2393116534,0.7022834,0.004422972,0.008202569,0.7118366,0.71633524,-7.848939e-10,2.6020643e-09,0.6977563,1
2393126131,2393125547,0.7023873,0.0044411584,0.008223917,0.71173364,0.71633524,-7.848939e-10,2.6020643e-09,0.6977563,1
2393131113,2393130491,0.70233953,0.004429648,0.008288084,0.71178013,0.71633524,-7.848939e-10,2.6020643e-09,0.6977563,1
2393141817,2393140951,0.70243627,0.0044361604,0.008225687,0.71168536,0.71633524,-7.848939e-10,2.6020643e-09,0.6977563,1
2393146530,2393145605,0.7024533,0.004408855,0.008208076,0.7116689,0.71633524,-7.848939e-10,2.6020643e-09,0.6977563,1
2393151208,2393150659,0.70244545,0.004417667,0.008113316,0.71167773,0.71633524,-7.848939e-10,2.6020643e-09,0.6977563,1
2393161301,2393155789,0.7025142,0.0043812995,0.008066387,0.7116106,0.71633524,-7.848939e-10,2.6020643e-09,0.6977563,1
2393163590,2393162880,0.7025049,0.0043559875,0.007929581,0.7116215,0.71633524,-7.848939e-10,2.6020643e-09,0.6977563,1
2393167729,2393167073,0.7025351,0.0043024207,0.007872527,0.7115926,0.71633524,-7.848939e-10,2.6020643e-09,0.6977563,1
2393172725,2393172108,0.7026397,0.004210938,0.007842751,0.71149015,0.71633524,-7.848939e-10,2.6020643e-09,0.6977563,1
2393177707,2393177162,0.7025916,0.004142929,0.0077445274,0.7115392,0.71633524,-7.848939e-10,2.6020643e-09,0.6977563,1
2393182889,2393182274,0.70267344,0.004077248,0.0076992908,0.7114592,0.71633524,-7.848939e-10,2.6020643e-09,0.6977563,1
2393187764,2393187234,0.7027347,0.003990833,0.0076479805,0.71139973,0.71633524,-7.848939e-10,2.6020643e-09,0.6977563,1
2393192986,2393192355,0.70275277,0.0038863688,0.0075712944,0.7113832,0.71633524,-7.848939e-10,2.6020643e-09,0.6977563,1
2393203965,2393203446,0.7028632,0.0037217482,0.0075061726,0.71127576,0.71633524,-7.848939e-10,2.6020643e-09,0.6977563,1
2393207996,2393207496,0.7029048,0.0036600884,0.007474639,0.7112352,0.71633524,-7.848939e-10,2.6020643e-09,0.6977563,1
2393216847,2393212814,0.70290214,0.0036624363,0.0073650307,0.7112391,0.71633524,-7.848939e-10,2.6020643e-09,0.6977563,1
2393223205,2393217624,0.7029426,0.0035684984,0.007368501,0.7111995,0.71633524,-7.848939e-10,2.6020643e-09,0.6977563,1
2393225399,2393224388,0.7029995,0.0035148587,0.0072365995,0.711145,0.71633524,-7.848939e-10,2.6020643e-09,0.6977563,1
2393229586,2393228939,0.7030151,0.0034374325,0.0072180545,0.7111301,0.71633524,-7.848939e-10,2.6020643e-09,0.6977563,1
2393234672,2393234046,0.70307547,0.0033367975,0.007130192,0.71107167,0.71633524,-7.848939e-10,2.6020643e-09,0.6977563,1
2393245477,2393244587,0.7031415,0.0031662683,0.006966587,0.7110088,0.71633524,-7.848939e-10,2.6020643e-09,0.6977563,1
2393249737,2393249217,0.703183,0.0030769738,0.006860121,0.71096915,0.71633524,-7.848939e-10,2.6020643e-09,0.6977563,1
2393258568,2393254506,0.70325416,0.003035068,0.0066928533,0.71090055,0.71633524,-7.848939e-10,2.6020643e-09,0.6977563,1
2393264801,2393259447,0.7032852,0.0029436322,0.0066045634,0.71087104,0.71633524,-7.848939e-10,2.6020643e-09,0.6977563,1
2393267098,2393266232,0.70336896,0.0028345268,0.0064373,0.71079016,0.71633524,-7.848939e-10,2.6020643e-09,0.6977563,1
2393271218,2393270666,0.7033826,0.00276475,0.0063535413,0.71077776,0.71633524,-7.848939e-10,2.6020643e-09,0.6977563,1
2393276253,2393275688,0.7033628,0.0026645814,0.006270358,0.71079844,0.71633524,-7.848939e-10,2.6020643e-09,0.6977563,1
2393281368,2393280765,0.70346165,0.002626383,0.006151181,0.7107018,0.71633524,-7.848939e-10,2.6020643e-09,0.6977563,1
2393292658,2393292128,0.70354426,0.0025544744,0.0059299525,0.71062213,0.71633524,-7.848939e-10,2.6020643e-09,0.6977563,1
2393297798,2393297170,0.703567,0.0024864136,0.0058702733,0.7106004,0.71633524,-7.848939e-10,2.6020643e-09,0.6977563,1
2393308044,2393307382,0.7036421,0.0024076316,0.0056736353,0.71052796,0.71633524,-7.848939e-10,2.6020643e-09,0.6977563,1
2393313163,2393312387,0.7037525,0.002313049,0.0056690047,0.7104189,0.71633524,-7.848939e-10,2.6020643e-09,0.6977563,1
2393317989,2393317386,0.70374644,0.00226368,0.005574282,0.71042585,0.71633524,-7.848939e-10,2.6020643e-09,0.6977563,1
2393327965,2393327543,0.7038912,0.002110313,0.005435695,0.7102839,0.71633524,-7.848939e-10,2.6020643e-09,0.6977563,1
2393339335,2393338949,0.7039636,0.0018722337,0.0052784807,0.7102141,0.71633524,-7.848939e-10,2.6020643e-09,0.6977563,1
2393344595,2393343921,0.7039112,0.0017270859,0.0052085784,0.7102669,0.71633524,-7.848939e-10,2.6020643e-09,0.6977563,1
2393353305,2393352801,0.7039725,0.0015583074,0.005085567,0.7102074,0.71633524,-7.848939e-10,2.6020643e-09,0.6977563,1
2393358462,2393357794,0.70404977,0.0014058625,0.0050785695,0.71013117,0.71633524,-7.848939e-10,2.6020643e-09,0.6977563,1
2393363418,2393362862,0.70407003,0.0013023196,0.00505361,0.71011144,0.71633524,-7.848939e-10,2.6020643e-09,0.6977563,1
2393368499,2393367873,0.70410514,0.0012615587,0.005016289,0.710077,0.71633524,-7.848939e-10,2.6020643e-09,0.6977563,1
2393379435,2393378419,0.70422995,0.0010448885,0.0050490345,0.7099533,0.71633524,-7.848939e-10,2.6020643e-09,0.6977563,1
2393383634,2393383058,0.7042638,0.0009870832,0.005009602,0.7099201,0.71633524,-7.848939e-10,2.6020643e-09,0.6977563,1
2393393996,2393393299,0.70436984,0.000793203,0.0050209686,0.709815,0.71633524,-7.848939e-10,2.6020643e-09,0.6977563,1
2393398921,2393398317,0.7044048,0.00077028753,0.004913238,0.7097811,0.71633524,-7.848939e-10,2.6020643e-09,0.6977563,1
2393403818,2393403287,0.7044579,0.0006827926,0.0049077338,0.7097285,0.71633524,-7.848939e-10,2.6020643e-09,0.6977563,1
2393408939,2393408361,0.7045457,0.0005606016,0.0048888265,0.7096416,0.71633524,-7.848939e-10,2.6020643e-09,0.6977563,1
2393417670,2393413597,0.70460814,0.0004579045,0.004803573,0.7095803,0.71633524,-7.848939e-10,2.6020643e-09,0.6977563,1
2393419785,2393418475,0.7046643,0.0003437684,0.0047873515,0.70952463,0.71633524,-7.848939e-10,2.6020643e-09,0.6977563,1
2393424051,2393423497,0.7047054,0.00019877961,0.004723353,0.7094843,0.71633524,-7.848939e-10,2.6020643e-09,0.6977563,1
2393434162,2393428717,0.70482576,8.923432e-05,0.0045939703,0.70936567,0.71633524,-7.848939e-10,2.6020643e-09,0.6977563,1
2393435538,2393433573,0.70487684,-4.053616e-06,0.0045245015,0.7093153,0.71633524,-7.848939e-10,2.6020643e-09,0.6977563,1
2393439284,2393438640,0.7049719,-0.00015317589,0.004443972,0.7092213,0.71633524,-7.848939e-10,2.6020643e-09,0.6977563,1
2393444276,2393443707,0.70509267,-0.00022305136,0.004340237,0.7091019,0.71633524,-7.848939e-10,2.6020643e-09,0.6977563,1
2393449295,2393448739,0.7051669,-0.00032319032,0.0042603766,0.7090285,0.71633524,-7.848939e-10,2.6020643e-09,0.6977563,1
2393458051,2393453869,0.7051943,-0.0004647531,0.004215156,0.7090014,0.71633524,-7.848939e-10,2.6020643e-09,0.6977563,1
2393460033,2393459041,0.7053159,-0.00051921455,0.0041076425,0.7088811,0.71633524,-7.848939e-10,2.6020643e-09,0.6977563,1
2393464580,2393464091,0.70537543,-0.0006162214,0.004045518,0.70882213,0.71633524,-7.848939e-10,2.6020643e-09,0.6977563,1
2393469695,2393469095,0.7053547,-0.0006993906,0.004039758,0.70884275,0.71633524,-7.848939e-10,2.6020643e-09,0.6977563,1
2393479741,2393474032,0.70543444,-0.00076221634,0.0039664013,0.7087638,0.71633524,-7.848939e-10,2.6020643e-09,0.6977563,1
2393482565,2393479119,0.7055055,-0.00082433666,0.0039526387,0.708693,0.71633524,-7.848939e-10,2.6020643e-09,0.6977563,1
2393489938,2393489240,0.70552707,-0.00086241844,0.0038026732,0.7086723,0.71633524,-7.848939e-10,2.6020643e-09,0.6977563,1
2393494929,2393494385,0.7056035,-0.00089562556,0.0037718976,0.7085963,0.71633524,-7.848939e-10,2.6020643e-09,0.6977563,1
2393499784,2393499309,0.70562667,-0.00088638713,0.0036571086,0.7085739,0.71633524,-7.848939e-10,2.6020643e-09,0.6977563,1
2393504858,2393504339,0.7056907,-0.000856772,0.0035353047,0.7085108,0.71633524,-7.848939e-10,2.6020643e-09,0.6977563,1
2393509845,2393509369,0.7057588,-0.00087606435,0.0034470162,0.70844334,0.71633524,-7.848939e-10,2.6020643e-09,0.6977563,1
2393515015,2393514462,0.7057865,-0.00083647325,0.0032512872,0.7084167,0.71633524,-7.848939e-10,2.6020643e-09,0.6977563,1
2393520058,2393519476,0.70583856,-0.00080962706,0.0031006653,0.70836556,0.71633524,-7.848939e-10,2.6020643e-09,0.6977563,1
2393525190,2393524669,0.7059693,-0.0008838469,0.0030030152,0.7082356,0.71633524,-7.848939e-10,2.6020643e-09,0.6977563,1
2393530140,2393529605,0.7060133,-0.00089975033,0.0028419008,0.70819235,0.71633524,-7.848939e-10,2.6020643e-09,0.6977563,1
2393535274,2393534654,0.7060591,-0.00093661796,0.0027060923,0.7081472,0.71633524,-7.848939e-10,2.6020643e-09,0.6977563,1
2393544084,2393539839,0.7061435,-0.0010139523,0.0026136895,0.7080633,0.71633524,-7.848939e-10,2.6020643e-09,0.6977563,1
2393551509,2393549822,0.7062344,-0.0011507025,0.0024150182,0.70797306,0.71633524,-7.848939e-10,2.6020643e-09,0.6977563,1
2393561704,2393560018,0.70634806,-0.0013158859,0.00230191,0.7078598,0.71633524,-7.848939e-10,2.6020643e-09,0.6977563,1
2393565793,2393565235,0.7064016,-0.0013243721,0.0022128012,0.70780665,0.71633524,-7.848939e-10,2.6020643e-09,0.6977563,1
2393570545,2393570001,0.7064389,-0.0013798659,0.0021758806,0.7077694,0.71633524,-7.848939e-10,2.6020643e-09,0.6977563,1
2393575689,2393575107,0.7065446,-0.0014131612,0.0020771811,0.70766413,0.71633524,-7.848939e-10,2.6020643e-09,0.6977563,1
2393584436,2393580227,0.7065955,-0.0013930977,0.001984749,0.70761365,0.71633524,-7.848939e-10,2.6020643e-09,0.6977563,1
2393587138,2393586475,0.7066067,-0.0014734857,0.0019909195,0.7076022,0.71633524,-7.848939e-10,2.6020643e-09,0.6977563,1
2393590845,2393590364,0.70668644,-0.0014641343,0.001899921,0.70752287,0.71633524,-7.848939e-10,2.6020643e-09,0.6977563,1
2393596103,2393595276,0.70674354,-0.0014291899,0.0017879258,0.70746624,0.71633524,-7.848939e-10,2.6020643e-09,0.6977563,1
2393600738,2393600292,0.7067667,-0.0014789545,0.0017461389,0.70744306,0.71633524,-7.848939e-10,2.6020643e-09,0.6977563,1
2393609703,2393605830,0.70689505,-0.0014879425,0.0015889009,0.7073151,0.71633524,-7.848939e-10,2.6020643e-09,0.6977563,1
2393610804,2393610437,0.706947,-0.0015002866,0.0015191009,0.70726335,0.71633524,-7.848939e-10,2.6020643e-09,0.6977563,1
2393622707,2393620521,0.70702946,-0.0015987132,0.0013598481,0.7071811,0.71633524,-7.848939e-10,2.6020643e-09,0.6977563,1
2393626374,2393625827,0.70709276,-0.0016288063,0.001267241,0.70711786,0.71633524,-7.848939e-10,2.6020643e-09,0.6977563,1
2393631394,2393630655,0.7071343,-0.0016304165,0.0011716177,0.70707643,0.71633524,-7.848939e-10,2.6020643e-09,0.6977563,1
2393641269,2393635813,0.70721364,-0.0016319454,0.0010592339,0.7069972,0.71633524,-7.848939e-10,2.6020643e-09,0.6977563,1
2393642524,2393642080,0.70725894,-0.001625598,0.0009515299,0.70695215,0.71633524,-7.848939e-10,2.6020643e-09,0.6977563,1
2393647942,2393646692,0.7072821,-0.001592777,0.0008436669,0.70692915,0.71633524,-7.848939e-10,2.6020643e-09,0.6977563,1
2393651424,2393650890,0.7073248,-0.0015767607,0.0007757476,0.7068866,0.71633524,-7.848939e-10,2.6020643e-09,0.6977563,1
2393656528,2393655942,0.7074271,-0.0015953823,0.0007160776,0.7067842,0.71633524,-7.848939e-10,2.6020643e-09,0.6977563,1
2393667485,2393666047,0.7075036,-0.0015613282,0.0005684472,0.70670784,0.71633524,-7.848939e-10,2.6020643e-09,0.6977563,1
2393671646,2393671059,0.7075867,-0.0015504194,0.00052326114,0.7066246,0.71633524,-7.848939e-10,2.6020643e-09,0.6977563,1
2393680592,2393676160,0.70752954,-0.0015428558,0.00045055102,0.706682,0.71633524,-7.848939e-10,2.6020643e-09,0.6977563,1
2393682257,2393681717,0.70763475,-0.0014821936,0.00042361612,0.7065768,0.71633524,-7.848939e-10,2.6020643e-09,0.6977563,1
2393687041,2393686292,0.70765835,-0.0014967935,0.00037476717,0.70655316,0.71633524,-7.848939e-10,2.6020643e-09,0.6977563,1
2393699187,2393697595,0.7077655,-0.0014267218,0.00024242376,0.70644605,0.71633524,-7.848939e-10,2.6020643e-09,0.6977563,1
2393703388,2393702818,0.7078129,-0.0014005671,0.00014785478,0.7063986,0.71633524,-7.848939e-10,2.6020643e-09,0.6977563,1
2393714735,2393714126,0.7079097,-0.0012806765,-4.7470407e-05,0.7063018,0.71633524,-7.848939e-10,2.6020643e-09,0.6977563,1
2393719773,2393719122,0.7079357,-0.0012508295,-0.000114329574,0.70627576,0.71633524,-7.848939e-10,2.6020643e-09,0.6977563,1
2393729781,2393729169,0.70804715,-0.0012044386,-0.000293424,0.7061642,0.71633524,-7.848939e-10,2.6020643e-09,0.6977563,1
2393734865,2393734275,0.708056,-0.0011684976,-0.00035902354,0.70615524,0.71633524,-7.848939e-10,2.6020643e-09,0.6977563,1
2393745082,2393744440,0.70814806,-0.0010893182,-0.0004983814,0.706063,0.71633524,-7.848939e-10,2.6020643e-09,0.6977563,1
2393750557,2393749792,0.70812005,-0.001085724,-0.00052009703,0.70609105,0.71633524,-7.848939e-10,2.6020643e-09,0.6977563,1
2393755215,2393754615,0.7081518,-0.001064628,-0.00057744276,0.7060593,0.71633524,-7.848939e-10,2.6020643e-09,0.6977563,1
2393760178,2393759521,0.70828897,-0.0009474939,-0.0007859103,0.7059216,0.71633524,-7.848939e-10,2.6020643e-09,0.6977563,1
2393770342,2393764581,0.7083181,-0.0009160344,-0.00084794284,0.7058923,0.71633524,-7.848939e-10,2.6020643e-09,0.6977563,1
2393772529,2393771004,0.708393,-0.00089038996,-0.0009785817,0.70581704,0.71633524,-7.848939e-10,2.6020643e-09,0.6977563,1
2393781699,2393780974,0.7084743,-0.000922144,-0.0011182099,0.7057352,0.71633524,-7.848939e-10,2.6020643e-09,0.6977563,1
2393787050,2393786024,0.7085452,-0.0009720253,-0.0012328071,0.70566374,0.71633524,-7.848939e-10,2.6020643e-09,0.6977563,1
2393791670,2393791110,0.7085993,-0.0010029413,-0.0012919883,0.70560926,0.71633524,-7.848939e-10,2.6020643e-09,0.6977563,1
2393797110,2393796119,0.70858276,-0.0010825745,-0.0013945374,0.7056255,0.71633524,-7.848939e-10,2.6020643e-09,0.6977563,1
2393805611,2393801313,0.7086936,-0.0011263854,-0.0014928534,0.705514,0.71633524,-7.848939e-10,2.6020643e-09,0.6977563,1
2393808314,2393807558,0.7087146,-0.0011385068,-0.0016288225,0.7054925,0.71633524,-7.848939e-10,2.6020643e-09,0.6977563,1
2393812056,2393811460,0.7086872,-0.0011901166,-0.0017029373,0.7055198,0.71633524,-7.848939e-10,2.6020643e-09,0.6977563,1
2393816961,2393816373,0.7087978,-0.001180063,-0.0017985891,0.70540845,0.71633524,-7.848939e-10,2.6020643e-09,0.6977563,1
2393827121,2393821372,0.70882463,-0.0012313797,-0.0018806892,0.7053813,0.71633524,-7.848939e-10,2.6020643e-09,0.6977563,1
2393829137,2393827923,0.7088767,-0.0012510186,-0.0020052704,0.7053285,0.71633524,-7.848939e-10,2.6020643e-09,0.6977563,1
2393833378,2393832785,0.7088898,-0.0012961554,-0.0020592764,0.7053151,0.71633524,-7.848939e-10,2.6020643e-09,0.6977563,1
2393843872,2393842950,0.70891535,-0.0012978374,-0.0022579026,0.70528877,0.71633524,-7.848939e-10,2.6020643e-09,0.6977563,1
2393848846,2393848073,0.70891935,-0.0013379971,-0.0023284105,0.7052844,0.71633524,-7.848939e-10,2.6020643e-09,0.6977563,1
2393857450,2393856803,0.70896494,-0.0012898186,-0.002517165,0.70523804,0.71633524,-7.848939e-10,2.6020643e-09,0.6977563,1
2393867772,2393865673,0.7090345,-0.0012346582,-0.002634557,0.70516783,0.71633524,-7.848939e-10,2.6020643e-09,0.6977563,1
2393871325,2393870716,0.70906776,-0.0012832657,-0.0026994161,0.7051341,0.71633524,-7.848939e-10,2.6020643e-09,0.6977563,1
2393876325,2393875738,0.70910877,-0.0012356021,-0.0028376903,0.7050923,0.71633524,-7.848939e-10,2.6020643e-09,0.6977563,1
2393881423,2393880781,0.70909667,-0.00127521,-0.0028896306,0.70510423,0.71633524,-7.848939e-10,2.6020643e-09,0.6977563,1
2393886664,2393885894,0.7091753,-0.0013727943,-0.002969571,0.70502466,0.71633524,-7.848939e-10,2.6020643e-09,0.6977563,1
2393891561,2393890990,0.7092084,-0.0013274342,-0.00312692,0.7049907,0.71633524,-7.848939e-10,2.6020643e-09,0.6977563,1
2393901667,2393895904,0.7092121,-0.00135665,-0.0031899295,0.70498663,0.71633524,-7.848939e-10,2.6020643e-09,0.6977563,1
2393906660,2393900953,0.70924777,-0.0013479772,-0.003281054,0.70495045,0.71633524,-7.848939e-10,2.6020643e-09,0.6977563,1
2393908775,2393907345,0.7092656,-0.0013183794,-0.0033637683,0.7049321,0.71633524,-7.848939e-10,2.6020643e-09,0.6977563,1
2393923160,2393922545,0.7093239,-0.0011820332,-0.0035737618,0.7048727,0.71633524,-7.848939e-10,2.6020643e-09,0.6977563,1
2393933325,2393931342,0.70934725,-0.0011140833,-0.0036697267,0.70484877,0.71633524,-7.848939e-10,2.6020643e-09,0.6977563,1
2393937030,2393936467,0.70939696,-0.0010058283,-0.003723001,0.70479864,0.71633524,-7.848939e-10,2.6020643e-09,0.6977563,1
2393942066,2393941471,0.70935696,-0.000949578,-0.0037581574,0.70483875,0.71633524,-7.848939e-10,2.6020643e-09,0.6977563,1
2393947045,2393946492,0.70933384,-0.00090948254,-0.0038033698,0.7048619,0.71633524,-7.848939e-10,2.6020643e-09,0.6977563,1
2393952048,2393951517,0.70939976,-0.00083651097,-0.0038763827,0.70479524,0.71633524,-7.848939e-10,2.6020643e-09,0.6977563,1
2393960997,2393957066,0.7093673,-0.0008058357,-0.0039376076,0.70482767,0.71633524,-7.848939e-10,2.6020643e-09,0.6977563,1
2393969559,2393968084,0.7094314,-0.0007467499,-0.0041022827,0.7047622,0.71633524,-7.848939e-10,2.6020643e-09,0.6977563,1
2393973696,2393973169,0.70943004,-0.0007328377,-0.004178552,0.7047632,0.71633524,-7.848939e-10,2.6020643e-09,0.6977563,1
2393982470,2393981887,0.70954955,-0.00076651055,-0.004310056,0.704642,0.71633524,-7.848939e-10,2.6020643e-09,0.6977563,1
2393993448,2393992856,0.70957416,-0.00084765826,-0.0045253146,0.7046158,0.71633524,-7.848939e-10,2.6020643e-09,0.6977563,1
2393997692,2393997020,0.7096079,-0.0008821531,-0.0046132114,0.7045812,0.71633524,-7.848939e-10,2.6020643e-09,0.6977563,1
2394007664,2394007138,0.7096618,-0.001014638,-0.004771524,0.7045257,0.71633524,-7.848939e-10,2.6020643e-09,0.6977563,1
2394012774,2394012176,0.7097064,-0.0010942653,-0.0047943266,0.70448047,0.71633524,-7.848939e-10,2.6020643e-09,0.6977563,1
2394017772,2394017240,0.7097612,-0.0011442289,-0.0048692,0.7044247,0.71633524,-7.848939e-10,2.6020643e-09,0.6977563,1
2394026880,2394022366,0.7097697,-0.0011205742,-0.0049866014,0.7044153,0.71633524,-7.848939e-10,2.6020643e-09,0.6977563,1
2394033041,2394032366,0.70986897,-0.0011819958,-0.0051066815,0.7043143,0.71633524,-7.848939e-10,2.6020643e-09,0.6977563,1
2394038061,2394037441,0.7099094,-0.001189495,-0.0051937257,0.7042729,0.71633524,-7.848939e-10,2.6020643e-09,0.6977563,1
2394043017,2394042474,0.7099096,-0.0012003013,-0.005212906,0.7042725,0.71633524,-7.848939e-10,2.6020643e-09,0.6977563,1
2394058316,2394057732,0.7099697,-0.0013715026,-0.005405723,0.7042102,0.71633524,-7.848939e-10,2.6020643e-09,0.6977563,1
2394063353,2394062745,0.7100228,-0.0014324812,-0.005481397,0.704156,0.71633524,-7.848939e-10,2.6020643e-09,0.6977563,1
2394073418,2394072869,0.7100893,-0.0014964923,-0.0056450204,0.70408744,0.71633524,-7.848939e-10,2.6020643e-09,0.6977563,1
2394078610,2394077904,0.7101369,-0.001537432,-0.0057066795,0.70403886,0.71633524,-7.848939e-10,2.6020643e-09,0.6977563,1
2394083585,2394082901,0.7102349,-0.0015516492,-0.0057766684,0.70393944,0.71633524,-7.848939e-10,2.6020643e-09,0.6977563,1
2394093715,2394093207,0.71018666,-0.0016633077,-0.0057782177,0.7039878,0.71633524,-7.848939e-10,2.6020643e-09,0.6977563,1
2394098987,2394098011,0.7102745,-0.0016796446,-0.0057989485,0.7038989,0.71633524,-7.848939e-10,2.6020643e-09,0.6977563,1
2394103827,2394103174,0.7102439,-0.0017137708,-0.005806614,0.7039297,0.71633524,-7.848939e-10,2.6020643e-09,0.6977563,1
2394108892,2394108323,0.71027434,-0.0017236866,-0.0058109476,0.7038989,0.71633524,-7.848939e-10,2.6020643e-09,0.6977563,1
2394120671,2394118290,0.71032864,-0.0017825504,-0.005799797,0.7038441,0.71633524,-7.848939e-10,2.6020643e-09,0.6977563,1
2394131117,2394129633,0.7103946,-0.0018142852,-0.0058683446,0.70377684,0.71633524,-7.848939e-10,2.6020643e-09,0.6977563,1
2394135364,2394134756,0.7104306,-0.0017748894,-0.0059304764,0.70374006,0.71633524,-7.848939e-10,2.6020643e-09,0.6977563,1
2394140565,2394139827,0.71046245,-0.0018633077,-0.005912253,0.70370793,0.71633524,-7.848939e-10,2.6020643e-09,0.6977563,1
2394150599,2394144796,0.7105106,-0.001911787,-0.0059319707,0.70365894,0.71633524,-7.848939e-10,2.6020643e-09,0.6977563,1
2394152271,2394151256,0.7105378,-0.0019727447,-0.0059724324,0.703631,0.71633524,-7.848939e-10,2.6020643e-09,0.6977563,1
2394156789,2394156137,0.71058404,-0.0020187234,-0.0060197166,0.7035838,0.71633524,-7.848939e-10,2.6020643e-09,0.6977563,1
2394161822,2394161208,0.7105955,-0.0020616588,-0.006093715,0.7035715,0.71633524,-7.848939e-10,2.6020643e-09,0.6977563,1
2394167064,2394166334,0.71061474,-0.0021260285,-0.0061250688,0.7035516,0.71633524,-7.848939e-10,2.6020643e-09,0.6977563,1
2394177045,2394176393,0.71073985,-0.0021535414,-0.006328887,0.7034232,0.71633524,-7.848939e-10,2.6020643e-09,0.6977563,1
2394185973,2394185230,0.7107345,-0.0021717094,-0.0063348175,0.7034285,0.71633524,-7.848939e-10,2.6020643e-09,0.6977563,1
2394191040,2394190365,0.7108302,-0.002149276,-0.0063910163,0.7033314,0.71633524,-7.848939e-10,2.6020643e-09,0.6977563,1
2394196035,2394195356,0.7108312,-0.002159163,-0.006363175,0.7033305,0.71633524,-7.848939e-10,2.6020643e-09,0.6977563,1
2394201320,2394200432,0.71084124,-0.002196644,-0.0063388613,0.7033205,0.71633524,-7.848939e-10,2.6020643e-09,0.6977563,1
2394210963,2394210560,0.7109463,-0.0022308182,-0.006282067,0.7032147,0.71633524,-7.848939e-10,2.6020643e-09,0.6977563,1
2394216237,2394215644,0.7108897,-0.0022488085,-0.006275699,0.7032719,0.71633524,-7.848939e-10,2.6020643e-09,0.6977563,1
2394221244,2394220611,0.7109212,-0.0022356377,-0.0062647704,0.7032403,0.71633524,-7.848939e-10,2.6020643e-09,0.6977563,1
2394231385,2394230863,0.7109954,-0.0021608556,-0.006247083,0.7031656,0.71633524,-7.848939e-10,2.6020643e-09,0.6977563,1
2394241692,2394235924,0.7110271,-0.0021172857,-0.006256086,0.7031336,0.71633524,-7.848939e-10,2.6020643e-09,0.6977563,1
2394242531,2394242061,0.7110089,-0.0020851407,-0.0063091037,0.70315164,0.71633524,-7.848939e-10,2.6020643e-09,0.6977563,1
2394247779,2394247179,0.71106523,-0.0020450877,-0.006324184,0.7030947,0.71633524,-7.848939e-10,2.6020643e-09,0.6977563,1
2394258151,2394257444,0.71109426,-0.0021062747,-0.0063670743,0.7030648,0.71633524,-7.848939e-10,2.6020643e-09,0.6977563,1
2394262973,2394262287,0.71111125,-0.002134868,-0.0063641043,0.7030475,0.71633524,-7.848939e-10,2.6020643e-09,0.6977563,1
2394268023,2394267371,0.7111315,-0.0022331702,-0.006353055,0.7030268,0.71633524,-7.848939e-10,2.6020643e-09,0.6977563,1
2394273059,2394272443,0.71114844,-0.0023080509,-0.0063431426,0.7030095,0.71633524,-7.848939e-10,2.6020643e-09,0.6977563,1
2394283107,2394277427,0.7111776,-0.002266686,-0.0063684676,0.70298,0.71633524,-7.848939e-10,2.6020643e-09,0.6977563,1
2394284191,2394283735,0.71121824,-0.002378221,-0.006323437,0.7029389,0.71633524,-7.848939e-10,2.6020643e-09,0.6977563,1
2394289465,2394288875,0.71120954,-0.0023257053,-0.0063696615,0.7029474,0.71633524,-7.848939e-10,2.6020643e-09,0.6977563,1
2394298192,2394293871,0.7112226,-0.0023948608,-0.0063193575,0.70293444,0.71633524,-7.848939e-10,2.6020643e-09,0.6977563,1
2394300434,2394299888,0.71130216,-0.0023560673,-0.0063714557,0.70285356,0.71633524,-7.848939e-10,2.6020643e-09,0.6977563,1
2394304563,2394304006,0.7112876,-0.0023418844,-0.006365954,0.70286834,0.71633524,-7.848939e-10,2.6020643e-09,0.6977563,1
2394309630,2394309066,0.71123075,-0.0023961063,-0.0062848646,0.70292646,0.71633524,-7.848939e-10,2.6020643e-09,0.6977563,1
2394320677,2394319874,0.7112677,-0.0023350692,-0.0062616346,0.70288944,0.71633524,-7.848939e-10,2.6020643e-09,0.6977563,1
2394324842,2394324187,0.7112528,-0.002333002,-0.006224114,0.7029049,0.71633524,-7.848939e-10,2.6020643e-09,0.6977563,1
2394336521,2394335864,0.7113628,-0.002296607,-0.0062068827,0.7027939,0.71633524,-7.848939e-10,2.6020643e-09,0.6977563,1
2394341168,2394340587,0.71141064,-0.0022800216,-0.006164223,0.7027459,0.71633524,-7.848939e-10,2.6020643e-09,0.6977563,1
2394354022,2394352007,0.7114201,-0.0022652997,-0.006135786,0.70273656,0.71633524,-7.848939e-10,2.6020643e-09,0.6977563,1
2394357610,2394357091,0.7114896,-0.0023128027,-0.0060785585,0.7026666,0.71633524,-7.848939e-10,2.6020643e-09,0.6977563,1
2394362835,2394362285,0.71147555,-0.0022770732,-0.006140865,0.7026804,0.71633524,-7.848939e-10,2.6020643e-09,0.6977563,1
2394367788,2394367157,0.71152335,-0.0022759745,-0.006129317,0.7026321,0.71633524,-7.848939e-10,2.6020643e-09,0.6977563,1
2394372883,2394372216,0.71164125,-0.0022846307,-0.006080954,0.7025131,0.71633524,-7.848939e-10,2.6020643e-09,0.6977563,1
2394388267,2394386070,0.7117135,-0.0021978603,-0.0060688504,0.7024403,0.71633524,-7.848939e-10,2.6020643e-09,0.6977563,1
2394391719,2394391085,0.7117422,-0.0021977508,-0.006039905,0.7024114,0.71633524,-7.848939e-10,2.6020643e-09,0.6977563,1
2394402015,2394399988,0.7117797,-0.0022065744,-0.006018221,0.70237356,0.71633524,-7.848939e-10,2.6020643e-09,0.6977563,1
2394405531,2394404986,0.7117821,-0.002170221,-0.005983865,0.70237154,0.71633524,-7.848939e-10,2.6020643e-09,0.6977563,1
2394414499,2394413871,0.71175826,-0.0022312107,-0.0058568884,0.7023965,0.71633524,-7.848939e-10,2.6020643e-09,0.6977563,1
2394424688,2394418899,0.71180433,-0.0021896,-0.0058364966,0.7023502,0.71633524,-7.848939e-10,2.6020643e-09,0.6977563,1
2394426763,2394423988,0.7117896,-0.0021217812,-0.0058112354,0.70236546,0.71633524,-7.848939e-10,2.6020643e-09,0.6977563,1
2394429645,2394429042,0.7117294,-0.0021777132,-0.005694724,0.7024273,0.71633524,-7.848939e-10,2.6020643e-09,0.6977563,1
2394438950,2394437842,0.7117673,-0.0020451476,-0.0056436816,0.7023898,0.71633524,-7.848939e-10,2.6020643e-09,0.6977563,1
2394447341,2394446719,0.7117508,-0.0019104441,-0.0055375164,0.7024077,0.71633524,-7.848939e-10,2.6020643e-09,0.6977563,1
2394457452,2394456806,0.7117056,-0.0018297714,-0.005310544,0.7024554,0.71633524,-7.848939e-10,2.6020643e-09,0.6977563,1
2394462515,2394461874,0.71170247,-0.001766772,-0.005167086,0.7024598,0.71633524,-7.848939e-10,2.6020643e-09,0.6977563,1
2394467645,2394466995,0.7116194,-0.0017298253,-0.005020073,0.70254517,0.71633524,-7.848939e-10,2.6020643e-09,0.6977563,1
2394472672,2394472110,0.7116295,-0.0016500633,-0.0049037966,0.7025359,0.71633524,-7.848939e-10,2.6020643e-09,0.6977563,1
2394477896,2394477196,0.71161216,-0.0016029784,-0.004741304,0.70255476,0.71633524,-7.848939e-10,2.6020643e-09,0.6977563,1
2394482580,2394482047,0.71156484,-0.0015047396,-0.00466843,0.7026034,0.71633524,-7.848939e-10,2.6020643e-09,0.6977563,1
2394492615,2394492223,0.7115453,-0.0013339019,-0.004510815,0.7026246,0.71633524,-7.848939e-10,2.6020643e-09,0.6977563,1
2394502860,2394502276,0.71141,-0.0010767941,-0.004496518,0.7027621,0.71633524,-7.848939e-10,2.6020643e-09,0.6977563,1
2394514130,2394513693,0.71136504,-0.00082715193,-0.00441603,0.70280844,0.71633524,-7.848939e-10,2.6020643e-09,0.6977563,1
2394519359,2394518753,0.7113663,-0.0007296039,-0.004353207,0.70280766,0.71633524,-7.848939e-10,2.6020643e-09,0.6977563,1
2394529516,2394523742,0.7113385,-0.00065192947,-0.0042796256,0.70283633,0.71633524,-7.848939e-10,2.6020643e-09,0.6977563,1
2394534387,2394533831,0.7112509,-0.00046515526,-0.004065077,0.7029264,0.71633524,-7.848939e-10,2.6020643e-09,0.6977563,1
2394543279,2394542725,0.7112365,-0.00033638676,-0.0038354485,0.70294225,0.71633524,-7.848939e-10,2.6020643e-09,0.6977563,1
2394552067,2394551488,0.711214,-0.0001801638,-0.003639719,0.7029661,0.71633524,-7.848939e-10,2.6020643e-09,0.6977563,1
2394562238,2394561636,0.7111114,-8.0628095e-05,-0.0032851445,0.7030717,0.71633524,-7.848939e-10,2.6020643e-09,0.6977563,1
2394572402,2394566691,0.71111846,1.8779232e-05,-0.003199542,0.7030649,0.71633524,-7.848939e-10,2.6020643e-09,0.6977563,1
2394574425,2394573384,0.7110366,0.00014144123,-0.003011443,0.7031486,0.71633524,-7.848939e-10,2.6020643e-09,0.6977563,1
2394587666,2394587127,0.7109421,0.00051815493,-0.0026837694,0.7032452,0.71633524,-7.848939e-10,2.6020643e-09,0.6977563,1
2394592563,2394592048,0.7108654,0.0006467949,-0.0025746278,0.7033231,0.71633524,-7.848939e-10,2.6020643e-09,0.6977563,1
2394597566,2394597015,0.7108794,0.0008106348,-0.002472468,0.7033092,0.71633524,-7.848939e-10,2.6020643e-09,0.6977563,1
2394608580,2394607368,0.7107851,0.0010843066,-0.002235236,0.70340484,0.71633524,-7.848939e-10,2.6020643e-09,0.6977563,1
2394617992,2394617225,0.71080416,0.0012830573,-0.0020472147,0.7033859,0.71633524,-7.848939e-10,2.6020643e-09,0.6977563,1
2394622949,2394622296,0.71069425,0.0013492198,-0.0019558154,0.703497,0.71633524,-7.848939e-10,2.6020643e-09,0.6977563,1
2394627861,2394627342,0.7106996,0.0014483839,-0.0018980356,0.7034916,0.71633524,-7.848939e-10,2.6020643e-09,0.6977563,1
2394633060,2394632410,0.71075386,0.0014663062,-0.0018151335,0.7034369,0.71633524,-7.848939e-10,2.6020643e-09,0.6977563,1
2394641829,2394637507,0.71071684,0.0015209003,-0.0017417468,0.7034744,0.71633524,-7.848939e-10,2.6020643e-09,0.6977563,1
2394643829,2394642567,0.71066463,0.0016015513,-0.0017358301,0.703527,0.71633524,-7.848939e-10,2.6020643e-09,0.6977563,1
2394648519,2394647909,0.7107281,0.0016020726,-0.0015981393,0.7034632,0.71633524,-7.848939e-10,2.6020643e-09,0.6977563,1
2394653178,2394652563,0.7107484,0.0016194142,-0.0015109781,0.70344293,0.71633524,-7.848939e-10,2.6020643e-09,0.6977563,1
2394668305,2394667719,0.7107055,0.0017523221,-0.0012339352,0.7034863,0.71633524,-7.848939e-10,2.6020643e-09,0.6977563,1
2394677182,2394672894,0.7106722,0.0018241297,-0.0011442135,0.70352006,0.71633524,-7.848939e-10,2.6020643e-09,0.6977563,1
2394678791,2394677946,0.71066517,0.0019009474,-0.0010300615,0.70352715,0.71633524,-7.848939e-10,2.6020643e-09,0.6977563,1
2394683466,2394682886,0.7106695,0.0019057278,-0.00089619454,0.703523,0.71633524,-7.848939e-10,2.6020643e-09,0.6977563,1
2394693397,2394693012,0.7106403,0.002085089,-0.00073247496,0.70355207,0.71633524,-7.848939e-10,2.6020643e-09,0.6977563,1
2394698798,2394698082,0.7106337,0.0020779239,-0.00056914147,0.703559,0.71633524,-7.848939e-10,2.6020643e-09,0.6977563,1
2394703651,2394703097,0.710645,0.002138517,-0.0005095026,0.7035474,0.71633524,-7.848939e-10,2.6020643e-09,0.6977563,1
2394708792,2394708174,0.7106265,0.0022344652,-0.00041893282,0.7035659,0.71633524,-7.848939e-10,2.6020643e-09,0.6977563,1
2394717650,2394713414,0.7105894,0.0022783375,-0.00030122153,0.70360315,0.71633524,-7.848939e-10,2.6020643e-09,0.6977563,1
2394723890,2394723383,0.7106275,0.002470504,-0.00019234204,0.7035641,0.71633524,-7.848939e-10,2.6020643e-09,0.6977563,1
2394732895,2394728451,0.71056837,0.0025124953,-6.8168134e-05,0.70362365,0.71633524,-7.848939e-10,2.6020643e-09,0.6977563,1
2394739243,2394738496,0.7105771,0.0023835136,-0.00023248201,0.70361537,0.71633524,-7.848939e-10,2.6020643e-09,0.6977563,1
2394744258,2394743650,0.7104609,0.0018270893,-0.0007491272,0.703734,0.71633524,-7.848939e-10,2.6020643e-09,0.6977563,1
2394749263,2394748688,0.7102897,0.000838454,-0.001738457,0.7039068,0.71633524,-7.848939e-10,2.6020643e-09,0.6977563,1
2394759299,2394758681,0.70991135,-0.002485025,-0.0053391606,0.7042664,0.71633524,-7.848939e-10,2.6020643e-09,0.6977563,1
2394769423,2394768798,0.7091703,-0.0075544515,-0.011692273,0.70489985,0.71633524,-7.848939e-10,2.6020643e-09,0.6977563,1
2394781019,2394779008,0.7082795,-0.01407579,-0.02114882,0.7054749,0.71633524,-7.848939e-10,2.6020643e-09,0.6977563,1
2394784535,2394783964,0.7078758,-0.01753968,-0.026814254,0.7056099,0.71633524,-7.848939e-10,2.6020643e-09,0.6977563,1
2394793467,2394792799,0.70702255,-0.023933727,-0.03831475,0.7057467,0.71633524,-7.848939e-10,2.6020643e-09,0.6977563,1
2394802463,2394801588,0.70606613,-0.03034439,-0.051256537,0.7056363,0.71633524,-7.848939e-10,2.6020643e-09,0.6977563,1
2394812262,2394811781,0.7048799,-0.03759823,-0.067386195,0.7051169,0.71633524,-7.848939e-10,2.6020643e-09,0.6977563,1
2394822528,2394820581,0.7037593,-0.04369295,-0.08149254,0.7043953,0.71633524,-7.848939e-10,2.6020643e-09,0.6977563,1
2394826217,2394825687,0.70307297,-0.0470323,-0.0895414,0.70388836,0.71633524,-7.848939e-10,2.6020643e-09,0.6977563,1
2394836232,2394835827,0.70159656,-0.053529035,-0.104622796,0.7028165,0.71633524,-7.848939e-10,2.6020643e-09,0.6977563,1
2394845232,2394844634,0.700225,-0.058880642,-0.11656818,0.70187604,0.71633524,-7.848939e-10,2.6020643e-09,0.6977563,1
2394850221,2394849644,0.69951963,-0.061822426,-0.12278779,0.7012657,0.71633524,-7.848939e-10,2.6020643e-09,0.6977563,1
2394859074,2394854831,0.6987618,-0.06486227,-0.12875323,0.70067644,0.71633524,-7.848939e-10,2.6020643e-09,0.6977563,1
2394865417,2394864785,0.697348,-0.07026839,-0.13898203,0.6996086,0.71633524,-7.848939e-10,2.6020643e-09,0.6977563,1
2394874311,2394872678,0.6963842,-0.0743712,-0.14595997,0.6987229,0.71633524,-7.848939e-10,2.6020643e-09,0.6977563,1
2394877852,2394877413,0.69585884,-0.07670204,-0.14965236,0.6982131,0.71633524,-7.848939e-10,2.6020643e-09,0.6977563,1
2394886958,2394882502,0.6953314,-0.0790224,-0.1532975,0.6976888,0.71633524,-7.848939e-10,2.6020643e-09,0.6977563,1
2394893567,2394891373,0.69441855,-0.08295836,-0.15860951,0.69695324,0.71633524,-7.848939e-10,2.6020643e-09,0.6977563,1
2394897244,2394896574,0.6939407,-0.08517013,-0.1612777,0.69655,0.71633524,-7.848939e-10,2.6020643e-09,0.6977563,1
2394902280,2394901499,0.69355416,-0.08710847,-0.16350725,0.69617534,0.71633524,-7.848939e-10,2.6020643e-09,0.6977563,1
2394907259,2394906642,0.69310135,-0.08916507,-0.16554554,0.6958842,0.71633524,-7.848939e-10,2.6020643e-09,0.6977563,1
2394912033,2394911554,0.6927625,-0.09102031,-0.16729076,0.695564,0.71633524,-7.848939e-10,2.6020643e-09,0.6977563,1
2394917092,2394916560,0.69243395,-0.09289872,-0.16887026,0.69526106,0.71633524,-7.848939e-10,2.6020643e-09,0.6977563,1
2394925987,2394921672,0.6920646,-0.09481848,-0.17031999,0.69501597,0.71633524,-7.848939e-10,2.6020643e-09,0.6977563,1
2394932426,2394926838,0.6917283,-0.096727714,-0.17165476,0.69475925,0.71633524,-7.848939e-10,2.6020643e-09,0.6977563,1
2394933465,2394933039,0.69130033,-0.09905403,-0.17312433,0.69449276,0.71633524,-7.848939e-10,2.6020643e-09,0.6977563,1
2394943766,2394943214,0.69064397,-0.102928214,-0.17532846,0.69402933,0.71633524,-7.848939e-10,2.6020643e-09,0.6977563,1
2394953787,2394948136,0.6903254,-0.10480698,-0.17631197,0.6938159,0.71633524,-7.848939e-10,2.6020643e-09,0.6977563,1
2394958871,2394958332,0.68976015,-0.108697414,-0.17813624,0.69331336,0.71633524,-7.848939e-10,2.6020643e-09,0.6977563,1
2394969072,2394968357,0.68920565,-0.11239368,-0.17954877,0.69291097,0.71633524,-7.848939e-10,2.6020643e-09,0.6977563,1
2394974132,2394973434,0.6889412,-0.11418368,-0.18011555,0.6927342,0.71633524,-7.848939e-10,2.6020643e-09,0.6977563,1
2394979168,2394978543,0.68868154,-0.1159264,-0.18049386,0.6926044,0.71633524,-7.848939e-10,2.6020643e-09,0.6977563,1
2394989823,2394988935,0.688269,-0.11937303,-0.18089592,0.69232404,0.71633524,-7.848939e-10,2.6020643e-09,0.6977563,1
2395001314,2395000025,0.6879419,-0.12285523,-0.18056476,0.69212645,0.71633524,-7.848939e-10,2.6020643e-09,0.6977563,1
2395005637,2395004964,0.68780625,-0.12438791,-0.18021795,0.6920779,0.71633524,-7.848939e-10,2.6020643e-09,0.6977563,1
2395014513,2395013953,0.68766284,-0.12694465,-0.17919452,0.69202185,0.71633524,-7.848939e-10,2.6020643e-09,0.6977563,1
2395024551,2395023972,0.6875388,-0.12968805,-0.17761941,0.69204247,0.71633524,-7.848939e-10,2.6020643e-09,0.6977563,1
2395034617,2395034169,0.68746597,-0.13225602,-0.17557557,0.6921504,0.71633524,-7.848939e-10,2.6020643e-09,0.6977563,1
2395043483,2395039119,0.68745965,-0.13339426,-0.17444584,0.69222397,0.71633524,-7.848939e-10,2.6020643e-09,0.6977563,1
2395049922,2395044281,0.6874519,-0.13454837,-0.17320238,0.69232047,0.71633524,-7.848939e-10,2.6020643e-09,0.6977563,1
2395051743,2395050638,0.6874703,-0.13589561,-0.1714876,0.6924659,0.71633524,-7.848939e-10,2.6020643e-09,0.6977563,1
2395056111,2395055574,0.6874865,-0.13685814,-0.17008646,0.6926058,0.71633524,-7.848939e-10,2.6020643e-09,0.6977563,1
2395065042,2395064468,0.68758744,-0.13850649,-0.16723365,0.69287264,0.71633524,-7.848939e-10,2.6020643e-09,0.6977563,1
2395070101,2395069536,0.68764603,-0.13927387,-0.16550806,0.693075,0.71633524,-7.848939e-10,2.6020643e-09,0.6977563,1
2395080553,2395079613,0.6877921,-0.14071405,-0.16174854,0.69352657,0.71633524,-7.848939e-10,2.6020643e-09,0.6977563,1
2395085204,2395084676,0.6878574,-0.14130645,-0.15970469,0.693815,0.71633524,-7.848939e-10,2.6020643e-09,0.6977563,1
2395090309,2395089723,0.68799055,-0.14184693,-0.1576341,0.69404614,0.71633524,-7.848939e-10,2.6020643e-09,0.6977563,1
2395095231,2395094715,0.68810576,-0.14219783,-0.15548125,0.69434565,0.71633524,-7.848939e-10,2.6020643e-09,0.6977563,1
2395100332,2395099765,0.688232,-0.14256454,-0.15321372,0.6946494,0.71633524,-7.848939e-10,2.6020643e-09,0.6977563,1
2395105335,2395104799,0.6884023,-0.14274582,-0.15094256,0.69494057,0.71633524,-7.848939e-10,2.6020643e-09,0.6977563,1
2395114351,2395109901,0.6885297,-0.1428719,-0.14850517,0.6953135,0.71633524,-7.848939e-10,2.6020643e-09,0.6977563,1
2395116250,2395115395,0.68872494,-0.14285655,-0.14587303,0.6956803,0.71633524,-7.848939e-10,2.6020643e-09,0.6977563,1
2395120531,2395120048,0.6888549,-0.14276709,-0.14354761,0.6960536,0.71633524,-7.848939e-10,2.6020643e-09,0.6977563,1
2395131762,2395131302,0.68921596,-0.14224122,-0.13775903,0.69697297,0.71633524,-7.848939e-10,2.6020643e-09,0.6977563,1
2395136948,2395136379,0.68940485,-0.14179917,-0.13500668,0.6974147,0.71633524,-7.848939e-10,2.6020643e-09,0.6977563,1
2395141940,2395141436,0.6895667,-0.14136097,-0.13228002,0.6978659,0.71633524,-7.848939e-10,2.6020643e-09,0.6977563,1
2395146968,2395146471,0.6897687,-0.14076482,-0.12948465,0.6983109,0.71633524,-7.848939e-10,2.6020643e-09,0.6977563,1
2395152047,2395151553,0.6899178,-0.14012337,-0.12660222,0.698821,0.71633524,-7.848939e-10,2.6020643e-09,0.6977563,1
2395157198,2395156607,0.69014245,-0.13936445,-0.12377872,0.6992566,0.71633524,-7.848939e-10,2.6020643e-09,0.6977563,1
2395162155,2395161652,0.6903018,-0.13851336,-0.120852575,0.69978017,0.71633524,-7.848939e-10,2.6020643e-09,0.6977563,1
2395171108,2395166818,0.69051325,-0.13758601,-0.1179148,0.70025545,0.71633524,-7.848939e-10,2.6020643e-09,0.6977563,1
2395177303,2395171777,0.69068426,-0.13652991,-0.11500628,0.70077705,0.71633524,-7.848939e-10,2.6020643e-09,0.6977563,1
2395179085,2395176810,0.6908569,-0.13541248,-0.112053804,0.7013019,0.71633524,-7.848939e-10,2.6020643e-09,0.6977563,1
2395182601,2395181994,0.6910817,-0.13412614,-0.10897311,0.70181286,0.71633524,-7.848939e-10,2.6020643e-09,0.6977563,1
2395192756,2395192150,0.69142646,-0.13146758,-0.102881975,0.70289475,0.71633524,-7.848939e-10,2.6020643e-09,0.6977563,1
2395201458,2395197031,0.69157237,-0.1301096,-0.0999792,0.7034227,0.71633524,-7.848939e-10,2.6020643e-09,0.6977563,1
2395202735,2395202280,0.69175863,-0.12853172,-0.096764795,0.70397896,0.71633524,-7.848939e-10,2.6020643e-09,0.6977563,1
2395207937,2395207319,0.691935,-0.12701608,-0.09373332,0.70449054,0.71633524,-7.848939e-10,2.6020643e-09,0.6977563,1
2395212813,2395212222,0.69207793,-0.12539133,-0.09074224,0.7050326,0.71633524,-7.848939e-10,2.6020643e-09,0.6977563,1
2395222829,2395222341,0.6923726,-0.12197136,-0.08466323,0.70609874,0.71633524,-7.848939e-10,2.6020643e-09,0.6977563,1
2395228031,2395227426,0.6924877,-0.12008842,-0.08154514,0.7066753,0.71633524,-7.848939e-10,2.6020643e-09,0.6977563,1
2395238026,2395237461,0.6927238,-0.11633408,-0.07556241,0.70773613,0.71633524,-7.848939e-10,2.6020643e-09,0.6977563,1
2395243016,2395242485,0.69284606,-0.11443431,-0.07263621,0.70823246,0.71633524,-7.848939e-10,2.6020643e-09,0.6977563,1
2395248162,2395247571,0.69292873,-0.112354964,-0.069599845,0.7087891,0.71633524,-7.848939e-10,2.6020643e-09,0.6977563,1
2395260794,2395257647,0.69308466,-0.108222336,-0.063732155,0.7098308,0.71633524,-7.848939e-10,2.6020643e-09,0.6977563,1
2395270649,2395270014,0.69317657,-0.103079334,-0.056521587,0.71111614,0.71633524,-7.848939e-10,2.6020643e-09,0.6977563,1
2395281771,2395280757,0.69322366,-0.09854497,-0.050344564,0.7121765,0.71633524,-7.848939e-10,2.6020643e-09,0.6977563,1
2395291146,2395289203,0.693214,-0.09498274,-0.04556481,0.7129913,0.71633524,-7.848939e-10,2.6020643e-09,0.6977563,1
2395299998,2395299393,0.69316787,-0.09066335,-0.039955564,0.71393424,0.71633524,-7.848939e-10,2.6020643e-09,0.6977563,1
2395305051,2395304430,0.69312483,-0.08852414,-0.037236955,0.71439135,0.71633524,-7.848939e-10,2.6020643e-09,0.6977563,1
2395315053,2395314524,0.69304013,-0.084128246,-0.03182446,0.7152657,0.71633524,-7.848939e-10,2.6020643e-09,0.6977563,1
2395320604,2395319596,0.6929987,-0.0818553,-0.029121816,0.71568465,0.71633524,-7.848939e-10,2.6020643e-09,0.6977563,1
2395325283,2395324733,0.6929465,-0.07956125,-0.026394976,0.71609956,0.71633524,-7.848939e-10,2.6020643e-09,0.6977563,1
2395335302,2395334877,0.6928186,-0.074867,-0.021082647,0.71690506,0.71633524,-7.848939e-10,2.6020643e-09,0.6977563,1
2395344151,2395343578,0.6927197,-0.07077878,-0.016686255,0.71753144,0.71633524,-7.848939e-10,2.6020643e-09,0.6977563,1
2395354199,2395348580,0.6926361,-0.06832933,-0.014134819,0.7179044,0.71633524,-7.848939e-10,2.6020643e-09,0.6977563,1
2395356810,2395356188,0.692467,-0.064658046,-0.010302043,0.71847254,0.71633524,-7.848939e-10,2.6020643e-09,0.6977563,1
2395360774,2395360273,0.6923676,-0.06271695,-0.008313964,0.718766,0.71633524,-7.848939e-10,2.6020643e-09,0.6977563,1
2395365603,2395365015,0.69225085,-0.060440626,-0.006028504,0.7190963,0.71633524,-7.848939e-10,2.6020643e-09,0.6977563,1
2395370688,2395370072,0.69210726,-0.058060404,-0.0036399302,0.71944654,0.71633524,-7.848939e-10,2.6020643e-09,0.6977563,1
2395375758,2395375183,0.6919777,-0.05566575,-0.0013419368,0.71976835,0.71633524,-7.848939e-10,2.6020643e-09,0.6977563,1
2395386411,2395385886,0.69165194,-0.050701734,0.0033188143,0.7204415,0.71633524,-7.848939e-10,2.6020643e-09,0.6977563,1
2395395883,2395390267,0.6914822,-0.048675183,0.0051741055,0.7207333,0.71633524,-7.848939e-10,2.6020643e-09,0.6977563,1
2395398041,2395396783,0.69124997,-0.04572906,0.007824317,0.72112495,0.71633524,-7.848939e-10,2.6020643e-09,0.6977563,1
2395402503,2395401675,0.6910447,-0.043573543,0.009801203,0.72143096,0.71633524,-7.848939e-10,2.6020643e-09,0.6977563,1
2395407345,2395406740,0.69087476,-0.041301753,0.011774852,0.72169775,0.71633524,-7.848939e-10,2.6020643e-09,0.6977563,1
2395412205,2395411737,0.6906478,-0.03912997,0.013730035,0.7220014,0.71633524,-7.848939e-10,2.6020643e-09,0.6977563,1
2395421099,2395416875,0.69048405,-0.036905766,0.015708828,0.7222347,0.71633524,-7.848939e-10,2.6020643e-09,0.6977563,1
2395422368,2395421950,0.6902527,-0.03469814,0.017680531,0.7225197,0.71633524,-7.848939e-10,2.6020643e-09,0.6977563,1
2395431334,2395430728,0.6898813,-0.030873263,0.021044277,0.72295773,0.71633524,-7.848939e-10,2.6020643e-09,0.6977563,1
2395443521,2395442153,0.68940663,-0.025850957,0.025329398,0.7234699,0.71633524,-7.848939e-10,2.6020643e-09,0.6977563,1
2395447751,2395447168,0.68913287,-0.023645317,0.027149031,0.7237401,0.71633524,-7.848939e-10,2.6020643e-09,0.6977563,1
2395456621,2395455994,0.68869734,-0.019767031,0.030266812,0.7241472,0.71633524,-7.848939e-10,2.6020643e-09,0.6977563,1
2395461588,2395461017,0.6884575,-0.017521879,0.031940967,0.7243611,0.71633524,-7.848939e-10,2.6020643e-09,0.6977563,1
2395466768,2395466236,0.6881511,-0.01523588,0.033639092,0.724627,0.71633524,-7.848939e-10,2.6020643e-09,0.6977563,1
2395471624,2395471110,0.6879168,-0.013092684,0.035198655,0.7248173,0.71633524,-7.848939e-10,2.6020643e-09,0.6977563,1
2395482974,2395482526,0.68725336,-0.008194839,0.038681228,0.72534096,0.71633524,-7.848939e-10,2.6020643e-09,0.6977563,1
2395493179,2395492602,0.68668973,-0.003963326,0.041618515,0.7257475,0.71633524,-7.848939e-10,2.6020643e-09,0.6977563,1
2395498188,2395497686,0.6863906,-0.0018915274,0.043007225,0.7259579,0.71633524,-7.848939e-10,2.6020643e-09,0.6977563,1
2395508308,2395507801,0.68580544,0.0023087705,0.045790642,0.7263394,0.71633524,-7.848939e-10,2.6020643e-09,0.6977563,1
2395519543,2395519169,0.6851356,0.006865511,0.048666585,0.7267556,0.71633524,-7.848939e-10,2.6020643e-09,0.6977563,1
2395524760,2395524198,0.6848359,0.008882872,0.049896188,0.72693276,0.71633524,-7.848939e-10,2.6020643e-09,0.6977563,1
2395529804,2395529247,0.6845412,0.010882649,0.05109795,0.7270996,0.71633524,-7.848939e-10,2.6020643e-09,0.6977563,1
2395538641,2395534472,0.68421036,0.012964435,0.05226245,0.72729415,0.71633524,-7.848939e-10,2.6020643e-09,0.6977563,1
2395539801,2395539381,0.6839145,0.014913479,0.05339147,0.72745305,0.71633524,-7.848939e-10,2.6020643e-09,0.6977563,1
2395549041,2395548308,0.6833549,0.018409634,0.055333648,0.7277537,0.71633524,-7.848939e-10,2.6020643e-09,0.6977563,1
2395553978,2395553514,0.6830462,0.020468062,0.056427706,0.7279045,0.71633524,-7.848939e-10,2.6020643e-09,0.6977563,1
2395558880,2395558327,0.68272746,0.02233297,0.057386737,0.7280737,0.71633524,-7.848939e-10,2.6020643e-09,0.6977563,1
2395568934,2395563334,0.682429,0.024234368,0.058318082,0.7282186,0.71633524,-7.848939e-10,2.6020643e-09,0.6977563,1
2395571257,2395570686,0.68196476,0.027011197,0.059682846,0.72844523,0.71633524,-7.848939e-10,2.6020643e-09,0.6977563,1
2395575187,2395574700,0.6816934,0.02853014,0.060396444,0.72858256,0.71633524,-7.848939e-10,2.6020643e-09,0.6977563,1
2395584183,2395579748,0.681375,0.030408831,0.061310813,0.72872794,0.71633524,-7.848939e-10,2.6020643e-09,0.6977563,1
2395590759,2395590155,0.68070996,0.03413951,0.06305348,0.72903556,0.71633524,-7.848939e-10,2.6020643e-09,0.6977563,1
2395595620,2395594920,0.6803994,0.035812378,0.06383679,0.729177,0.71633524,-7.848939e-10,2.6020643e-09,0.6977563,1
2395607984,2395606485,0.6796262,0.03974734,0.06550436,0.7295462,0.71633524,-7.848939e-10,2.6020643e-09,0.6977563,1
2395617181,2395616484,0.67898977,0.043145943,0.06682148,0.7298262,0.71633524,-7.848939e-10,2.6020643e-09,0.6977563,1
2395622291,2395621579,0.6786397,0.04480124,0.06744726,0.7299945,0.71633524,-7.848939e-10,2.6020643e-09,0.6977563,1
2395632301,2395631668,0.67798525,0.04813383,0.06858609,0.7302843,0.71633524,-7.848939e-10,2.6020643e-09,0.6977563,1
2395637275,2395636647,0.6776426,0.04975171,0.06912591,0.730443,0.71633524,-7.848939e-10,2.6020643e-09,0.6977563,1
2395648248,2395647755,0.67684346,0.05334386,0.070226684,0.73082536,0.71633524,-7.848939e-10,2.6020643e-09,0.6977563,1
2395652454,2395651800,0.6765624,0.05459873,0.07058729,0.73095816,0.71633524,-7.848939e-10,2.6020643e-09,0.6977563,1
2395657628,2395657018,0.6762074,0.056257248,0.071036085,0.7311173,0.71633524,-7.848939e-10,2.6020643e-09,0.6977563,1
2395669642,2395666989,0.67552286,0.05921224,0.071827106,0.7314395,0.71633524,-7.848939e-10,2.6020643e-09,0.6977563,1
2395677699,2395677107,0.6747769,0.06209873,0.07256264,0.73181593,0.71633524,-7.848939e-10,2.6020643e-09,0.6977563,1
2395682728,2395682083,0.6744319,0.06354326,0.07284869,0.7319816,0.71633524,-7.848939e-10,2.6020643e-09,0.6977563,1
2395687808,2395687179,0.67406076,0.064982906,0.07316872,0.7321651,0.71633524,-7.848939e-10,2.6020643e-09,0.6977563,1
2395692931,2395692381,0.6736951,0.066386454,0.07341197,0.73235136,0.71633524,-7.848939e-10,2.6020643e-09,0.6977563,1
2395697902,2395697355,0.6733636,0.06775343,0.07361212,0.7325109,0.71633524,-7.848939e-10,2.6020643e-09,0.6977563,1
2395707982,2395707440,0.67261124,0.07041323,0.07404618,0.7329075,0.71633524,-7.848939e-10,2.6020643e-09,0.6977563,1
2395716789,2395713066,0.6722524,0.07190179,0.07422445,0.73307407,0.71633524,-7.848939e-10,2.6020643e-09,0.6977563,1
2395718060,2395717562,0.67190725,0.07300168,0.074338004,0.7332703,0.71633524,-7.848939e-10,2.6020643e-09,0.6977563,1
2395728559,2395727613,0.6712451,0.07542895,0.0744575,0.73361886,0.71633524,-7.848939e-10,2.6020643e-09,0.6977563,1
2395733388,2395732668,0.6708652,0.07659136,0.07447814,0.73384386,0.71633524,-7.848939e-10,2.6020643e-09,0.6977563,1
2395743440,2395742788,0.6705336,0.077749774,0.07436479,0.7340365,0.71633524,-7.848939e-10,2.6020643e-09,0.6977563,1
2395752140,2395751548,0.66986555,0.079477124,0.074134156,0.7344847,0.71633524,-7.848939e-10,2.6020643e-09,0.6977563,1
2395760985,2395760446,0.6693352,0.08122804,0.07372127,0.73481816,0.71633524,-7.848939e-10,2.6020643e-09,0.6977563,1
2395771006,2395770523,0.66868657,0.083152406,0.07324341,0.7352411,0.71633524,-7.848939e-10,2.6020643e-09,0.6977563,1
2395776208,2395775586,0.6684156,0.084089145,0.072979674,0.7354071,0.71633524,-7.848939e-10,2.6020643e-09,0.6977563,1
2395784954,2395784399,0.66786146,0.08573027,0.072538376,0.7357646,0.71633524,-7.848939e-10,2.6020643e-09,0.6977563,1
2395790110,2395789542,0.6674393,0.08661231,0.072260015,0.7360717,0.71633524,-7.848939e-10,2.6020643e-09,0.6977563,1
2395799093,2395794800,0.66715115,0.087531686,0.07196345,0.7362532,0.71633524,-7.848939e-10,2.6020643e-09,0.6977563,1
2395800981,2395799669,0.666835,0.08835925,0.07169146,0.73646724,0.71633524,-7.848939e-10,2.6020643e-09,0.6977563,1
2395805424,2395804590,0.6664813,0.08913282,0.07144302,0.7367183,0.71633524,-7.848939e-10,2.6020643e-09,0.6977563,1
2395810395,2395809782,0.6661961,0.08988768,0.07108588,0.73691916,0.71633524,-7.848939e-10,2.6020643e-09,0.6977563,1
2395815389,2395814767,0.6658446,0.09061307,0.07081362,0.73717415,0.71633524,-7.848939e-10,2.6020643e-09,0.6977563,1
2395820432,2395819849,0.66542757,0.09130021,0.07049574,0.7374963,0.71633524,-7.848939e-10,2.6020643e-09,0.6977563,1
2395830600,2395824875,0.6651301,0.09200067,0.0701448,0.7377111,0.71633524,-7.848939e-10,2.6020643e-09,0.6977563,1
2395835532,2395829920,0.6648069,0.092677124,0.06976618,0.7379536,0.71633524,-7.848939e-10,2.6020643e-09,0.6977563,1
2395836819,2395836305,0.66438496,0.0934912,0.06922978,0.7382813,0.71633524,-7.848939e-10,2.6020643e-09,0.6977563,1
2395847020,2395846434,0.66370326,0.094791174,0.06833162,0.7388122,0.71633524,-7.848939e-10,2.6020643e-09,0.6977563,1
2395852109,2395851444,0.66343665,0.09541298,0.067796886,0.7390209,0.71633524,-7.848939e-10,2.6020643e-09,0.6977563,1
2395862343,2395856570,0.6631571,0.096011505,0.06726213,0.73924303,0.71633524,-7.848939e-10,2.6020643e-09,0.6977563,1
2395867099,2395866569,0.6625661,0.097151615,0.06614248,0.7397249,0.71633524,-7.848939e-10,2.6020643e-09,0.6977563,1
2395872267,2395871646,0.6623272,0.09773516,0.06556283,0.73991364,0.71633524,-7.848939e-10,2.6020643e-09,0.6977563,1
2395877241,2395876646,0.6620231,0.09820518,0.06498986,0.74017394,0.71633524,-7.848939e-10,2.6020643e-09,0.6977563,1
2395887472,2395886836,0.6615061,0.099167004,0.063778065,0.7406133,0.71633524,-7.848939e-10,2.6020643e-09,0.6977563,1
2395892347,2395891819,0.6612326,0.099538565,0.063223585,0.74085516,0.71633524,-7.848939e-10,2.6020643e-09,0.6977563,1
2395897448,2395896874,0.66091937,0.099819064,0.06264049,0.74114645,0.71633524,-7.848939e-10,2.6020643e-09,0.6977563,1
2395909899,2395908420,0.6603775,0.10047348,0.061174713,0.7416632,0.71633524,-7.848939e-10,2.6020643e-09,0.6977563,1
2395913786,2395913230,0.6601125,0.10069941,0.060504787,0.74192345,0.71633524,-7.848939e-10,2.6020643e-09,0.6977563,1
2395922918,2395918835,0.65993905,0.10096277,0.05979419,0.7420995,0.71633524,-7.848939e-10,2.6020643e-09,0.6977563,1
2395924021,2395923454,0.65974426,0.10111499,0.059168234,0.7423021,0.71633524,-7.848939e-10,2.6020643e-09,0.6977563,1
2395929318,2395928687,0.6594583,0.10134026,0.058393866,0.7425868,0.71633524,-7.848939e-10,2.6020643e-09,0.6977563,1
2395934092,2395933471,0.65926546,0.101485215,0.05768235,0.7427938,0.71633524,-7.848939e-10,2.6020643e-09,0.6977563,1
2395944007,2395943623,0.65899444,0.10170898,0.056163497,0.7431201,0.71633524,-7.848939e-10,2.6020643e-09,0.6977563,1
2395955520,2395955042,0.6585495,0.101943165,0.054240093,0.74362504,0.71633524,-7.848939e-10,2.6020643e-09,0.6977563,1
2395964553,2395963913,0.6580688,0.10203283,0.05274913,0.74414533,0.71633524,-7.848939e-10,2.6020643e-09,0.6977563,1
2395969435,2395968838,0.65797234,0.10198176,0.051920444,0.74429595,0.71633524,-7.848939e-10,2.6020643e-09,0.6977563,1
2395978469,2395977716,0.65785986,0.101805426,0.050471317,0.7445192,0.71633524,-7.848939e-10,2.6020643e-09,0.6977563,1
2395983447,2395982893,0.65769005,0.1017323,0.049600914,0.7447377,0.71633524,-7.848939e-10,2.6020643e-09,0.6977563,1
2395993491,2395992948,0.657546,0.10141478,0.047928844,0.7450176,0.71633524,-7.848939e-10,2.6020643e-09,0.6977563,1
2396003630,2395997923,0.65745777,0.101212695,0.04710467,0.7451755,0.71633524,-7.848939e-10,2.6020643e-09,0.6977563,1
2396008677,2396008049,0.6572968,0.10073404,0.045315508,0.7454933,0.71633524,-7.848939e-10,2.6020643e-09,0.6977563,1
2396017453,2396016845,0.65725064,0.10019877,0.043762162,0.7456988,0.71633524,-7.848939e-10,2.6020643e-09,0.6977563,1
2396026503,2396025712,0.65722066,0.09954004,0.04209714,0.7459093,0.71633524,-7.848939e-10,2.6020643e-09,0.6977563,1
2396035195,2396030938,0.6572027,0.09913977,0.04107688,0.7460353,0.71633524,-7.848939e-10,2.6020643e-09,0.6977563,1
2396036892,2396035764,0.657256,0.0987546,0.04010805,0.74609214,0.71633524,-7.848939e-10,2.6020643e-09,0.6977563,1
2396046494,2396045941,0.65733606,0.09788791,0.03814089,0.74623895,0.71633524,-7.848939e-10,2.6020643e-09,0.6977563,1
2396056884,2396055951,0.6574039,0.09692211,0.036073294,0.7464081,0.71633524,-7.848939e-10,2.6020643e-09,0.6977563,1
2396061753,2396061120,0.6574941,0.09636505,0.035094574,0.7464474,0.71633524,-7.848939e-10,2.6020643e-09,0.6977563,1
2396066895,2396066267,0.6575123,0.09572895,0.034058493,0.7465612,0.71633524,-7.848939e-10,2.6020643e-09,0.6977563,1
2396078940,2396077578,0.6577106,0.094259694,0.03184843,0.74667096,0.71633524,-7.848939e-10,2.6020643e-09,0.6977563,1
2396083231,2396082558,0.6577451,0.09359663,0.030819584,0.7467671,0.71633524,-7.848939e-10,2.6020643e-09,0.6977563,1
2396092074,2396091458,0.65791935,0.09240917,0.029026171,0.7468334,0.71633524,-7.848939e-10,2.6020643e-09,0.6977563,1
2396104041,2396103501,0.6581361,0.0908426,0.02662343,0.7469241,0.71633524,-7.848939e-10,2.6020643e-09,0.6977563,1
2396108588,2396107880,0.6582691,0.090270706,0.025789104,0.7469056,0.71633524,-7.848939e-10,2.6020643e-09,0.6977563,1
2396118600,2396116645,0.65846246,0.089094654,0.02412998,0.74693185,0.71633524,-7.848939e-10,2.6020643e-09,0.6977563,1
2396122143,2396121729,0.65856284,0.08839985,0.02315461,0.74695677,0.71633524,-7.848939e-10,2.6020643e-09,0.6977563,1
2396127222,2396126699,0.65866244,0.087694004,0.022224935,0.74698037,0.71633524,-7.848939e-10,2.6020643e-09,0.6977563,1
2396140191,2396139583,0.6590265,0.085629135,0.019845195,0.7469658,0.71633524,-7.848939e-10,2.6020643e-09,0.6977563,1
2396143809,2396143187,0.6591501,0.08502499,0.019188363,0.7469429,0.71633524,-7.848939e-10,2.6020643e-09,0.6977563,1
2396152954,2396151985,0.65947413,0.08342026,0.017639637,0.74687606,0.71633524,-7.848939e-10,2.6020643e-09,0.6977563,1
2396157639,2396157095,0.659625,0.082529984,0.016702183,0.74686325,0.71633524,-7.848939e-10,2.6020643e-09,0.6977563,1
2396169026,2396168539,0.6599995,0.0804487,0.014689044,0.74680185,0.71633524,-7.848939e-10,2.6020643e-09,0.6977563,1
2396174283,2396173757,0.6601508,0.07956658,0.013810039,0.7467794,0.71633524,-7.848939e-10,2.6020643e-09,0.6977563,1
2396179219,2396178586,0.6603335,0.07871077,0.012990342,0.7467232,0.71633524,-7.848939e-10,2.6020643e-09,0.6977563,1
2396184236,2396183585,0.6605384,0.07780035,0.012186797,0.746651,0.71633524,-7.848939e-10,2.6020643e-09,0.6977563,1
2396193006,2396188655,0.66072303,0.076920584,0.011367119,0.74659175,0.71633524,-7.848939e-10,2.6020643e-09,0.6977563,1
2396195307,2396193706,0.66092515,0.07598272,0.010566773,0.7465205,0.71633524,-7.848939e-10,2.6020643e-09,0.6977563,1
2396206780,2396206169,0.66145015,0.07368894,0.008688339,0.74630976,0.71633524,-7.848939e-10,2.6020643e-09,0.6977563,1
2396215936,2396215164,0.6618677,0.07194621,0.0074067465,0.74612343,0.71633524,-7.848939e-10,2.6020643e-09,0.6977563,1
2396224651,2396224049,0.6622107,0.07022124,0.0061494308,0.74599475,0.71633524,-7.848939e-10,2.6020643e-09,0.6977563,1
2396233552,2396229468,0.6624118,0.06912851,0.005414753,0.745924,0.71633524,-7.848939e-10,2.6020643e-09,0.6977563,1
2396235994,2396235390,0.66276205,0.06795517,0.004609622,0.7457261,0.71633524,-7.848939e-10,2.6020643e-09,0.6977563,1
2396239801,2396239184,0.66296184,0.06720787,0.004139553,0.745619,0.71633524,-7.848939e-10,2.6020643e-09,0.6977563,1
2396248631,2396244290,0.66312414,0.06618962,0.0035101785,0.745569,0.71633524,-7.848939e-10,2.6020643e-09,0.6977563,1
2396249715,2396249245,0.66336846,0.065207414,0.0028954248,0.7454408,0.71633524,-7.848939e-10,2.6020643e-09,0.6977563,1
2396254936,2396254354,0.6636602,0.06419386,0.0023176076,0.745271,0.71633524,-7.848939e-10,2.6020643e-09,0.6977563,1
2396259977,2396259408,0.6638578,0.06318266,0.0017397611,0.745183,0.71633524,-7.848939e-10,2.6020643e-09,0.6977563,1
2396265088,2396264449,0.6639238,0.062207412,0.0011102015,0.74520755,0.71633524,-7.848939e-10,2.6020643e-09,0.6977563,1
2396276120,2396275169,0.6645865,0.06000817,-7.70475e-05,0.7447978,0.71633524,-7.848939e-10,2.6020643e-09,0.6977563,1
2396280330,2396279753,0.6647428,0.059071943,-0.00058279856,0.74473304,0.71633524,-7.848939e-10,2.6020643e-09,0.6977563,1
2396291578,2396291005,0.6652672,0.056715157,-0.0017883232,0.7444459,0.71633524,-7.848939e-10,2.6020643e-09,0.6977563,1
2396301779,2396299817,0.6655409,0.054887936,-0.0027745496,0.74433523,0.71633524,-7.848939e-10,2.6020643e-09,0.6977563,1
2396305464,2396304948,0.6658101,0.053783223,-0.0033157682,0.74417293,0.71633524,-7.848939e-10,2.6020643e-09,0.6977563,1
2396315355,2396314976,0.66636384,0.051628485,-0.0043549556,0.7438245,0.71633524,-7.848939e-10,2.6020643e-09,0.6977563,1
2396320507,2396319973,0.66653746,0.050552282,-0.00485935,0.7437397,0.71633524,-7.848939e-10,2.6020643e-09,0.6977563,1
2396329367,2396325182,0.66687804,0.049436036,-0.0053932066,0.7435058,0.71633524,-7.848939e-10,2.6020643e-09,0.6977563,1
2396335944,2396335244,0.6673123,0.04724267,-0.0063233343,0.74325126,0.71633524,-7.848939e-10,2.6020643e-09,0.6977563,1
2396345751,2396345318,0.6677782,0.045092795,-0.0071584107,0.7429588,0.71633524,-7.848939e-10,2.6020643e-09,0.6977563,1
2396351075,2396350397,0.66797525,0.044008043,-0.0075983317,0.7428424,0.71633524,-7.848939e-10,2.6020643e-09,0.6977563,1
2396361283,2396355462,0.66817003,0.042940564,-0.00801376,0.74272525,0.71633524,-7.848939e-10,2.6020643e-09,0.6977563,1
2396366162,2396365561,0.66863066,0.04072743,-0.008797928,0.7424264,0.71633524,-7.848939e-10,2.6020643e-09,0.6977563,1
2396371100,2396370523,0.66884005,0.03971671,-0.009200605,0.7422877,0.71633524,-7.848939e-10,2.6020643e-09,0.6977563,1
2396376126,2396375657,0.6690702,0.038634557,-0.009583288,0.74213254,0.71633524,-7.848939e-10,2.6020643e-09,0.6977563,1
2396381077,2396380629,0.6692578,0.03760269,-0.00993516,0.74201167,0.71633524,-7.848939e-10,2.6020643e-09,0.6977563,1
2396391367,2396390848,0.6697208,0.035537854,-0.010653784,0.74168575,0.71633524,-7.848939e-10,2.6020643e-09,0.6977563,1
2396396390,2396395807,0.6698797,0.0345255,-0.010965829,0.74158555,0.71633524,-7.848939e-10,2.6020643e-09,0.6977563,1
2396408324,2396407818,0.67038345,0.032045748,-0.0116988765,0.7412303,0.71633524,-7.848939e-10,2.6020643e-09,0.6977563,1
2396412729,2396412248,0.6705334,0.031125173,-0.011949962,0.7411298,0.71633524,-7.848939e-10,2.6020643e-09,0.6977563,1
2396422988,2396421102,0.67095226,0.029261496,-0.0124110645,0.7408191,0.71633524,-7.848939e-10,2.6020643e-09,0.6977563,1
2396426715,2396426197,0.671175,0.028219117,-0.012634171,0.74065393,0.71633524,-7.848939e-10,2.6020643e-09,0.6977563,1
2396436926,2396436251,0.67146724,0.02623778,-0.0130851455,0.7404541,0.71633524,-7.848939e-10,2.6020643e-09,0.6977563,1
2396447036,2396446346,0.6718733,0.024253348,-0.013451585,0.7401467,0.71633524,-7.848939e-10,2.6020643e-09,0.6977563,1
2396455773,2396451436,0.6719981,0.023298653,-0.013670681,0.74006003,0.71633524,-7.848939e-10,2.6020643e-09,0.6977563,1
2396462267,2396461707,0.67254895,0.021234285,-0.013917037,0.73961705,0.71633524,-7.848939e-10,2.6020643e-09,0.6977563,1
2396472217,2396471602,0.67284745,0.019303305,-0.014197522,0.7393931,0.71633524,-7.848939e-10,2.6020643e-09,0.6977563,1
2396477261,2396476688,0.6730276,0.018321112,-0.014319203,0.7392518,0.71633524,-7.848939e-10,2.6020643e-09,0.6977563,1
2396482412,2396481788,0.67315674,0.017315345,-0.014448438,0.73915595,0.71633524,-7.848939e-10,2.6020643e-09,0.6977563,1
2396487338,2396486800,0.67329174,0.01637776,-0.0145785455,0.7390518,0.71633524,-7.848939e-10,2.6020643e-09,0.6977563,1
2396492500,2396491874,0.67344534,0.015370276,-0.014650259,0.738932,0.71633524,-7.848939e-10,2.6020643e-09,0.6977563,1
2396497390,2396496858,0.6736034,0.014453636,-0.014786041,0.7388037,0.71633524,-7.848939e-10,2.6020643e-09,0.6977563,1
2396502435,2396501877,0.67375565,0.01356707,-0.014943732,0.7386786,0.71633524,-7.848939e-10,2.6020643e-09,0.6977563,1
2396511241,2396507065,0.67388755,0.012623819,-0.015019981,0.7385734,0.71633524,-7.848939e-10,2.6020643e-09,0.6977563,1
2396512972,2396512064,0.6740441,0.011736269,-0.015158554,0.73844236,0.71633524,-7.848939e-10,2.6020643e-09,0.6977563,1
2396522714,2396517057,0.67420614,0.010890816,-0.01525574,0.73830533,0.71633524,-7.848939e-10,2.6020643e-09,0.6977563,1
2396527691,2396527195,0.67439365,0.009162148,-0.015401232,0.7381545,0.71633524,-7.848939e-10,2.6020643e-09,0.6977563,1
2396538236,2396537793,0.6748444,0.0074002864,-0.015533058,0.73775953,0.71633524,-7.848939e-10,2.6020643e-09,0.6977563,1
2396543262,2396542611,0.67492074,0.0065820813,-0.015563298,0.73769677,0.71633524,-7.848939e-10,2.6020643e-09,0.6977563,1
2396555649,2396555184,0.67522407,0.0044616484,-0.015640344,0.73743343,0.71633524,-7.848939e-10,2.6020643e-09,0.6977563,1
2396560759,2396560133,0.675383,0.0036127828,-0.015631728,0.7372927,0.71633524,-7.848939e-10,2.6020643e-09,0.6977563,1
2396565829,2396565144,0.67545605,0.0027835434,-0.01563935,0.73722917,0.71633524,-7.848939e-10,2.6020643e-09,0.6977563,1
2396578166,2396577581,0.67577535,0.00079921714,-0.015622253,0.7369417,0.71633524,-7.848939e-10,2.6020643e-09,0.6977563,1
2396582069,2396581517,0.67580634,0.00020374016,-0.01564195,0.7369133,0.71633524,-7.848939e-10,2.6020643e-09,0.6977563,1
2396591003,2396590376,0.67604214,-0.0011871466,-0.0155194085,0.7366986,0.71633524,-7.848939e-10,2.6020643e-09,0.6977563,1
2396599900,2396599225,0.67621654,-0.0025749758,-0.0153693035,0.7365381,0.71633524,-7.848939e-10,2.6020643e-09,0.6977563,1
2396605022,2396604266,0.6763305,-0.003312221,-0.015282425,0.7364324,0.71633524,-7.848939e-10,2.6020643e-09,0.6977563,1
2396609777,2396609258,0.6763954,-0.0040441807,-0.015156581,0.7363717,0.71633524,-7.848939e-10,2.6020643e-09,0.6977563,1
2396620266,2396619528,0.67662424,-0.0054848376,-0.014895015,0.7361575,0.71633524,-7.848939e-10,2.6020643e-09,0.6977563,1
2396625122,2396624502,0.676686,-0.0062041306,-0.014706472,0.73609877,0.71633524,-7.848939e-10,2.6020643e-09,0.6977563,1
2396635236,2396634672,0.6768595,-0.007580803,-0.014410542,0.7359322,0.71633524,-7.848939e-10,2.6020643e-09,0.6977563,1
2396640357,2396639639,0.67698693,-0.008219936,-0.014260057,0.735811,0.71633524,-7.848939e-10,2.6020643e-09,0.6977563,1
2396645267,2396644657,0.6769982,-0.0088597825,-0.014104576,0.7357962,0.71633524,-7.848939e-10,2.6020643e-09,0.6977563,1
2396650277,2396649712,0.67705876,-0.009444269,-0.013989151,0.7357354,0.71633524,-7.848939e-10,2.6020643e-09,0.6977563,1
2396659292,2396654821,0.67723775,-0.0100284405,-0.013868291,0.73556525,0.71633524,-7.848939e-10,2.6020643e-09,0.6977563,1
2396665426,2396659810,0.67731047,-0.01060261,-0.013756478,0.73549235,0.71633524,-7.848939e-10,2.6020643e-09,0.6977563,1
2396667293,2396664841,0.67734283,-0.011138376,-0.013666849,0.7354562,0.71633524,-7.848939e-10,2.6020643e-09,0.6977563,1
2396670696,2396670169,0.6774351,-0.0117257275,-0.01353353,0.73536456,0.71633524,-7.848939e-10,2.6020643e-09,0.6977563,1
2396675888,2396675190,0.6775057,-0.012292299,-0.013394609,0.7352929,0.71633524,-7.848939e-10,2.6020643e-09,0.6977563,1
2396680575,2396680085,0.677569,-0.012812524,-0.01329478,0.73522747,0.71633524,-7.848939e-10,2.6020643e-09,0.6977563,1
2396685746,2396685207,0.677624,-0.013311044,-0.013168125,0.73517025,0.71633524,-7.848939e-10,2.6020643e-09,0.6977563,1
2396695685,2396690096,0.6776939,-0.013902616,-0.012996541,0.7350979,0.71633524,-7.848939e-10,2.6020643e-09,0.6977563,1
2396697439,2396695169,0.67778176,-0.014408572,-0.012865717,0.7350094,0.71633524,-7.848939e-10,2.6020643e-09,0.6977563,1
2396705883,2396700332,0.67781925,-0.014973765,-0.01267679,0.73496675,0.71633524,-7.848939e-10,2.6020643e-09,0.6977563,1
2396708105,2396706586,0.67792225,-0.015666211,-0.012460403,0.734861,0.71633524,-7.848939e-10,2.6020643e-09,0.6977563,1
2396717177,2396716627,0.6780023,-0.016784986,-0.012005878,0.7347701,0.71633524,-7.848939e-10,2.6020643e-09,0.6977563,1
2396726218,2396725519,0.67811877,-0.017821256,-0.01166708,0.7346437,0.71633524,-7.848939e-10,2.6020643e-09,0.6977563,1
2396738303,2396736946,0.6782266,-0.019009704,-0.0112449555,0.7345209,0.71633524,-7.848939e-10,2.6020643e-09,0.6977563,1
2396742546,2396741939,0.6783127,-0.019496169,-0.011086788,0.73443097,0.71633524,-7.848939e-10,2.6020643e-09,0.6977563,1
2396751286,2396750750,0.6783384,-0.02030211,-0.010738277,0.7343906,0.71633524,-7.848939e-10,2.6020643e-09,0.6977563,1
2396761732,2396759979,0.67841566,-0.020994416,-0.010461898,0.7343037,0.71633524,-7.848939e-10,2.6020643e-09,0.6977563,1
2396770264,2396769694,0.6784978,-0.021697206,-0.0100917965,0.73421264,0.71633524,-7.848939e-10,2.6020643e-09,0.6977563,1
2396775282,2396774751,0.67850995,-0.02198499,-0.0099227475,0.7341952,0.71633524,-7.848939e-10,2.6020643e-09,0.6977563,1
2396784113,2396779845,0.6785463,-0.022312945,-0.009685338,0.7341548,0.71633524,-7.848939e-10,2.6020643e-09,0.6977563,1
2396790627,2396790100,0.6786432,-0.022956792,-0.009295555,0.73405045,0.71633524,-7.848939e-10,2.6020643e-09,0.6977563,1
2396795769,2396795065,0.6786688,-0.023267275,-0.009068274,0.7340198,0.71633524,-7.848939e-10,2.6020643e-09,0.6977563,1
2396800766,2396800063,0.67870116,-0.02357938,-0.008831384,0.7339828,0.71633524,-7.848939e-10,2.6020643e-09,0.6977563,1
2396810570,2396810156,0.6787845,-0.024101026,-0.008368297,0.7338943,0.71633524,-7.848939e-10,2.6020643e-09,0.6977563,1
2396815861,2396815237,0.6787813,-0.0244131,-0.008082646,0.7338901,0.71633524,-7.848939e-10,2.6020643e-09,0.6977563,1
2396820822,2396820291,0.6788776,-0.024614463,-0.00788358,0.7337965,0.71633524,-7.848939e-10,2.6020643e-09,0.6977563,1
2396825827,2396825273,0.6789144,-0.024871131,-0.007625742,0.7337564,0.71633524,-7.848939e-10,2.6020643e-09,0.6977563,1
2396836347,2396835390,0.678954,-0.025365908,-0.0071650473,0.7337075,0.71633524,-7.848939e-10,2.6020643e-09,0.6977563,1
2396841047,2396840500,0.6790234,-0.02562533,-0.006902661,0.7336368,0.71633524,-7.848939e-10,2.6020643e-09,0.6977563,1
2396849846,2396845665,0.6789239,-0.02587723,-0.006678704,0.73372215,0.71633524,-7.848939e-10,2.6020643e-09,0.6977563,1
2396861237,2396860664,0.6790161,-0.026520083,-0.0059141256,0.7336204,0.71633524,-7.848939e-10,2.6020643e-09,0.6977563,1
2396870188,2396869534,0.67906505,-0.026734058,-0.0054834713,0.73357064,0.71633524,-7.848939e-10,2.6020643e-09,0.6977563,1
2396875359,2396874734,0.67911243,-0.026909735,-0.00521612,0.73352236,0.71633524,-7.848939e-10,2.6020643e-09,0.6977563,1
2396880181,2396879609,0.6791511,-0.027017692,-0.004970065,0.7334842,0.71633524,-7.848939e-10,2.6020643e-09,0.6977563,1
2396891513,2396890989,0.6792175,-0.027236793,-0.004463509,0.7334179,0.71633524,-7.848939e-10,2.6020643e-09,0.6977563,1
2396896751,2396896046,0.67927647,-0.02726929,-0.0043122233,0.73336303,0.71633524,-7.848939e-10,2.6020643e-09,0.6977563,1
2396901689,2396901170,0.6792833,-0.02736868,-0.0040625986,0.73335433,0.71633524,-7.848939e-10,2.6020643e-09,0.6977563,1
2396912870,2396912464,0.6793853,-0.02755775,-0.0036026314,0.7332552,0.71633524,-7.848939e-10,2.6020643e-09,0.6977563,1
2396923152,2396922577,0.6794613,-0.027731292,-0.0031639694,0.73318034,0.71633524,-7.848939e-10,2.6020643e-09,0.6977563,1
2396928196,2396927659,0.67949075,-0.027756436,-0.0029392964,0.73315305,0.71633524,-7.848939e-10,2.6020643e-09,0.6977563,1
2396933259,2396932668,0.67946565,-0.027801167,-0.0027110747,0.7331755,0.71633524,-7.848939e-10,2.6020643e-09,0.6977563,1
2396938221,2396937708,0.67955345,-0.027806407,-0.0025102946,0.73309463,0.71633524,-7.848939e-10,2.6020643e-09,0.6977563,1
2396948674,2396947813,0.67960703,-0.027750498,-0.0020544073,0.73304844,0.71633524,-7.848939e-10,2.6020643e-09,0.6977563,1
2396953849,2396953185,0.6796999,-0.027687173,-0.0018122446,0.73296535,0.71633524,-7.848939e-10,2.6020643e-09,0.6977563,1
2396963625,2396957864,0.67975223,-0.027647665,-0.001549448,0.7329189,0.71633524,-7.848939e-10,2.6020643e-09,0.6977563,1
2396968765,2396968137,0.6797887,-0.02747797,-0.001067596,0.73289233,0.71633524,-7.848939e-10,2.6020643e-09,0.6977563,1
2396973645,2396973095,0.67985475,-0.027411193,-0.00079264754,0.732834,0.71633524,-7.848939e-10,2.6020643e-09,0.6977563,1
2396983875,2396981973,0.6798912,-0.027315592,-0.00036065327,0.732804,0.71633524,-7.848939e-10,2.6020643e-09,0.6977563,1
2396987657,2396986978,0.6799251,-0.027240867,-8.715233e-05,0.7327755,0.71633524,-7.848939e-10,2.6020643e-09,0.6977563,1
2396992653,2396992005,0.67997015,-0.02725026,0.00021041725,0.7327333,0.71633524,-7.848939e-10,2.6020643e-09,0.6977563,1
2397003851,2397002211,0.6800585,-0.027132338,0.0007071335,0.73265535,0.71633524,-7.848939e-10,2.6020643e-09,0.6977563,1
2397007785,2397007185,0.6800617,-0.027096014,0.0010156882,0.7326533,0.71633524,-7.848939e-10,2.6020643e-09,0.6977563,1
2397012940,2397012294,0.6801681,-0.027004745,0.0011967082,0.7325577,0.71633524,-7.848939e-10,2.6020643e-09,0.6977563,1
2397017799,2397017282,0.68023187,-0.0268473,0.0014065872,0.73250383,0.71633524,-7.848939e-10,2.6020643e-09,0.6977563,1
2397026864,2397022562,0.6801755,-0.02674076,0.0017492631,0.7325594,0.71633524,-7.848939e-10,2.6020643e-09,0.6977563,1
2397027900,2397027426,0.6802673,-0.026596684,0.0019372781,0.7324789,0.71633524,-7.848939e-10,2.6020643e-09,0.6977563,1
2397036750,2397032481,0.6803501,-0.026404336,0.0021525049,0.73240834,0.71633524,-7.848939e-10,2.6020643e-09,0.6977563,1
2397037958,2397037543,0.68036926,-0.026269294,0.002423898,0.7323945,0.71633524,-7.848939e-10,2.6020643e-09,0.6977563,1
2397048175,2397047639,0.6805233,-0.02595159,0.0028543386,0.73226124,0.71633524,-7.848939e-10,2.6020643e-09,0.6977563,1
2397053276,2397052702,0.68057257,-0.02579828,0.003086039,0.7322199,0.71633524,-7.848939e-10,2.6020643e-09,0.6977563,1
2397058350,2397057690,0.6805545,-0.025650065,0.0032412228,0.7322412,0.71633524,-7.848939e-10,2.6020643e-09,0.6977563,1
2397063345,2397062762,0.68068725,-0.02551104,0.0034072208,0.73212194,0.71633524,-7.848939e-10,2.6020643e-09,0.6977563,1
2397073786,2397073266,0.6807504,-0.025237985,0.0037141042,0.7320712,0.71633524,-7.848939e-10,2.6020643e-09,0.6977563,1
2397078659,2397077922,0.680914,-0.02506197,0.0037935975,0.73192465,0.71633524,-7.848939e-10,2.6020643e-09,0.6977563,1
2397083540,2397082958,0.68094146,-0.024958469,0.003951134,0.7319018,0.71633524,-7.848939e-10,2.6020643e-09,0.6977563,1
2397088607,2397088037,0.68100107,-0.024756175,0.004048246,0.7318527,0.71633524,-7.848939e-10,2.6020643e-09,0.6977563,1
2397093620,2397093080,0.6810922,-0.024586637,0.004208099,0.7317727,0.71633524,-7.848939e-10,2.6020643e-09,0.6977563,1
2397103788,2397098129,0.68115354,-0.024434824,0.0043840865,0.7317197,0.71633524,-7.848939e-10,2.6020643e-09,0.6977563,1
2397111027,2397109573,0.681321,-0.023951104,0.0047634887,0.7315773,0.71633524,-7.848939e-10,2.6020643e-09,0.6977563,1
2397115077,2397114585,0.6813964,-0.02369424,0.0048702406,0.7315147,0.71633524,-7.848939e-10,2.6020643e-09,0.6977563,1
2397120154,2397119620,0.6814429,-0.02342559,0.0050902357,0.73147863,0.71633524,-7.848939e-10,2.6020643e-09,0.6977563,1
2397125256,2397124705,0.6815252,-0.023223056,0.005255901,0.7314072,0.71633524,-7.848939e-10,2.6020643e-09,0.6977563,1
2397130381,2397129742,0.6816278,-0.022926318,0.0053627207,0.73132014,0.71633524,-7.848939e-10,2.6020643e-09,0.6977563,1
2397140519,2397134793,0.681666,-0.022655169,0.0055274335,0.73129183,0.71633524,-7.848939e-10,2.6020643e-09,0.6977563,1
2397146724,2397146301,0.6818575,-0.022052417,0.0057712374,0.73112977,0.71633524,-7.848939e-10,2.6020643e-09,0.6977563,1
2397151877,2397151212,0.68191034,-0.021821499,0.0058868937,0.73108655,0.71633524,-7.848939e-10,2.6020643e-09,0.6977563,1
2397156811,2397156352,0.68202984,-0.021549528,0.005947854,0.7309826,0.71633524,-7.848939e-10,2.6020643e-09,0.6977563,1
2397165689,2397161730,0.6821064,-0.021235352,0.0060900482,0.7309192,0.71633524,-7.848939e-10,2.6020643e-09,0.6977563,1
2397166916,2397166479,0.6821501,-0.021034267,0.006156032,0.73088366,0.71633524,-7.848939e-10,2.6020643e-09,0.6977563,1
2397177011,2397176422,0.6823604,-0.02046795,0.00623216,0.7307028,0.71633524,-7.848939e-10,2.6020643e-09,0.6977563,1
2397182124,2397181492,0.6824142,-0.020207135,0.0063085645,0.7306592,0.71633524,-7.848939e-10,2.6020643e-09,0.6977563,1
2397191104,2397187027,0.6826377,-0.01979827,0.0062726964,0.73046184,0.71633524,-7.848939e-10,2.6020643e-09,0.6977563,1
2397197163,2397196647,0.68277764,-0.019215424,0.006387185,0.7303456,0.71633524,-7.848939e-10,2.6020643e-09,0.6977563,1
2397206026,2397201767,0.682906,-0.018921196,0.0064215357,0.730233,0.71633524,-7.848939e-10,2.6020643e-09,0.6977563,1
2397212514,2397211846,0.6830197,-0.018370913,0.0065849777,0.7301392,0.71633524,-7.848939e-10,2.6020643e-09,0.6977563,1
2397217542,2397216888,0.68308157,-0.018100316,0.0066214567,0.7300878,0.71633524,-7.848939e-10,2.6020643e-09,0.6977563,1
2397228241,2397227148,0.683221,-0.017491557,0.00670581,0.72997135,0.71633524,-7.848939e-10,2.6020643e-09,0.6977563,1
2397237791,2397237186,0.6834383,-0.0168641,0.0067957942,0.72978187,0.71633524,-7.848939e-10,2.6020643e-09,0.6977563,1
2397243254,2397242143,0.68349004,-0.016444663,0.006775797,0.7297431,0.71633524,-7.848939e-10,2.6020643e-09,0.6977563,1
2397247753,2397247194,0.6835927,-0.016027674,0.0067797457,0.7296562,0.71633524,-7.848939e-10,2.6020643e-09,0.6977563,1
2397256674,2397252218,0.6836875,-0.015605272,0.006772068,0.7295767,0.71633524,-7.848939e-10,2.6020643e-09,0.6977563,1
2397263137,2397257298,0.68374354,-0.015137978,0.006716581,0.72953457,0.71633524,-7.848939e-10,2.6020643e-09,0.6977563,1
2397264064,2397263663,0.683862,-0.014537023,0.006715481,0.7294357,0.71633524,-7.848939e-10,2.6020643e-09,0.6977563,1
2397274329,2397272511,0.68401057,-0.013791043,0.0066854786,0.72931117,0.71633524,-7.848939e-10,2.6020643e-09,0.6977563,1
2397278066,2397277494,0.6840915,-0.013309543,0.006658025,0.7292444,0.71633524,-7.848939e-10,2.6020643e-09,0.6977563,1
2397286975,2397282598,0.6841428,-0.012982892,0.006699598,0.72920173,0.71633524,-7.848939e-10,2.6020643e-09,0.6977563,1
2397293346,2397292679,0.68431145,-0.012246062,0.00669443,0.72905636,0.71633524,-7.848939e-10,2.6020643e-09,0.6977563,1
2397298490,2397297803,0.68437225,-0.011938367,0.0067586163,0.7290037,0.71633524,-7.848939e-10,2.6020643e-09,0.6977563,1
2397303343,2397302768,0.6844528,-0.011557961,0.006686413,0.7289349,0.71633524,-7.848939e-10,2.6020643e-09,0.6977563,1
2397313386,2397312900,0.6845568,-0.010828481,0.0066547357,0.7288488,0.71633524,-7.848939e-10,2.6020643e-09,0.6977563,1
2397322454,2397321744,0.6847194,-0.010161013,0.006464278,0.7287074,0.71633524,-7.848939e-10,2.6020643e-09,0.6977563,1
2397327307,2397326769,0.68476707,-0.009765146,0.0063951476,0.7286686,0.71633524,-7.848939e-10,2.6020643e-09,0.6977563,1
2397332508,2397331838,0.6848216,-0.009376761,0.006340621,0.72862285,0.71633524,-7.848939e-10,2.6020643e-09,0.6977563,1
2397337543,2397336872,0.6849099,-0.008979154,0.006243319,0.7285457,0.71633524,-7.848939e-10,2.6020643e-09,0.6977563,1
2397342534,2397341944,0.68499094,-0.008572362,0.0061893687,0.72847486,0.71633524,-7.848939e-10,2.6020643e-09,0.6977563,1
2397352557,2397347010,0.6850181,-0.008180693,0.006140437,0.72845423,0.71633524,-7.848939e-10,2.6020643e-09,0.6977563,1
2397357719,2397357137,0.68525624,-0.007353061,0.0059687337,0.7282405,0.71633524,-7.848939e-10,2.6020643e-09,0.6977563,1
2397362967,2397362258,0.68525165,-0.0069522536,0.0059283306,0.72824913,0.71633524,-7.848939e-10,2.6020643e-09,0.6977563,1
2397367676,2397367188,0.6853518,-0.006551994,0.005855797,0.7281592,0.71633524,-7.848939e-10,2.6020643e-09,0.6977563,1
2397376677,2397372404,0.685471,-0.0061151385,0.0058058314,0.7280511,0.71633524,-7.848939e-10,2.6020643e-09,0.6977563,1
2397384955,2397383837,0.68563765,-0.0052337307,0.0057112793,0.7279019,0.71633524,-7.848939e-10,2.6020643e-09,0.6977563,1
2397389311,2397388683,0.68567127,-0.004872944,0.005711983,0.7278726,0.71633524,-7.848939e-10,2.6020643e-09,0.6977563,1
2397398301,2397397566,0.6857334,-0.0041478323,0.0055324254,0.72782004,0.71633524,-7.848939e-10,2.6020643e-09,0.6977563,1
2397403347,2397402547,0.68583626,-0.0038175364,0.0054631555,0.72772545,0.71633524,-7.848939e-10,2.6020643e-09,0.6977563,1
2397408105,2397407579,0.68588865,-0.0034528463,0.00536036,0.72767866,0.71633524,-7.848939e-10,2.6020643e-09,0.6977563,1
2397416978,2397412682,0.6859135,-0.0030706176,0.005209711,0.72765803,0.71633524,-7.848939e-10,2.6020643e-09,0.6977563,1
2397418947,2397417731,0.68604493,-0.002702783,0.005088663,0.72753644,0.71633524,-7.848939e-10,2.6020643e-09,0.6977563,1
2397428439,2397427879,0.6860913,-0.0019261896,0.0047878358,0.72749716,0.71633524,-7.848939e-10,2.6020643e-09,0.6977563,1
2397438623,2397437964,0.68623394,-0.0011473022,0.0045371144,0.72736585,0.71633524,-7.848939e-10,2.6020643e-09,0.6977563,1
2397443559,2397443014,0.6862557,-0.00073315523,0.004395592,0.7273467,0.71633524,-7.848939e-10,2.6020643e-09,0.6977563,1
2397453846,2397453138,0.6864281,3.0865398e-05,0.004176282,0.7271857,0.71633524,-7.848939e-10,2.6020643e-09,0.6977563,1
2397458874,2397458214,0.6864208,0.00043303627,0.004026805,0.7271933,0.71633524,-7.848939e-10,2.6020643e-09,0.6977563,1
2397469514,2397469018,0.6865899,0.0011683301,0.0038478056,0.7270338,0.71633524,-7.848939e-10,2.6020643e-09,0.6977563,1
2397473874,2397473317,0.6866351,0.0014846803,0.0037300524,0.72699124,0.71633524,-7.848939e-10,2.6020643e-09,0.6977563,1
2397479120,2397478464,0.68665147,0.001858057,0.0035972511,0.7269755,0.71633524,-7.848939e-10,2.6020643e-09,0.6977563,1
2397484064,2397483480,0.68675065,0.0021366773,0.0035201248,0.72688144,0.71633524,-7.848939e-10,2.6020643e-09,0.6977563,1
2397495472,2397493593,0.68681127,0.0027827953,0.0032334134,0.72682333,0.71633524,-7.848939e-10,2.6020643e-09,0.6977563,1
2397499232,2397498553,0.68688655,0.0030814041,0.0031325752,0.72675145,0.71633524,-7.848939e-10,2.6020643e-09,0.6977563,1
2397504195,2397503564,0.6869227,0.0033777326,0.0029623474,0.7267166,0.71633524,-7.848939e-10,2.6020643e-09,0.6977563,1
2397513029,2397509055,0.68696845,0.003768459,0.0028164163,0.72667205,0.71633524,-7.848939e-10,2.6020643e-09,0.6977563,1
2397521667,2397521074,0.68708587,0.0045617213,0.0024845344,0.7265577,0.71633524,-7.848939e-10,2.6020643e-09,0.6977563,1
2397525771,2397525206,0.68710977,0.0047863014,0.0024328437,0.72653383,0.71633524,-7.848939e-10,2.6020643e-09,0.6977563,1
2397537039,2397536594,0.6872349,0.005445391,0.0022199007,0.7264115,0.71633524,-7.848939e-10,2.6020643e-09,0.6977563,1
2397542095,2397541501,0.68728346,0.0057181744,0.0021631357,0.72636366,0.71633524,-7.848939e-10,2.6020643e-09,0.6977563,1
2397552213,2397551578,0.6873807,0.0062992405,0.0019194852,0.7262676,0.71633524,-7.848939e-10,2.6020643e-09,0.6977563,1
2397557720,2397556691,0.68741494,0.006564472,0.0017701088,0.7262332,0.71633524,-7.848939e-10,2.6020643e-09,0.6977563,1
2397562250,2397561684,0.6874972,0.00688774,0.0015642814,0.7261528,0.71633524,-7.848939e-10,2.6020643e-09,0.6977563,1
2397572664,2397572151,0.6875755,0.007457873,0.0012450085,0.72607356,0.71633524,-7.848939e-10,2.6020643e-09,0.6977563,1
2397577541,2397576873,0.6876564,0.0077137304,0.0010468919,0.7259946,0.71633524,-7.848939e-10,2.6020643e-09,0.6977563,1
2397582582,2397581952,0.6877451,0.007952261,0.0008727705,0.7259082,0.71633524,-7.848939e-10,2.6020643e-09,0.6977563,1
2397592915,2397592136,0.68786377,0.008423817,0.00047624137,0.7257908,0.71633524,-7.848939e-10,2.6020643e-09,0.6977563,1
2397597645,2397597093,0.68800193,0.008696663,0.00024677275,0.72565675,0.71633524,-7.848939e-10,2.6020643e-09,0.6977563,1
2397609854,2397609006,0.6881692,0.009232511,-0.00024723203,0.7254916,0.71633524,-7.848939e-10,2.6020643e-09,0.6977563,1
2397614232,2397613631,0.6882208,0.009423792,-0.00041440732,0.72544,0.71633524,-7.848939e-10,2.6020643e-09,0.6977563,1
2397619207,2397618589,0.6882758,0.009678183,-0.0006572543,0.72538435,0.71633524,-7.848939e-10,2.6020643e-09,0.6977563,1
2397624125,2397623589,0.6884087,0.009863444,-0.0008606598,0.7252555,0.71633524,-7.848939e-10,2.6020643e-09,0.6977563,1
2397634440,2397633960,0.68850964,0.010234519,-0.0012363069,0.7251539,0.71633524,-7.848939e-10,2.6020643e-09,0.6977563,1
2397639401,2397638815,0.688658,0.010400366,-0.0013909088,0.72501045,0.71633524,-7.848939e-10,2.6020643e-09,0.6977563,1
2397652098,2397650381,0.68888795,0.010864657,-0.0017941878,0.7247842,0.71633524,-7.848939e-10,2.6020643e-09,0.6977563,1
2397655746,2397655217,0.689,0.011056796,-0.0019695654,0.72467434,0.71633524,-7.848939e-10,2.6020643e-09,0.6977563,1
2397660823,2397660232,0.68897283,0.0112670455,-0.002132624,0.7246965,0.71633524,-7.848939e-10,2.6020643e-09,0.6977563,1
2397671858,2397671286,0.6892321,0.011709044,-0.0025005646,0.7244417,0.71633524,-7.848939e-10,2.6020643e-09,0.6977563,1
2397681146,2397680493,0.6894093,0.012080747,-0.0028088046,0.7242658,0.71633524,-7.848939e-10,2.6020643e-09,0.6977563,1
2397686197,2397685557,0.689496,0.012255478,-0.0029240057,0.72418,0.71633524,-7.848939e-10,2.6020643e-09,0.6977563,1
2397691124,2397690588,0.6895278,0.012430174,-0.0030797555,0.724146,0.71633524,-7.848939e-10,2.6020643e-09,0.6977563,1
2397700011,2397695614,0.6895879,0.012631532,-0.0032540592,0.7240845,0.71633524,-7.848939e-10,2.6020643e-09,0.6977563,1
2397701331,2397700756,0.68970925,0.012764205,-0.0033655928,0.72396606,0.71633524,-7.848939e-10,2.6020643e-09,0.6977563,1
2397706469,2397705779,0.6897381,0.01291174,-0.00352728,0.7239353,0.71633524,-7.848939e-10,2.6020643e-09,0.6977563,1
2397711353,2397710790,0.689794,0.013044445,-0.0036774504,0.72387886,0.71633524,-7.848939e-10,2.6020643e-09,0.6977563,1
2397716492,2397715884,0.6899358,0.013137023,-0.003799285,0.7237414,0.71633524,-7.848939e-10,2.6020643e-09,0.6977563,1
2397721480,2397720877,0.68995905,0.013270217,-0.003961547,0.7237159,0.71633524,-7.848939e-10,2.6020643e-09,0.6977563,1
2397726669,2397725994,0.6899909,0.01336044,-0.0041198144,0.723683,0.71633524,-7.848939e-10,2.6020643e-09,0.6977563,1
2397732026,2397731478,0.69013757,0.013484041,-0.004269753,0.72353995,0.71633524,-7.848939e-10,2.6020643e-09,0.6977563,1
2397736973,2397736362,0.69015723,0.013574358,-0.004406675,0.72351867,0.71633524,-7.848939e-10,2.6020643e-09,0.6977563,1
2397741819,2397741186,0.69019973,0.013719296,-0.0045709806,0.72347444,0.71633524,-7.848939e-10,2.6020643e-09,0.6977563,1
2397746941,2397746360,0.6903555,0.013868179,-0.004762788,0.72332174,0.71633524,-7.848939e-10,2.6020643e-09,0.6977563,1
2397759007,2397756224,0.69045,0.014147125,-0.0050749388,0.723224,0.71633524,-7.848939e-10,2.6020643e-09,0.6977563,1
2397766946,2397761304,0.69053036,0.014236329,-0.00518791,0.7231447,0.71633524,-7.848939e-10,2.6020643e-09,0.6977563,1
2397768460,2397766395,0.69063306,0.014336158,-0.0053037843,0.72304386,0.71633524,-7.848939e-10,2.6020643e-09,0.6977563,1
2397779474,2397777726,0.6907302,0.014655412,-0.0056475834,0.72294205,0.71633524,-7.848939e-10,2.6020643e-09,0.6977563,1
2397783351,2397782822,0.69073856,0.014753677,-0.005832823,0.7229306,0.71633524,-7.848939e-10,2.6020643e-09,0.6977563,1
2397788519,2397787912,0.69083196,0.014850006,-0.0059233303,0.7228386,0.71633524,-7.848939e-10,2.6020643e-09,0.6977563,1
2397793487,2397792931,0.69094235,0.014877978,-0.006011697,0.72273177,0.71633524,-7.848939e-10,2.6020643e-09,0.6977563,1
2397798724,2397798003,0.6909858,0.014929335,-0.0061273077,0.7226882,0.71633524,-7.848939e-10,2.6020643e-09,0.6977563,1
2397809148,2397808353,0.691147,0.014968736,-0.0062754466,0.7225319,0.71633524,-7.848939e-10,2.6020643e-09,0.6977563,1
2397813788,2397813215,0.6911916,0.0149934245,-0.0063494644,0.7224881,0.71633524,-7.848939e-10,2.6020643e-09,0.6977563,1
2397823736,2397823299,0.6913298,0.015052563,-0.0064919908,0.7223534,0.71633524,-7.848939e-10,2.6020643e-09,0.6977563,1
2397834071,2397833511,0.6914495,0.015181257,-0.0067171697,0.7222341,0.71633524,-7.848939e-10,2.6020643e-09,0.6977563,1
2397839217,2397838466,0.69148874,0.015226696,-0.006720216,0.72219557,0.71633524,-7.848939e-10,2.6020643e-09,0.6977563,1
2397844020,2397843457,0.69157887,0.015312141,-0.0068107834,0.72210664,0.71633524,-7.848939e-10,2.6020643e-09,0.6977563,1
2397849217,2397848600,0.6916051,0.015453842,-0.006956294,0.7220771,0.71633524,-7.848939e-10,2.6020643e-09,0.6977563,1
2397854116,2397853559,0.69166887,0.015524686,-0.0069645406,0.72201437,0.71633524,-7.848939e-10,2.6020643e-09,0.6977563,1
2397859161,2397858538,0.691728,0.015594661,-0.0070175356,0.7219557,0.71633524,-7.848939e-10,2.6020643e-09,0.6977563,1
2397869644,2397868734,0.6918542,0.015745185,-0.007112922,0.72183055,0.71633524,-7.848939e-10,2.6020643e-09,0.6977563,1
2397874306,2397873737,0.6918986,0.015745157,-0.0071459003,0.7217877,0.71633524,-7.848939e-10,2.6020643e-09,0.6977563,1
2397884553,2397878769,0.69197553,0.015765479,-0.007208407,0.72171277,0.71633524,-7.848939e-10,2.6020643e-09,0.6977563,1
2397889599,2397883894,0.69203377,0.015767297,-0.00729084,0.7216561,0.71633524,-7.848939e-10,2.6020643e-09,0.6977563,1
2397891874,2397890296,0.69209725,0.015761612,-0.007368608,0.7215946,0.71633524,-7.848939e-10,2.6020643e-09,0.6977563,1
2397896110,2397895527,0.6921484,0.01575249,-0.007484426,0.7215445,0.71633524,-7.848939e-10,2.6020643e-09,0.6977563,1
2397900992,2397900420,0.6921791,0.015688049,-0.007458806,0.7215167,0.71633524,-7.848939e-10,2.6020643e-09,0.6977563,1
2397906012,2397905343,0.692227,0.0156559,-0.007558002,0.7214704,0.71633524,-7.848939e-10,2.6020643e-09,0.6977563,1
2397910990,2397910420,0.69229186,0.015626974,-0.007609654,0.7214083,0.71633524,-7.848939e-10,2.6020643e-09,0.6977563,1
2397916174,2397915497,0.6923218,0.015588139,-0.007634883,0.7213802,0.71633524,-7.848939e-10,2.6020643e-09,0.6977563,1
2397926526,2397925750,0.69245565,0.015511904,-0.0077509256,0.721252,0.71633524,-7.848939e-10,2.6020643e-09,0.6977563,1
2397931324,2397930709,0.69247735,0.015447817,-0.007732121,0.7212328,0.71633524,-7.848939e-10,2.6020643e-09,0.6977563,1
2397936431,2397935907,0.69251424,0.015391163,-0.0077468418,0.7211984,0.71633524,-7.848939e-10,2.6020643e-09,0.6977563,1
2397941533,2397940968,0.6925988,0.0153437,-0.007797642,0.7211177,0.71633524,-7.848939e-10,2.6020643e-09,0.6977563,1
2397946629,2397945986,0.69264513,0.015265789,-0.0077898963,0.721075,0.71633524,-7.848939e-10,2.6020643e-09,0.6977563,1
2397951685,2397950822,0.6926511,0.015146948,-0.0078066196,0.72107154,0.71633524,-7.848939e-10,2.6020643e-09,0.6977563,1
2397963520,2397960923,0.6928129,0.014980158,-0.007942934,0.72091806,0.71633524,-7.848939e-10,2.6020643e-09,0.6977563,1
2397966489,2397965942,0.6928375,0.014886448,-0.00798474,0.72089595,0.71633524,-7.848939e-10,2.6020643e-09,0.6977563,1
2397971612,2397970977,0.6929048,0.014807041,-0.00807636,0.7208318,0.71633524,-7.848939e-10,2.6020643e-09,0.6977563,1
2397980572,2397976015,0.69299835,0.014688099,-0.0081153745,0.7207439,0.71633524,-7.848939e-10,2.6020643e-09,0.6977563,1
2397982816,2397982288,0.6930078,0.014604367,-0.008167683,0.72073597,0.71633524,-7.848939e-10,2.6020643e-09,0.6977563,1
2397991898,2397991228,0.6932052,0.01442253,-0.008241454,0.7205488,0.71633524,-7.848939e-10,2.6020643e-09,0.6977563,1
2398004237,2398001371,0.6933047,0.014170785,-0.008283587,0.7204577,0.71633524,-7.848939e-10,2.6020643e-09,0.6977563,1
2398012069,2398011430,0.693455,0.013879394,-0.008327889,0.72031814,0.71633524,-7.848939e-10,2.6020643e-09,0.6977563,1
2398022059,2398021557,0.6935609,0.0136384815,-0.008430721,0.72021955,0.71633524,-7.848939e-10,2.6020643e-09,0.6977563,1
2398027411,2398026621,0.6936456,0.013469825,-0.008400844,0.7201415,0.71633524,-7.848939e-10,2.6020643e-09,0.6977563,1
2398032201,2398031630,0.69369215,0.013339719,-0.008488115,0.7200981,0.71633524,-7.848939e-10,2.6020643e-09,0.6977563,1
2398042391,2398041796,0.69394803,0.013022615,-0.0085723065,0.7198563,0.71633524,-7.848939e-10,2.6020643e-09,0.6977563,1
2398052799,2398052331,0.6940717,0.012764084,-0.008690458,0.7197403,0.71633524,-7.848939e-10,2.6020643e-09,0.6977563,1
2398057450,2398056902,0.69415975,0.012620693,-0.00871547,0.7196576,0.71633524,-7.848939e-10,2.6020643e-09,0.6977563,1
2398062564,2398061994,0.6941961,0.01248602,-0.008764788,0.7196243,0.71633524,-7.848939e-10,2.6020643e-09,0.6977563,1
2398072781,2398070824,0.6943089,0.012261666,-0.008833002,0.7195185,0.71633524,-7.848939e-10,2.6020643e-09,0.6977563,1
2398076332,2398075828,0.6944232,0.012111232,-0.00882699,0.71941084,0.71633524,-7.848939e-10,2.6020643e-09,0.6977563,1
2398085287,2398081076,0.6944519,0.011967759,-0.008879669,0.7193848,0.71633524,-7.848939e-10,2.6020643e-09,0.6977563,1
2398086736,2398086204,0.69454235,0.011882577,-0.008926648,0.71929836,0.71633524,-7.848939e-10,2.6020643e-09,0.6977563,1
2398091991,2398091390,0.6946288,0.011744822,-0.008897985,0.71921754,0.71633524,-7.848939e-10,2.6020643e-09,0.6977563,1
2398097098,2398096135,0.6947069,0.011615552,-0.008926763,0.71914375,0.71633524,-7.848939e-10,2.6020643e-09,0.6977563,1
2398101664,2398101052,0.69475704,0.01154049,-0.008990486,0.7190957,0.71633524,-7.848939e-10,2.6020643e-09,0.6977563,1
2398110592,2398106295,0.69482625,0.011340458,-0.00894771,0.7190326,0.71633524,-7.848939e-10,2.6020643e-09,0.6977563,1
2398112275,2398111597,0.6949297,0.011194404,-0.0090008695,0.7189343,0.71633524,-7.848939e-10,2.6020643e-09,0.6977563,1
2398116775,2398116253,0.6949818,0.011051346,-0.009047835,0.7188855,0.71633524,-7.848939e-10,2.6020643e-09,0.6977563,1
2398125766,2398121302,0.69508415,0.010852828,-0.008962522,0.71879065,0.71633524,-7.848939e-10,2.6020643e-09,0.6977563,1
2398135738,2398135219,0.69529366,0.01042553,-0.009054312,0.7185931,0.71633524,-7.848939e-10,2.6020643e-09,0.6977563,1
2398140969,2398140342,0.69534504,0.0102995625,-0.009056078,0.71854526,0.71633524,-7.848939e-10,2.6020643e-09,0.6977563,1
2398150883,2398150460,0.69550484,0.009992625,-0.009044665,0.7183951,0.71633524,-7.848939e-10,2.6020643e-09,0.6977563,1
2398156182,2398155480,0.6955401,0.009821513,-0.009001357,0.7183638,0.71633524,-7.848939e-10,2.6020643e-09,0.6977563,1
2398161023,2398160474,0.6955842,0.009626009,-0.008928979,0.71832466,0.71633524,-7.848939e-10,2.6020643e-09,0.6977563,1
2398171514,2398171030,0.69575393,0.009306975,-0.008905074,0.7181648,0.71633524,-7.848939e-10,2.6020643e-09,0.6977563,1
2398176227,2398175668,0.69578665,0.009136187,-0.008873544,0.71813565,0.71633524,-7.848939e-10,2.6020643e-09,0.6977563,1
2398186287,2398180734,0.69589657,0.008969758,-0.008913736,0.71803075,0.71633524,-7.848939e-10,2.6020643e-09,0.6977563,1
2398188276,2398187139,0.6959252,0.008764613,-0.008867146,0.71800613,0.71633524,-7.848939e-10,2.6020643e-09,0.6977563,1
2398192767,2398192128,0.6960255,0.008622218,-0.008877458,0.7179105,0.71633524,-7.848939e-10,2.6020643e-09,0.6977563,1
2398203151,2398202378,0.69610304,0.008243944,-0.008804508,0.7178407,0.71633524,-7.848939e-10,2.6020643e-09,0.6977563,1
2398207836,2398207248,0.6961906,0.008078454,-0.008832855,0.7177572,0.71633524,-7.848939e-10,2.6020643e-09,0.6977563,1
2398212958,2398212265,0.6962971,0.007880326,-0.008787119,0.7176567,0.71633524,-7.848939e-10,2.6020643e-09,0.6977563,1
2398217905,2398217343,0.6962663,0.0076709595,-0.008710874,0.7176898,0.71633524,-7.848939e-10,2.6020643e-09,0.6977563,1
2398229714,2398229017,0.69641274,0.0072426233,-0.008583478,0.7175536,0.71633524,-7.848939e-10,2.6020643e-09,0.6977563,1
2398234387,2398233770,0.6964749,0.0071223653,-0.0085510705,0.71749485,0.71633524,-7.848939e-10,2.6020643e-09,0.6977563,1
2398244533,2398243831,0.69660056,0.0068887332,-0.008434019,0.7173766,0.71633524,-7.848939e-10,2.6020643e-09,0.6977563,1
2398249555,2398248977,0.6966474,0.0068182475,-0.008416028,0.71733195,0.71633524,-7.848939e-10,2.6020643e-09,0.6977563,1
2398254587,2398253985,0.69672394,0.0067104152,-0.008349428,0.71725935,0.71633524,-7.848939e-10,2.6020643e-09,0.6977563,1
2398259523,2398258983,0.6967741,0.0066003897,-0.008270846,0.7172126,0.71633524,-7.848939e-10,2.6020643e-09,0.6977563,1
2398264734,2398264076,0.69678104,0.006507578,-0.008252007,0.717207,0.71633524,-7.848939e-10,2.6020643e-09,0.6977563,1
2398273421,2398269498,0.6968794,0.0063545816,-0.008128739,0.7171142,0.71633524,-7.848939e-10,2.6020643e-09,0.6977563,1
2398275705,2398275118,0.69693035,0.006207352,-0.008090417,0.71706635,0.71633524,-7.848939e-10,2.6020643e-09,0.6977563,1
2398284937,2398279230,0.69695145,0.0061215376,-0.008051145,0.71704704,0.71633524,-7.848939e-10,2.6020643e-09,0.6977563,1
2398286887,2398284361,0.6970316,0.0060235374,-0.007986291,0.7169707,0.71633524,-7.848939e-10,2.6020643e-09,0.6977563,1
2398294983,2398294374,0.69712496,0.0057930667,-0.007866513,0.7168831,0.71633524,-7.848939e-10,2.6020643e-09,0.6977563,1
2398306107,2398304935,0.6972534,0.0055222195,-0.0076233195,0.7167629,0.71633524,-7.848939e-10,2.6020643e-09,0.6977563,1
2398315282,2398314612,0.6973348,0.0053522517,-0.0073815105,0.71668756,0.71633524,-7.848939e-10,2.6020643e-09,0.6977563,1
2398320140,2398319617,0.6973836,0.0051800692,-0.0071347714,0.71664387,0.71633524,-7.848939e-10,2.6020643e-09,0.6977563,1
2398332676,2398331032,0.6974611,0.004893789,-0.006739474,0.7165742,0.71633524,-7.848939e-10,2.6020643e-09,0.6977563,1
2398336801,2398336246,0.6975068,0.0047848634,-0.0066396873,0.7165315,0.71633524,-7.848939e-10,2.6020643e-09,0.6977563,1
2398342190,2398341292,0.6975354,0.0047143153,-0.0064989384,0.7165054,0.71633524,-7.848939e-10,2.6020643e-09,0.6977563,1
2398350499,2398346339,0.697579,0.0045985417,-0.0063168113,0.71646523,0.71633524,-7.848939e-10,2.6020643e-09,0.6977563,1
2398352751,2398351676,0.6976199,0.0045200745,-0.006220482,0.7164268,0.71633524,-7.848939e-10,2.6020643e-09,0.6977563,1
2398356786,2398356256,0.69767183,0.00446718,-0.0061245887,0.7163774,0.71633524,-7.848939e-10,2.6020643e-09,0.6977563,1
2398365724,2398365098,0.6977141,0.004322944,-0.005877803,0.71633923,0.71633524,-7.848939e-10,2.6020643e-09,0.6977563,1
2398374550,2398370323,0.6977536,0.004219053,-0.005762756,0.7163023,0.71633524,-7.848939e-10,2.6020643e-09,0.6977563,1
2398377376,2398376657,0.6978838,0.0041707517,-0.005653252,0.7161766,0.71633524,-7.848939e-10,2.6020643e-09,0.6977563,1
2398380940,2398380332,0.6978699,0.004099486,-0.0055358047,0.7161915,0.71633524,-7.848939e-10,2.6020643e-09,0.6977563,1
2398392307,2398391608,0.69797057,0.003919745,-0.0051910346,0.716097,0.71633524,-7.848939e-10,2.6020643e-09,0.6977563,1
2398397415,2398396713,0.697995,0.0038716905,-0.0050462135,0.71607447,0.71633524,-7.848939e-10,2.6020643e-09,0.6977563,1
2398406276,2398405657,0.69809794,0.0037394327,-0.004707986,0.71597713,0.71633524,-7.848939e-10,2.6020643e-09,0.6977563,1
2398411150,2398410583,0.69814324,0.0036856502,-0.0044799307,0.71593463,0.71633524,-7.848939e-10,2.6020643e-09,0.6977563,1
2398420037,2398415622,0.69814336,0.0036177367,-0.004300218,0.71593595,0.71633524,-7.848939e-10,2.6020643e-09,0.6977563,1
2398426676,2398426055,0.698368,0.00353166,-0.0038740411,0.71571976,0.71633524,-7.848939e-10,2.6020643e-09,0.6977563,1
2398431474,2398430761,0.6983468,0.0034836195,-0.0037131896,0.7157415,0.71633524,-7.848939e-10,2.6020643e-09,0.6977563,1
2398436558,2398435415,0.69834876,0.00344274,-0.003560784,0.71574056,0.71633524,-7.848939e-10,2.6020643e-09,0.6977563,1
2398445282,2398444694,0.6984591,0.0033949222,-0.0032540674,0.7156346,0.71633524,-7.848939e-10,2.6020643e-09,0.6977563,1
2398450397,2398449845,0.6984392,0.0033974536,-0.003118472,0.71565455,0.71633524,-7.848939e-10,2.6020643e-09,0.6977563,1
2398455385,2398454818,0.69849414,0.0033950747,-0.002994662,0.7156015,0.71633524,-7.848939e-10,2.6020643e-09,0.6977563,1
2398466643,2398464931,0.69856685,0.0033701423,-0.0027137364,0.7155317,0.71633524,-7.848939e-10,2.6020643e-09,0.6977563,1
2398477745,2398475048,0.6986411,0.003398019,-0.0024473364,0.71546006,0.71633524,-7.848939e-10,2.6020643e-09,0.6977563,1
2398481297,2398480310,0.6986815,0.003442127,-0.0023478472,0.7154208,0.71633524,-7.848939e-10,2.6020643e-09,0.6977563,1
2398485844,2398485276,0.6986992,0.0034329402,-0.0021841095,0.7154041,0.71633524,-7.848939e-10,2.6020643e-09,0.6977563,1
2398495670,2398490236,0.69876856,0.003417046,-0.0019782223,0.715337,0.71633524,-7.848939e-10,2.6020643e-09,0.6977563,1
2398497471,2398496618,0.69878584,0.0034552428,-0.0017962926,0.7153204,0.71633524,-7.848939e-10,2.6020643e-09,0.6977563,1
2398502479,2398501825,0.6988334,0.0034313714,-0.0015915493,0.7152745,0.71633524,-7.848939e-10,2.6020643e-09,0.6977563,1
2398513481,2398512917,0.6989005,0.0034679784,-0.0011636806,0.71520954,0.71633524,-7.848939e-10,2.6020643e-09,0.6977563,1
2398522555,2398521888,0.6989851,0.0033983453,-0.0008071577,0.71512777,0.71633524,-7.848939e-10,2.6020643e-09,0.6977563,1
2398527446,2398526863,0.69903785,0.003455171,-0.00070183916,0.715076,0.71633524,-7.848939e-10,2.6020643e-09,0.6977563,1
2398532508,2398531879,0.69898987,0.003433732,-0.0004931617,0.71512324,0.71633524,-7.848939e-10,2.6020643e-09,0.6977563,1
2398541594,2398536979,0.6990387,0.0034516456,-0.00037249987,0.71507543,0.71633524,-7.848939e-10,2.6020643e-09,0.6977563,1
2398543510,2398542053,0.6991021,0.003502993,-0.0002910196,0.71501327,0.71633524,-7.848939e-10,2.6020643e-09,0.6977563,1
2398547734,2398547070,0.69909245,0.0035074912,-0.0001304945,0.71502274,0.71633524,-7.848939e-10,2.6020643e-09,0.6977563,1
2398552723,2398552131,0.69912815,0.0035014157,-1.8214965e-05,0.7149879,0.71633524,-7.848939e-10,2.6020643e-09,0.6977563,1
2398557829,2398557335,0.69923854,0.0035299105,5.3854503e-05,0.7148798,0.71633524,-7.848939e-10,2.6020643e-09,0.6977563,1
2398569067,2398568580,0.69935405,0.0035410756,0.00034773498,0.7147666,0.71633524,-7.848939e-10,2.6020643e-09,0.6977563,1
2398579313,2398577339,0.69946015,0.0035198864,0.00061699405,0.71466273,0.71633524,-7.848939e-10,2.6020643e-09,0.6977563,1
2398582943,2398582395,0.69945645,0.0035077226,0.00074951205,0.7146663,0.71633524,-7.848939e-10,2.6020643e-09,0.6977563,1
2398588039,2398587451,0.69958484,0.0035213947,0.0008536439,0.71454036,0.71633524,-7.848939e-10,2.6020643e-09,0.6977563,1
2398599352,2398597553,0.699654,0.003519813,0.0011132942,0.7144724,0.71633524,-7.848939e-10,2.6020643e-09,0.6977563,1
2398603155,2398602575,0.69973785,0.0035495914,0.00122065,0.71438986,0.71633524,-7.848939e-10,2.6020643e-09,0.6977563,1
2398612112,2398611457,0.69989717,0.003611892,0.0013992592,0.7142331,0.71633524,-7.848939e-10,2.6020643e-09,0.6977563,1
2398622124,2398616485,0.69992036,0.0036246825,0.0015058822,0.7142101,0.71633524,-7.848939e-10,2.6020643e-09,0.6977563,1
2398623965,2398622932,0.7000392,0.0036383576,0.0016363381,0.71409327,0.71633524,-7.848939e-10,2.6020643e-09,0.6977563,1
2398628641,2398627993,0.7000634,0.0036584227,0.0017219078,0.71406925,0.71633524,-7.848939e-10,2.6020643e-09,0.6977563,1
2398633830,2398633154,0.70008963,0.0037512614,0.0017553788,0.714043,0.71633524,-7.848939e-10,2.6020643e-09,0.6977563,1
2398643622,2398638001,0.700172,0.0037393698,0.0018792888,0.713962,0.71633524,-7.848939e-10,2.6020643e-09,0.6977563,1
2398646007,2398645414,0.70020556,0.0038612098,0.0019814614,0.71392816,0.71633524,-7.848939e-10,2.6020643e-09,0.6977563,1
2398650108,2398649484,0.70028806,0.0038970448,0.0021179395,0.7138466,0.71633524,-7.848939e-10,2.6020643e-09,0.6977563,1
2398658912,2398658337,0.70035446,0.004001657,0.002293546,0.7137804,0.71633524,-7.848939e-10,2.6020643e-09,0.6977563,1
2398663773,2398663254,0.70040923,0.004082309,0.0024177663,0.7137258,0.71633524,-7.848939e-10,2.6020643e-09,0.6977563,1
2398673817,2398673370,0.7005601,0.004165344,0.0027282834,0.71357614,0.71633524,-7.848939e-10,2.6020643e-09,0.6977563,1
2398682700,2398678480,0.70057154,0.0043102126,0.0028266713,0.7135636,0.71633524,-7.848939e-10,2.6020643e-09,0.6977563,1
2398684018,2398683511,0.70063734,0.004341156,0.0030057554,0.7134981,0.71633524,-7.848939e-10,2.6020643e-09,0.6977563,1
2398692853,2398688875,0.700687,0.0043442273,0.0031540876,0.7134487,0.71633524,-7.848939e-10,2.6020643e-09,0.6977563,1
2398693992,2398693556,0.70073813,0.0043995897,0.0032800569,0.71339756,0.71633524,-7.848939e-10,2.6020643e-09,0.6977563,1
2398703243,2398698845,0.7007889,0.0043944893,0.0035022062,0.71334666,0.71633524,-7.848939e-10,2.6020643e-09,0.6977563,1
2398704076,2398703684,0.70084727,0.0043846574,0.003640213,0.71328866,0.71633524,-7.848939e-10,2.6020643e-09,0.6977563,1
2398709408,2398708700,0.7009266,0.0044961367,0.0037058562,0.7132096,0.71633524,-7.848939e-10,2.6020643e-09,0.6977563,1
2398719439,2398716383,0.7010055,0.0045363638,0.0038657852,0.71313095,0.71633524,-7.848939e-10,2.6020643e-09,0.6977563,1
2398728124,2398726349,0.7010751,0.004575577,0.004086927,0.71306115,0.71633524,-7.848939e-10,2.6020643e-09,0.6977563,1
2398732222,2398731677,0.70110327,0.0046650157,0.004133347,0.7130326,0.71633524,-7.848939e-10,2.6020643e-09,0.6977563,1
2398742166,2398741554,0.70118344,0.004793644,0.0042739073,0.712952,0.71633524,-7.848939e-10,2.6020643e-09,0.6977563,1
2398747105,2398746577,0.70125073,0.0048813773,0.004300084,0.7128851,0.71633524,-7.848939e-10,2.6020643e-09,0.6977563,1
2398752226,2398751694,0.7012654,0.004952704,0.004398847,0.7128695,0.71633524,-7.848939e-10,2.6020643e-09,0.6977563,1
2398757411,2398756729,0.70128113,0.004990351,0.004437495,0.7128536,0.71633524,-7.848939e-10,2.6020643e-09,0.6977563,1
2398767506,2398763057,0.7013441,0.005078532,0.004521355,0.7127905,0.71633524,-7.848939e-10,2.6020643e-09,0.6977563,1
2398769788,2398768153,0.701378,0.0051018666,0.0045771627,0.7127566,0.71633524,-7.848939e-10,2.6020643e-09,0.6977563,1
2398778739,2398778170,0.70150226,0.0051497356,0.004673064,0.7126333,0.71633524,-7.848939e-10,2.6020643e-09,0.6977563,1
2398783786,2398783222,0.70146453,0.0051290113,0.004742267,0.71267015,0.71633524,-7.848939e-10,2.6020643e-09,0.6977563,1
2398792563,2398788720,0.7015876,0.0051342873,0.0047733365,0.71254873,0.71633524,-7.848939e-10,2.6020643e-09,0.6977563,1
2398800556,2398799766,0.7017328,0.005127635,0.0049064592,0.71240485,0.71633524,-7.848939e-10,2.6020643e-09,0.6977563,1
2398805696,2398804940,0.70176,0.0051226653,0.0049819914,0.7123776,0.71633524,-7.848939e-10,2.6020643e-09,0.6977563,1
2398810338,2398809761,0.7017823,0.0051344414,0.0050317445,0.71235526,0.71633524,-7.848939e-10,2.6020643e-09,0.6977563,1
2398819165,2398814989,0.7018905,0.0051803915,0.0050269035,0.71224827,0.71633524,-7.848939e-10,2.6020643e-09,0.6977563,1
2398820271,2398819873,0.7019438,0.005168432,0.005116948,0.71219516,0.71633524,-7.848939e-10,2.6020643e-09,0.6977563,1
2398830721,2398829953,0.7019977,0.0052981344,0.005180055,0.71214074,0.71633524,-7.848939e-10,2.6020643e-09,0.6977563,1
2398835652,2398835023,0.70208436,0.005331866,0.0052298116,0.7120546,0.71633524,-7.848939e-10,2.6020643e-09,0.6977563,1
2398840700,2398840122,0.702036,0.00543258,0.0051629357,0.712102,0.71633524,-7.848939e-10,2.6020643e-09,0.6977563,1
2398845700,2398845209,0.70208186,0.0054740286,0.005176378,0.7120564,0.71633524,-7.848939e-10,2.6020643e-09,0.6977563,1
2398850787,2398850193,0.70219225,0.0055291434,0.005214252,0.71194685,0.71633524,-7.848939e-10,2.6020643e-09,0.6977563,1
2398855720,2398855224,0.7021925,0.0055551096,0.0052015884,0.71194655,0.71633524,-7.848939e-10,2.6020643e-09,0.6977563,1
2398860839,2398860388,0.70222735,0.005621469,0.0052016797,0.7119117,0.71633524,-7.848939e-10,2.6020643e-09,0.6977563,1
2398865926,2398865325,0.70230216,0.005616108,0.005211634,0.71183777,0.71633524,-7.848939e-10,2.6020643e-09,0.6977563,1
2398870894,2398870361,0.7023198,0.005587109,0.0052057216,0.71182066,0.71633524,-7.848939e-10,2.6020643e-09,0.6977563,1
2398879879,2398877962,0.70240325,0.0056165345,0.005202664,0.7117381,0.71633524,-7.848939e-10,2.6020643e-09,0.6977563,1
2398883547,2398883020,0.70244527,0.0056654946,0.005157362,0.7116966,0.71633524,-7.848939e-10,2.6020643e-09,0.6977563,1
2398892454,2398888066,0.7024996,0.0056550344,0.0051575033,0.711643,0.71633524,-7.848939e-10,2.6020643e-09,0.6977563,1
2398894411,2398893392,0.7025369,0.0056604147,0.005104879,0.71160656,0.71633524,-7.848939e-10,2.6020643e-09,0.6977563,1
2398898722,2398898220,0.70258546,0.0057267398,0.0050187786,0.71155864,0.71633524,-7.848939e-10,2.6020643e-09,0.6977563,1
2398907678,2398903338,0.7026143,0.0057862536,0.0049827127,0.71153,0.71633524,-7.848939e-10,2.6020643e-09,0.6977563,1
2398914002,2398912164,0.70272875,0.005876087,0.0048994995,0.7114168,0.71633524,-7.848939e-10,2.6020643e-09,0.6977563,1
2398917701,2398917154,0.7027464,0.0059993602,0.0048278454,0.71139884,0.71633524,-7.848939e-10,2.6020643e-09,0.6977563,1
2398930025,2398928719,0.70282996,0.0061282422,0.004740859,0.7113157,0.71633524,-7.848939e-10,2.6020643e-09,0.6977563,1
2398934184,2398933565,0.7028604,0.0061553023,0.0047528427,0.7112853,0.71633524,-7.848939e-10,2.6020643e-09,0.6977563,1
2398939279,2398938720,0.70287967,0.006195668,0.00468787,0.71126634,0.71633524,-7.848939e-10,2.6020643e-09,0.6977563,1
2398944462,2398943653,0.70294225,0.0062161502,0.004600471,0.7112049,0.71633524,-7.848939e-10,2.6020643e-09,0.6977563,1
2398949504,2398948743,0.70298475,0.0062452694,0.0045734583,0.7111628,0.71633524,-7.848939e-10,2.6020643e-09,0.6977563,1
2398954815,2398953945,0.70297664,0.006186012,0.0045246305,0.7111716,0.71633524,-7.848939e-10,2.6020643e-09,0.6977563,1
2398964512,2398958815,0.7030579,0.0061733667,0.004447993,0.71109194,0.71633524,-7.848939e-10,2.6020643e-09,0.6977563,1
2398969514,2398968967,0.70308876,0.006051622,0.0043744096,0.71106297,0.71633524,-7.848939e-10,2.6020643e-09,0.6977563,1
2398980654,2398979100,0.70322466,0.0059749587,0.004236534,0.71093005,0.71633524,-7.848939e-10,2.6020643e-09,0.6977563,1
2398992544,2398992026,0.7032624,0.0058941813,0.0040712697,0.7108943,0.71633524,-7.848939e-10,2.6020643e-09,0.6977563,1
2399002305,2398997997,0.70336086,0.005895411,0.003940569,0.71079767,0.71633524,-7.848939e-10,2.6020643e-09,0.6977563,1
2399004195,2399003262,0.7033614,0.005876776,0.003838093,0.7107979,0.71633524,-7.848939e-10,2.6020643e-09,0.6977563,1
2399013740,2399009445,0.7034782,0.0058785314,0.0037093125,0.71068287,0.71633524,-7.848939e-10,2.6020643e-09,0.6977563,1
2399015844,2399014446,0.70350313,0.0058720126,0.0036248954,0.71065867,0.71633524,-7.848939e-10,2.6020643e-09,0.6977563,1
2399025090,2399023313,0.7035683,0.0058753826,0.0034267541,0.7105952,0.71633524,-7.848939e-10,2.6020643e-09,0.6977563,1
2399029325,2399028686,0.7037211,0.005794346,0.003380143,0.71044475,0.71633524,-7.848939e-10,2.6020643e-09,0.6977563,1
2399033806,2399033342,0.7037578,0.0057301465,0.0032973872,0.7104093,0.71633524,-7.848939e-10,2.6020643e-09,0.6977563,1
2399039071,2399038386,0.70375454,0.0056525976,0.0032034381,0.7104135,0.71633524,-7.848939e-10,2.6020643e-09,0.6977563,1
2399051692,2399051209,0.7039171,0.005447654,0.00294496,0.71025527,0.71633524,-7.848939e-10,2.6020643e-09,0.6977563,1
2399056612,2399056066,0.70396125,0.005329488,0.0028527025,0.71021277,0.71633524,-7.848939e-10,2.6020643e-09,0.6977563,1
2399065632,2399061111,0.7039764,0.0053016855,0.0026890782,0.7101985,0.71633524,-7.848939e-10,2.6020643e-09,0.6977563,1
2399066647,2399066227,0.7040576,0.005250533,0.0025398438,0.710119,0.71633524,-7.848939e-10,2.6020643e-09,0.6977563,1
2399071842,2399071252,0.70414126,0.0051131435,0.0024598483,0.7100373,0.71633524,-7.848939e-10,2.6020643e-09,0.6977563,1
2399083778,2399083272,0.70426273,0.005043915,0.0020772447,0.7099185,0.71633524,-7.848939e-10,2.6020643e-09,0.6977563,1
2399088248,2399087696,0.7042977,0.0050253733,0.0018992801,0.70988446,0.71633524,-7.848939e-10,2.6020643e-09,0.6977563,1
2399093337,2399092777,0.7043413,0.004980403,0.0017840854,0.70984185,0.71633524,-7.848939e-10,2.6020643e-09,0.6977563,1
2399098243,2399097746,0.70439327,0.004896588,0.0016879218,0.7097911,0.71633524,-7.848939e-10,2.6020643e-09,0.6977563,1
2399108342,2399107863,0.7045334,0.0048395637,0.0014067004,0.70965296,0.71633524,-7.848939e-10,2.6020643e-09,0.6977563,1
2399118578,2399112993,0.7046014,0.004722033,0.0013772453,0.70958626,0.71633524,-7.848939e-10,2.6020643e-09,0.6977563,1
2399119875,2399119370,0.7046566,0.0046639107,0.0012640349,0.709532,0.71633524,-7.848939e-10,2.6020643e-09,0.6977563,1
2399124863,2399124277,0.7046905,0.0045542903,0.001244969,0.7094991,0.71633524,-7.848939e-10,2.6020643e-09,0.6977563,1
2399129967,2399129415,0.70474356,0.004491374,0.001114268,0.709447,0.71633524,-7.848939e-10,2.6020643e-09,0.6977563,1
2399140025,2399139560,0.7048252,0.0043998105,0.00092515536,0.7093668,0.71633524,-7.848939e-10,2.6020643e-09,0.6977563,1
2399150150,2399149563,0.70496345,0.0043537766,0.00065951823,0.70923007,0.71633524,-7.848939e-10,2.6020643e-09,0.6977563,1
2399160174,2399158512,0.7049927,0.004289764,0.0004225747,0.70920146,0.71633524,-7.848939e-10,2.6020643e-09,0.6977563,1
2399164056,2399163476,0.705112,0.004305971,0.00021092426,0.7090829,0.71633524,-7.848939e-10,2.6020643e-09,0.6977563,1
2399169257,2399168581,0.70520765,0.0042911223,1.5685522e-05,0.70898783,0.71633524,-7.848939e-10,2.6020643e-09,0.6977563,1
2399174457,2399173552,0.70520186,0.0042435634,-0.00010312822,0.7089939,0.71633524,-7.848939e-10,2.6020643e-09,0.6977563,1
2399184299,2399178614,0.7052316,0.0042685675,-0.00027449534,0.70896417,0.71633524,-7.848939e-10,2.6020643e-09,0.6977563,1
2399186484,2399184976,0.7053055,0.004226336,-0.000420404,0.7088908,0.71633524,-7.848939e-10,2.6020643e-09,0.6977563,1
2399195577,2399195017,0.7053989,0.0042093834,-0.00062740984,0.7087978,0.71633524,-7.848939e-10,2.6020643e-09,0.6977563,1
2399204589,2399200370,0.70545965,0.0041762586,-0.00065484503,0.70873755,0.71633524,-7.848939e-10,2.6020643e-09,0.6977563,1
2399210666,2399205198,0.7054685,0.0041379044,-0.0007369451,0.7087289,0.71633524,-7.848939e-10,2.6020643e-09,0.6977563,1
2399215828,2399215324,0.70560706,0.0040237377,-0.00081275986,0.70859146,0.71633524,-7.848939e-10,2.6020643e-09,0.6977563,1
2399226023,2399225371,0.7056815,0.003997925,-0.0009408938,0.7085174,0.71633524,-7.848939e-10,2.6020643e-09,0.6977563,1
2399231274,2399230662,0.7057524,0.0039688465,-0.0010109008,0.7084468,0.71633524,-7.848939e-10,2.6020643e-09,0.6977563,1
2399236176,2399235524,0.7057464,0.0039715213,-0.0011327479,0.7084525,0.71633524,-7.848939e-10,2.6020643e-09,0.6977563,1
2399246099,2399244391,0.70582724,0.0039982493,-0.0013499652,0.7083715,0.71633524,-7.848939e-10,2.6020643e-09,0.6977563,1
2399250002,2399249429,0.7058651,0.0039652716,-0.0014491439,0.70833385,0.71633524,-7.848939e-10,2.6020643e-09,0.6977563,1
2399254940,2399254413,0.705905,0.0039804364,-0.0015889709,0.70829356,0.71633524,-7.848939e-10,2.6020643e-09,0.6977563,1
2399260011,2399259440,0.7059341,0.0039976807,-0.0017311164,0.7082641,0.71633524,-7.848939e-10,2.6020643e-09,0.6977563,1
2399265169,2399264469,0.7059598,0.003902325,-0.0017880956,0.70823896,0.71633524,-7.848939e-10,2.6020643e-09,0.6977563,1
2399273998,2399270019,0.7060213,0.0038854424,-0.0018859883,0.7081775,0.71633524,-7.848939e-10,2.6020643e-09,0.6977563,1
2399282538,2399281935,0.70610446,0.0037192255,-0.00204812,0.708095,0.71633524,-7.848939e-10,2.6020643e-09,0.6977563,1
2399286885,2399286351,0.7061094,0.0036697008,-0.0021197943,0.7080901,0.71633524,-7.848939e-10,2.6020643e-09,0.6977563,1
2399291580,2399291038,0.7061073,0.0035661978,-0.0020762691,0.70809287,0.71633524,-7.848939e-10,2.6020643e-09,0.6977563,1
2399302887,2399302275,0.7061764,0.0035088072,-0.0023296694,0.7080235,0.71633524,-7.848939e-10,2.6020643e-09,0.6977563,1
2399306890,2399306285,0.7061752,0.0035047939,-0.0024003526,0.7080244,0.71633524,-7.848939e-10,2.6020643e-09,0.6977563,1
2399311820,2399311232,0.70620996,0.0035068654,-0.0025446662,0.7079892,0.71633524,-7.848939e-10,2.6020643e-09,0.6977563,1
2399316930,2399316333,0.70625323,0.0036039623,-0.002714373,0.7079449,0.71633524,-7.848939e-10,2.6020643e-09,0.6977563,1
2399321948,2399321397,0.7062482,0.0036918449,-0.0028211873,0.7079491,0.71633524,-7.848939e-10,2.6020643e-09,0.6977563,1
2399332071,2399326344,0.7062532,0.0037839557,-0.002972591,0.7079431,0.71633524,-7.848939e-10,2.6020643e-09,0.6977563,1
2399334377,2399332026,0.7063564,0.0038749487,-0.0031724318,0.70783865,0.71633524,-7.848939e-10,2.6020643e-09,0.6977563,1
2399337083,2399336554,0.70633274,0.0039413143,-0.003291789,0.7078614,0.71633524,-7.848939e-10,2.6020643e-09,0.6977563,1
2399347212,2399345484,0.7062643,0.004021259,-0.0035210273,0.70792806,0.71633524,-7.848939e-10,2.6020643e-09,0.6977563,1
2399350859,2399350357,0.7063368,0.0040485733,-0.003641376,0.707855,0.71633524,-7.848939e-10,2.6020643e-09,0.6977563,1
2399361107,2399360643,0.7063744,0.0039583044,-0.00382197,0.707817,0.71633524,-7.848939e-10,2.6020643e-09,0.6977563,1
2399366146,2399365551,0.70644474,0.003960588,-0.003976141,0.70774597,0.71633524,-7.848939e-10,2.6020643e-09,0.6977563,1
2399377134,2399376231,0.706456,0.0038291332,-0.004117055,0.7077347,0.71633524,-7.848939e-10,2.6020643e-09,0.6977563,1
2399381534,2399380879,0.70646757,0.0037897492,-0.004224018,0.7077227,0.71633524,-7.848939e-10,2.6020643e-09,0.6977563,1
2399386516,2399385791,0.7065324,0.0037192688,-0.0042965347,0.70765793,0.71633524,-7.848939e-10,2.6020643e-09,0.6977563,1
2399396592,2399390797,0.7064834,0.0037248596,-0.004446366,0.7077059,0.71633524,-7.848939e-10,2.6020643e-09,0.6977563,1
2399401693,2399397349,0.70654285,0.003721746,-0.0045789555,0.7076457,0.71633524,-7.848939e-10,2.6020643e-09,0.6977563,1
2399408043,2399407198,0.70653313,0.00377732,-0.004795977,0.7076537,0.71633524,-7.848939e-10,2.6020643e-09,0.6977563,1
2399412923,2399412284,0.70658225,0.0038172256,-0.004889555,0.7076038,0.71633524,-7.848939e-10,2.6020643e-09,0.6977563,1
2399417879,2399417329,0.7065904,0.0038281095,-0.0049742507,0.70759493,0.71633524,-7.848939e-10,2.6020643e-09,0.6977563,1
2399428105,2399427454,0.70654166,0.00394107,-0.005214571,0.70764124,0.71633524,-7.848939e-10,2.6020643e-09,0.6977563,1
2399436916,2399432554,0.7065584,0.003922663,-0.005278915,0.7076242,0.71633524,-7.848939e-10,2.6020643e-09,0.6977563,1
2399439337,2399438762,0.7065304,0.003941892,-0.005459735,0.7076507,0.71633524,-7.848939e-10,2.6020643e-09,0.6977563,1
2399443389,2399442754,0.7065476,0.003914339,-0.0055212025,0.70763314,0.71633524,-7.848939e-10,2.6020643e-09,0.6977563,1
2399453520,2399452716,0.70658326,0.0037539124,-0.0056782034,0.7075972,0.71633524,-7.848939e-10,2.6020643e-09,0.6977563,1
2399458292,2399457775,0.70657796,0.0036813025,-0.0057813954,0.707602,0.71633524,-7.848939e-10,2.6020643e-09,0.6977563,1
2399468377,2399467886,0.7066345,0.0035376817,-0.006006038,0.70754445,0.71633524,-7.848939e-10,2.6020643e-09,0.6977563,1
2399478471,2399478014,0.7066229,0.00356621,-0.006209205,0.7075541,0.71633524,-7.848939e-10,2.6020643e-09,0.6977563,1
2399488771,2399486831,0.70663404,0.0036240835,-0.0064483234,0.7075406,0.71633524,-7.848939e-10,2.6020643e-09,0.6977563,1
2399497542,2399497010,0.70663524,0.0037156616,-0.006633495,0.70753723,0.71633524,-7.848939e-10,2.6020643e-09,0.6977563,1
2399506482,2399503263,0.70669675,0.0037336324,-0.0067654974,0.7074744,0.71633524,-7.848939e-10,2.6020643e-09,0.6977563,1
2399508706,2399508295,0.7066635,0.003700882,-0.006797068,0.7075075,0.71633524,-7.848939e-10,2.6020643e-09,0.6977563,1
2399514076,2399513411,0.70664,0.0036740042,-0.0068113804,0.70753103,0.71633524,-7.848939e-10,2.6020643e-09,0.6977563,1
2399523982,2399518404,0.7066934,0.0036334472,-0.006887548,0.70747703,0.71633524,-7.848939e-10,2.6020643e-09,0.6977563,1
2399526155,2399524773,0.7066578,0.0035776314,-0.00689128,0.7075129,0.71633524,-7.848939e-10,2.6020643e-09,0.6977563,1
2399530308,2399529754,0.7067103,0.0035081522,-0.006942515,0.7074604,0.71633524,-7.848939e-10,2.6020643e-09,0.6977563,1
2399540480,2399539882,0.70668817,0.0033745635,-0.0069345464,0.7074832,0.71633524,-7.848939e-10,2.6020643e-09,0.6977563,1
2399545382,2399544929,0.70673645,0.003310693,-0.0069645536,0.70743495,0.71633524,-7.848939e-10,2.6020643e-09,0.6977563,1
2399550574,2399550016,0.7067814,0.00326301,-0.00696754,0.7073903,0.71633524,-7.848939e-10,2.6020643e-09,0.6977563,1
2399562676,2399560220,0.70679605,0.003253927,-0.007086335,0.70737445,0.71633524,-7.848939e-10,2.6020643e-09,0.6977563,1
2399566073,2399565298,0.70688504,0.0032640737,-0.0071358616,0.7072849,0.71633524,-7.848939e-10,2.6020643e-09,0.6977563,1
2399570874,2399570241,0.706847,0.003294488,-0.007207569,0.70732206,0.71633524,-7.848939e-10,2.6020643e-09,0.6977563,1
2399575916,2399575261,0.70687073,0.0033829447,-0.007282604,0.70729715,0.71633524,-7.848939e-10,2.6020643e-09,0.6977563,1
2399580972,2399580406,0.707001,0.0034181864,-0.0073421025,0.70716625,0.71633524,-7.848939e-10,2.6020643e-09,0.6977563,1
2399585986,2399585441,0.7069915,0.0034821122,-0.007412142,0.70717466,0.71633524,-7.848939e-10,2.6020643e-09,0.6977563,1
2399591115,2399590463,0.70699525,0.0036062412,-0.0075304615,0.707169,0.71633524,-7.848939e-10,2.6020643e-09,0.6977563,1
2399601015,2399595452,0.7070547,0.003607571,-0.0075571206,0.70710933,0.71633524,-7.848939e-10,2.6020643e-09,0.6977563,1
2399602895,2399600536,0.7070821,0.0035773527,-0.0075727054,0.7070819,0.71633524,-7.848939e-10,2.6020643e-09,0.6977563,1
2399606135,2399605577,0.7070855,0.0035780987,-0.0076152375,0.70707804,0.71633524,-7.848939e-10,2.6020643e-09,0.6977563,1
2399618645,2399618184,0.70716345,0.003365407,-0.0075806943,0.7070015,0.71633524,-7.848939e-10,2.6020643e-09,0.6977563,1
2399623901,2399623256,0.7072073,0.0032704799,-0.0075967046,0.70695794,0.71633524,-7.848939e-10,2.6020643e-09,0.6977563,1
2399636049,2399635137,0.7072284,0.0031191478,-0.0077166506,0.7069362,0.71633524,-7.848939e-10,2.6020643e-09,0.6977563,1
2399640292,2399639721,0.7072153,0.0030773464,-0.00778818,0.7069487,0.71633524,-7.848939e-10,2.6020643e-09,0.6977563,1
2399645467,2399644682,0.70722485,0.0030914168,-0.007843407,0.7069385,0.71633524,-7.848939e-10,2.6020643e-09,0.6977563,1
2399654382,2399650081,0.7072516,0.003016528,-0.007881037,0.7069115,0.71633524,-7.848939e-10,2.6020643e-09,0.6977563,1
2399656487,2399654984,0.7072746,0.003040116,-0.007976612,0.70688736,0.71633524,-7.848939e-10,2.6020643e-09,0.6977563,1
2399660420,2399659892,0.70726395,0.0030814586,-0.0080567505,0.706897,0.71633524,-7.848939e-10,2.6020643e-09,0.6977563,1
2399665719,2399664960,0.70724607,0.0030116695,-0.00804972,0.70691526,0.71633524,-7.848939e-10,2.6020643e-09,0.6977563,1
2399675955,2399675045,0.70730406,0.0031228988,-0.008209484,0.70685494,0.71633524,-7.848939e-10,2.6020643e-09,0.6977563,1
2399680791,2399680187,0.70729107,0.0031355983,-0.00822959,0.70686764,0.71633524,-7.848939e-10,2.6020643e-09,0.6977563,1
2399690841,2399685174,0.7073554,0.0031606306,-0.008300691,0.7068023,0.71633524,-7.848939e-10,2.6020643e-09,0.6977563,1
2399691898,2399691461,0.7073157,0.0031565577,-0.008266367,0.7068425,0.71633524,-7.848939e-10,2.6020643e-09,0.6977563,1
2399701178,2399697477,0.70742905,0.00318216,-0.00836786,0.70672774,0.71633524,-7.848939e-10,2.6020643e-09,0.6977563,1
2399707254,2399706637,0.70741564,0.003082158,-0.008345246,0.70674187,0.71633524,-7.848939e-10,2.6020643e-09,0.6977563,1
2399717436,2399716828,0.70747143,0.0029561021,-0.008354346,0.70668644,0.71633524,-7.848939e-10,2.6020643e-09,0.6977563,1
2399727601,2399726866,0.70747805,0.0028364903,-0.008351589,0.70668036,0.71633524,-7.848939e-10,2.6020643e-09,0.6977563,1
2399737732,2399736963,0.7074774,0.00280932,-0.008332013,0.7066814,0.71633524,-7.848939e-10,2.6020643e-09,0.6977563,1
2399747688,2399747209,0.7075422,0.00286142,-0.008341246,0.70661616,0.71633524,-7.848939e-10,2.6020643e-09,0.6977563,1
2399752801,2399752159,0.70751345,0.0028639394,-0.008289693,0.7066455,0.71633524,-7.848939e-10,2.6020643e-09,0.6977563,1
2399757750,2399757184,0.7075116,0.0028782033,-0.008237384,0.70664793,0.71633524,-7.848939e-10,2.6020643e-09,0.6977563,1
2399762897,2399762276,0.7075571,0.002595824,-0.007950021,0.7066068,0.71633524,-7.848939e-10,2.6020643e-09,0.6977563,1
2399771913,2399767389,0.7075344,0.002048393,-0.0074611832,0.70663667,0.71633524,-7.848939e-10,2.6020643e-09,0.6977563,1
2399773708,2399772432,0.707479,0.0011531377,-0.006791414,0.70670086,0.71633524,-7.848939e-10,2.6020643e-09,0.6977563,1
2399777958,2399777390,0.7074948,-0.00016317093,-0.005878421,0.7066942,0.71633524,-7.848939e-10,2.6020643e-09,0.6977563,1
2399783046,2399782446,0.70753723,-0.0018791518,-0.0046613705,0.7066582,0.71633524,-7.848939e-10,2.6020643e-09,0.6977563,1
2399793184,2399792528,0.7074669,-0.0043939436,-0.0029786532,0.7067266,0.71633524,-7.848939e-10,2.6020643e-09,0.6977563,1
2399803243,2399800620,0.70731354,-0.009106604,0.00022765112,0.70684135,0.71633524,-7.848939e-10,2.6020643e-09,0.6977563,1
2399805717,2399805155,0.70721054,-0.012122289,0.0023653645,0.7068952,0.71633524,-7.848939e-10,2.6020643e-09,0.6977563,1
2399810887,2399810242,0.70711035,-0.015787506,0.0050691706,0.70690876,0.71633524,-7.848939e-10,2.6020643e-09,0.6977563,1
2399815820,2399815242,0.70690626,-0.019633492,0.007995394,0.7069895,0.71633524,-7.848939e-10,2.6020643e-09,0.6977563,1
2399820861,2399820293,0.7067058,-0.023734534,0.011155273,0.70702136,0.71633524,-7.848939e-10,2.6020643e-09,0.6977563,1
2399825926,2399825333,0.706548,-0.028046785,0.014632394,0.7069578,0.71633524,-7.848939e-10,2.6020643e-09,0.6977563,1
2399836111,2399835682,0.70612067,-0.03753066,0.022314008,0.7067441,0.71633524,-7.848939e-10,2.6020643e-09,0.6977563,1
2399841338,2399840732,0.70594,-0.042406347,0.026294312,0.7065119,0.71633524,-7.848939e-10,2.6020643e-09,0.6977563,1
2399846115,2399845554,0.70574397,-0.0471647,0.030205699,0.7062497,0.71633524,-7.848939e-10,2.6020643e-09,0.6977563,1
2399855208,2399850702,0.7053403,-0.052275997,0.034437373,0.7060994,0.71633524,-7.848939e-10,2.6020643e-09,0.6977563,1
2399861306,2399855708,0.70509017,-0.057383817,0.03868356,0.7057327,0.71633524,-7.848939e-10,2.6020643e-09,0.6977563,1
2399866503,2399863202,0.7046437,-0.065095186,0.04522134,0.70512056,0.71633524,-7.848939e-10,2.6020643e-09,0.6977563,1
2399872853,2399870852,0.7041185,-0.07304004,0.052025225,0.7043974,0.71633524,-7.848939e-10,2.6020643e-09,0.6977563,1
2399876511,2399875926,0.70381933,-0.07830579,0.056647573,0.7037739,0.71633524,-7.848939e-10,2.6020643e-09,0.6977563,1
2399881601,2399880980,0.70347786,-0.083477214,0.061286274,0.7031319,0.71633524,-7.848939e-10,2.6020643e-09,0.6977563,1
2399886701,2399886026,0.70295674,-0.08857977,0.06599592,0.7026023,0.71633524,-7.848939e-10,2.6020643e-09,0.6977563,1
2399896756,2399896148,0.70217085,-0.09852093,0.07551244,0.70110464,0.71633524,-7.848939e-10,2.6020643e-09,0.6977563,1
2399905807,2399901361,0.70175666,-0.103428945,0.08047208,0.7002602,0.71633524,-7.848939e-10,2.6020643e-09,0.6977563,1
2399911825,2399911263,0.7007858,-0.112223454,0.089944534,0.6987239,0.71633524,-7.848939e-10,2.6020643e-09,0.6977563,1
2399917050,2399916376,0.7003769,-0.1165599,0.09475765,0.6977872,0.71633524,-7.848939e-10,2.6020643e-09,0.6977563,1
2399930816,2399930268,0.6989043,-0.12740529,0.107426696,0.6955288,0.71633524,-7.848939e-10,2.6020643e-09,0.6977563,1
2399939777,2399935433,0.69833183,-0.13114439,0.111861944,0.6947092,0.71633524,-7.848939e-10,2.6020643e-09,0.6977563,1
2399941320,2399940357,0.6977555,-0.13459611,0.11593643,0.6939596,0.71633524,-7.848939e-10,2.6020643e-09,0.6977563,1
2399945956,2399945395,0.6971506,-0.13793468,0.119872816,0.69324285,0.71633524,-7.848939e-10,2.6020643e-09,0.6977563,1
2399956008,2399955535,0.6961192,-0.14429468,0.12725097,0.69166785,0.71633524,-7.848939e-10,2.6020643e-09,0.6977563,1
2399964780,2399960984,0.69548523,-0.14733474,0.13082784,0.690997,0.71633524,-7.848939e-10,2.6020643e-09,0.6977563,1
2399966133,2399965691,0.6949784,-0.14978394,0.13382769,0.69040567,0.71633524,-7.848939e-10,2.6020643e-09,0.6977563,1
2399976400,2399975690,0.6940694,-0.15448555,0.13973613,0.68911237,0.71633524,-7.848939e-10,2.6020643e-09,0.6977563,1
2399981426,2399980808,0.69360656,-0.15658222,0.14258823,0.6885206,0.71633524,-7.848939e-10,2.6020643e-09,0.6977563,1
2399991521,2399989630,0.6928883,-0.15972438,0.14724024,0.6875422,0.71633524,-7.848939e-10,2.6020643e-09,0.6977563,1
2399995114,2399994640,0.6925123,-0.16121924,0.14975034,0.68702984,0.71633524,-7.848939e-10,2.6020643e-09,0.6977563,1
2400004214,2399999823,0.69219863,-0.16264592,0.15219347,0.68647254,0.71633524,-7.848939e-10,2.6020643e-09,0.6977563,1
2400010592,2400008607,0.6916989,-0.1645624,0.15618187,0.68562317,0.71633524,-7.848939e-10,2.6020643e-09,0.6977563,1
2400019212,2400017335,0.691251,-0.1659979,0.15970823,0.6849162,0.71633524,-7.848939e-10,2.6020643e-09,0.6977563,1
2400023081,2400022539,0.69096255,-0.16664016,0.16168237,0.68458796,0.71633524,-7.848939e-10,2.6020643e-09,0.6977563,1
2400033263,2400032723,0.6906037,-0.16762574,0.16502418,0.68391174,0.71633524,-7.848939e-10,2.6020643e-09,0.6977563,1
2400038135,2400037559,0.6903846,-0.16792586,0.16647609,0.6837074,0.71633524,-7.848939e-10,2.6020643e-09,0.6977563,1
2400048860,2400047795,0.690125,-0.16814868,0.16911264,0.68326753,0.71633524,-7.848939e-10,2.6020643e-09,0.6977563,1
2400053356,2400052763,0.6900228,-0.16812919,0.17025617,0.68309146,0.71633524,-7.848939e-10,2.6020643e-09,0.6977563,1
2400058491,2400057853,0.6899859,-0.16801514,0.17130256,0.6828952,0.71633524,-7.848939e-10,2.6020643e-09,0.6977563,1
2400063438,2400062851,0.68992484,-0.16777046,0.17220184,0.6827908,0.71633524,-7.848939e-10,2.6020643e-09,0.6977563,1
2400074665,2400074245,0.68984425,-0.16686787,0.17407198,0.6826193,0.71633524,-7.848939e-10,2.6020643e-09,0.6977563,1
2400083751,2400083066,0.6898831,-0.16585054,0.17519127,0.68254155,0.71633524,-7.848939e-10,2.6020643e-09,0.6977563,1
2400088622,2400088077,0.6899333,-0.1650819,0.17574136,0.68253577,0.71633524,-7.848939e-10,2.6020643e-09,0.6977563,1
2400093752,2400093157,0.6900047,-0.16424173,0.17620693,0.6825462,0.71633524,-7.848939e-10,2.6020643e-09,0.6977563,1
2400098748,2400098202,0.69010663,-0.16327836,0.17659776,0.6825734,0.71633524,-7.848939e-10,2.6020643e-09,0.6977563,1
2400103868,2400103272,0.6902029,-0.16229178,0.17690435,0.68263185,0.71633524,-7.848939e-10,2.6020643e-09,0.6977563,1
2400108985,2400108409,0.69034064,-0.16114454,0.17713867,0.68270355,0.71633524,-7.848939e-10,2.6020643e-09,0.6977563,1
2400114074,2400113360,0.69044423,-0.16007729,0.17728987,0.6828106,0.71633524,-7.848939e-10,2.6020643e-09,0.6977563,1
2400118999,2400118418,0.69059706,-0.1588633,0.17737901,0.6829164,0.71633524,-7.848939e-10,2.6020643e-09,0.6977563,1
2400128210,2400123583,0.6907332,-0.15765257,0.17738424,0.683058,0.71633524,-7.848939e-10,2.6020643e-09,0.6977563,1
2400134198,2400128506,0.69091237,-0.15636909,0.1772821,0.6831983,0.71633524,-7.848939e-10,2.6020643e-09,0.6977563,1
2400139351,2400138799,0.6912867,-0.15364599,0.17687607,0.6835426,0.71633524,-7.848939e-10,2.6020643e-09,0.6977563,1
2400150577,2400150060,0.691712,-0.15051338,0.17621143,0.6839809,0.71633524,-7.848939e-10,2.6020643e-09,0.6977563,1
2400159489,2400155186,0.69187474,-0.14902662,0.1758171,0.6842432,0.71633524,-7.848939e-10,2.6020643e-09,0.6977563,1
2400165952,2400165225,0.69226754,-0.14600994,0.1748716,0.68473846,0.71633524,-7.848939e-10,2.6020643e-09,0.6977563,1
2400170970,2400170365,0.69247943,-0.14442469,0.17426307,0.68501544,0.71633524,-7.848939e-10,2.6020643e-09,0.6977563,1
2400176164,2400175561,0.6926943,-0.14273497,0.173581,0.6853255,0.71633524,-7.848939e-10,2.6020643e-09,0.6977563,1
2400180980,2400180366,0.69288576,-0.14118087,0.17288728,0.6856291,0.71633524,-7.848939e-10,2.6020643e-09,0.6977563,1
2400190978,2400185382,0.6931191,-0.13951463,0.17211601,0.6859284,0.71633524,-7.848939e-10,2.6020643e-09,0.6977563,1
2400193355,2400191699,0.6933894,-0.13738096,0.17106912,0.6863476,0.71633524,-7.848939e-10,2.6020643e-09,0.6977563,1
2400197551,2400196931,0.69361216,-0.1356363,0.17009003,0.6867128,0.71633524,-7.848939e-10,2.6020643e-09,0.6977563,1
2400202452,2400201873,0.69385606,-0.13387978,0.16913007,0.687048,0.71633524,-7.848939e-10,2.6020643e-09,0.6977563,1
2400207417,2400206867,0.6940793,-0.13215372,0.1680867,0.68741274,0.71633524,-7.848939e-10,2.6020643e-09,0.6977563,1
2400212480,2400211922,0.6943288,-0.13031206,0.16691929,0.68779665,0.71633524,-7.848939e-10,2.6020643e-09,0.6977563,1
2400224272,2400223503,0.69491863,-0.12596607,0.16406001,0.68869805,0.71633524,-7.848939e-10,2.6020643e-09,0.6977563,1
2400228851,2400228294,0.6951746,-0.12414512,0.16273165,0.68908554,0.71633524,-7.848939e-10,2.6020643e-09,0.6977563,1
2400237695,2400233606,0.6954601,-0.12203539,0.16124193,0.68952435,0.71633524,-7.848939e-10,2.6020643e-09,0.6977563,1
2400244062,2400243493,0.6959993,-0.118044004,0.15821849,0.6903749,0.71633524,-7.848939e-10,2.6020643e-09,0.6977563,1
2400253040,2400248813,0.69628215,-0.11578573,0.15655708,0.69085073,0.71633524,-7.848939e-10,2.6020643e-09,0.6977563,1
2400259302,2400258621,0.69682634,-0.11156598,0.15320256,0.69174784,0.71633524,-7.848939e-10,2.6020643e-09,0.6977563,1
2400264485,2400263776,0.6971153,-0.109348126,0.15130089,0.6922293,0.71633524,-7.848939e-10,2.6020643e-09,0.6977563,1
2400274436,2400273801,0.69765514,-0.10483996,0.14747992,0.6932068,0.71633524,-7.848939e-10,2.6020643e-09,0.6977563,1
2400283381,2400281674,0.69807345,-0.10121711,0.14429186,0.69399464,0.71633524,-7.848939e-10,2.6020643e-09,0.6977563,1
2400287214,2400286644,0.6983458,-0.0988752,0.1422158,0.6944866,0.71633524,-7.848939e-10,2.6020643e-09,0.6977563,1
2400292061,2400291534,0.6985787,-0.09658542,0.14005546,0.6950133,0.71633524,-7.848939e-10,2.6020643e-09,0.6977563,1
2400297147,2400296533,0.6988609,-0.0942033,0.13782495,0.6955024,0.71633524,-7.848939e-10,2.6020643e-09,0.6977563,1
2400305969,2400301719,0.6991073,-0.09172491,0.13542369,0.6960575,0.71633524,-7.848939e-10,2.6020643e-09,0.6977563,1
2400314269,2400313185,0.69968915,-0.08621266,0.12986185,0.69723636,0.71633524,-7.848939e-10,2.6020643e-09,0.6977563,1
2400323651,2400321865,0.7001082,-0.082033455,0.12547062,0.6981234,0.71633524,-7.848939e-10,2.6020643e-09,0.6977563,1
2400327805,2400326888,0.7003388,-0.079590484,0.12280554,0.6986485,0.71633524,-7.848939e-10,2.6020643e-09,0.6977563,1
2400332653,2400332006,0.7005982,-0.07707537,0.12007699,0.69914454,0.71633524,-7.848939e-10,2.6020643e-09,0.6977563,1
2400342705,2400342017,0.7010373,-0.0722489,0.114506155,0.70015365,0.71633524,-7.848939e-10,2.6020643e-09,0.6977563,1
2400353321,2400352319,0.7014756,-0.06727889,0.10849526,0.70116645,0.71633524,-7.848939e-10,2.6020643e-09,0.6977563,1
2400357702,2400357171,0.7016855,-0.06493931,0.10560223,0.70161855,0.71633524,-7.848939e-10,2.6020643e-09,0.6977563,1
2400367831,2400367320,0.7021025,-0.060031652,0.09927375,0.70256186,0.71633524,-7.848939e-10,2.6020643e-09,0.6977563,1
2400372870,2400372327,0.70229226,-0.057618216,0.096072495,0.70301914,0.71633524,-7.848939e-10,2.6020643e-09,0.6977563,1
2400377940,2400377339,0.70247304,-0.055211175,0.0928348,0.70346653,0.71633524,-7.848939e-10,2.6020643e-09,0.6977563,1
2400383114,2400382384,0.7026534,-0.05275688,0.089554146,0.70389986,0.71633524,-7.848939e-10,2.6020643e-09,0.6977563,1
2400391844,2400387920,0.7028247,-0.050116647,0.085862495,0.70438164,0.71633524,-7.848939e-10,2.6020643e-09,0.6977563,1
2400394079,2400393188,0.70301086,-0.04751479,0.082334526,0.7047973,0.71633524,-7.848939e-10,2.6020643e-09,0.6977563,1
2400398159,2400397572,0.7031272,-0.04541785,0.079324126,0.70516455,0.71633524,-7.848939e-10,2.6020643e-09,0.6977563,1
2400407014,2400402671,0.70328623,-0.04290181,0.07580284,0.7055508,0.71633524,-7.848939e-10,2.6020643e-09,0.6977563,1
2400418576,2400417816,0.7036017,-0.035736486,0.064991385,0.7067133,0.71633524,-7.848939e-10,2.6020643e-09,0.6977563,1
2400429073,2400427951,0.70378894,-0.030994155,0.057529293,0.7073973,0.71633524,-7.848939e-10,2.6020643e-09,0.6977563,1
2400433761,2400433130,0.70385766,-0.028614756,0.05367372,0.70773214,0.71633524,-7.848939e-10,2.6020643e-09,0.6977563,1
2400445240,2400444663,0.703959,-0.023424886,0.0448697,0.7084347,0.71633524,-7.848939e-10,2.6020643e-09,0.6977563,1
2400449958,2400449373,0.70400304,-0.02135737,0.041220393,0.70867807,0.71633524,-7.848939e-10,2.6020643e-09,0.6977563,1
2400455193,2400454442,0.70402664,-0.019142592,0.037281692,0.708936,0.71633524,-7.848939e-10,2.6020643e-09,0.6977563,1
2400463932,2400459547,0.70404404,-0.016935026,0.03327249,0.7091743,0.71633524,-7.848939e-10,2.6020643e-09,0.6977563,1
2400470248,2400469634,0.7040076,-0.0126464795,0.025218768,0.70963186,0.71633524,-7.848939e-10,2.6020643e-09,0.6977563,1
2400479093,2400474878,0.7040154,-0.010474506,0.021067096,0.70979494,0.71633524,-7.848939e-10,2.6020643e-09,0.6977563,1
2400490421,2400489813,0.7038476,-0.0044103498,0.009055663,0.7102797,0.71633524,-7.848939e-10,2.6020643e-09,0.6977563,1
2400501654,2400501077,0.70368445,-0.000115014016,-1.9580716e-06,0.7105127,0.71633524,-7.848939e-10,2.6020643e-09,0.6977563,1
2400505687,2400505020,0.7036079,0.0013846846,-0.0031508598,0.71058017,0.71633524,-7.848939e-10,2.6020643e-09,0.6977563,1
2400515964,2400515083,0.7033335,0.0050157392,-0.011170395,0.71075463,0.71633524,-7.848939e-10,2.6020643e-09,0.6977563,1
2400520729,2400520144,0.70317495,0.006762384,-0.015118408,0.7108241,0.71633524,-7.848939e-10,2.6020643e-09,0.6977563,1
2400532025,2400531517,0.70279175,0.010580583,-0.023912732,0.71091497,0.71633524,-7.848939e-10,2.6020643e-09,0.6977563,1
2400542832,2400542236,0.7024224,0.014087369,-0.032033294,0.7108996,0.71633524,-7.848939e-10,2.6020643e-09,0.6977563,1
2400547252,2400546667,0.7022367,0.0154553,-0.035344675,0.7108977,0.71633524,-7.848939e-10,2.6020643e-09,0.6977563,1
2400557419,2400556801,0.70180726,0.018625446,-0.04280647,0.71083564,0.71633524,-7.848939e-10,2.6020643e-09,0.6977563,1
2400567601,2400564423,0.7014377,0.02083856,-0.048268836,0.710789,0.71633524,-7.848939e-10,2.6020643e-09,0.6977563,1
2400569994,2400569422,0.70118517,0.022232953,-0.051749974,0.71075106,0.71633524,-7.848939e-10,2.6020643e-09,0.6977563,1
2400579854,2400579464,0.7006946,0.025012674,-0.058569863,0.71061313,0.71633524,-7.848939e-10,2.6020643e-09,0.6977563,1
2400585176,2400584530,0.7003973,0.026346147,-0.061930157,0.7105732,0.71633524,-7.848939e-10,2.6020643e-09,0.6977563,1
2400594022,2400593480,0.69996,0.028590266,-0.067682624,0.7103926,0.71633524,-7.848939e-10,2.6020643e-09,0.6977563,1
2400604005,2400603592,0.69938266,0.030982813,-0.07385362,0.7102462,0.71633524,-7.848939e-10,2.6020643e-09,0.6977563,1
2400609284,2400608555,0.69917136,0.032173686,-0.07676964,0.71009207,0.71633524,-7.848939e-10,2.6020643e-09,0.6977563,1
2400614276,2400613635,0.69884044,0.03329819,-0.07964556,0.7100493,0.71633524,-7.848939e-10,2.6020643e-09,0.6977563,1
2400625678,2400625046,0.698211,0.03582031,-0.08589584,0.709817,0.71633524,-7.848939e-10,2.6020643e-09,0.6977563,1
2400634416,2400633837,0.6977261,0.037747845,-0.09053567,0.7096173,0.71633524,-7.848939e-10,2.6020643e-09,0.6977563,1
2400643368,2400638969,0.6973883,0.038861834,-0.09307527,0.7095607,0.71633524,-7.848939e-10,2.6020643e-09,0.6977563,1
2400649666,2400648111,0.6968672,0.04075086,-0.09746751,0.70937693,0.71633524,-7.848939e-10,2.6020643e-09,0.6977563,1
2400658388,2400657786,0.696301,0.042660985,-0.101799935,0.7092122,0.71633524,-7.848939e-10,2.6020643e-09,0.6977563,1
2400668609,2400667882,0.6957594,0.044566434,-0.10602914,0.7090067,0.71633524,-7.848939e-10,2.6020643e-09,0.6977563,1
2400673844,2400673221,0.6954139,0.045457546,-0.10807857,0.7089798,0.71633524,-7.848939e-10,2.6020643e-09,0.6977563,1
2400678515,2400678021,0.69516516,0.046338934,-0.10992604,0.7088825,0.71633524,-7.848939e-10,2.6020643e-09,0.6977563,1
2400683668,2400683041,0.69486207,0.04723576,-0.11165965,0.7088495,0.71633524,-7.848939e-10,2.6020643e-09,0.6977563,1
2400693705,2400688088,0.69457173,0.048102923,-0.113444746,0.7087923,0.71633524,-7.848939e-10,2.6020643e-09,0.6977563,1
2400695725,2400695215,0.69419044,0.0493516,-0.11573741,0.7087094,0.71633524,-7.848939e-10,2.6020643e-09,0.6977563,1
2400705203,2400700798,0.69389915,0.05032133,-0.11748021,0.7086397,0.71633524,-7.848939e-10,2.6020643e-09,0.6977563,1
2400707024,2400706503,0.69355166,0.05122003,-0.11916549,0.708634,0.71633524,-7.848939e-10,2.6020643e-09,0.6977563,1
2400711509,2400710911,0.69330686,0.051953297,-0.12044048,0.70860463,0.71633524,-7.848939e-10,2.6020643e-09,0.6977563,1
2400716520,2400715898,0.69301504,0.05279928,-0.12183289,0.7085895,0.71633524,-7.848939e-10,2.6020643e-09,0.6977563,1
2400721433,2400720921,0.69271886,0.05355198,-0.1231822,0.7085894,0.71633524,-7.848939e-10,2.6020643e-09,0.6977563,1
2400731702,2400731055,0.69215167,0.055124134,-0.12580419,0.7085625,0.71633524,-7.848939e-10,2.6020643e-09,0.6977563,1
2400736690,2400736115,0.6918816,0.05581735,-0.12700574,0.7085576,0.71633524,-7.848939e-10,2.6020643e-09,0.6977563,1
2400741735,2400741153,0.691591,0.056552343,-0.12823793,0.708561,0.71633524,-7.848939e-10,2.6020643e-09,0.6977563,1
2400746821,2400746218,0.6913362,0.057280235,-0.1293799,0.7085436,0.71633524,-7.848939e-10,2.6020643e-09,0.6977563,1
2400756927,2400751305,0.6910574,0.05795568,-0.13054481,0.70854706,0.71633524,-7.848939e-10,2.6020643e-09,0.6977563,1
2400758997,2400758055,0.6907161,0.05885488,-0.13205074,0.7085266,0.71633524,-7.848939e-10,2.6020643e-09,0.6977563,1
2400763211,2400762665,0.6904592,0.059430562,-0.13303176,0.7085455,0.71633524,-7.848939e-10,2.6020643e-09,0.6977563,1
2400768301,2400767706,0.69015414,0.06005177,-0.13407275,0.70859414,0.71633524,-7.848939e-10,2.6020643e-09,0.6977563,1
2400776985,2400772761,0.6899352,0.060660124,-0.1350429,0.70857126,0.71633524,-7.848939e-10,2.6020643e-09,0.6977563,1
2400779009,2400777940,0.68962467,0.061246056,-0.13598359,0.70864326,0.71633524,-7.848939e-10,2.6020643e-09,0.6977563,1
2400783578,2400782874,0.68939674,0.061788376,-0.13685292,0.7086506,0.71633524,-7.848939e-10,2.6020643e-09,0.6977563,1
2400788859,2400787955,0.6891796,0.062355805,-0.13768853,0.70865023,0.71633524,-7.848939e-10,2.6020643e-09,0.6977563,1
2400799322,2400798475,0.6886398,0.063443676,-0.13930473,0.7087625,0.71633524,-7.848939e-10,2.6020643e-09,0.6977563,1
2400803614,2400803053,0.6884337,0.0639146,-0.1399443,0.7087945,0.71633524,-7.848939e-10,2.6020643e-09,0.6977563,1
2400812572,2400808301,0.6880789,0.06436678,-0.14062741,0.70896286,0.71633524,-7.848939e-10,2.6020643e-09,0.6977563,1
2400820988,2400820101,0.6875316,0.06539478,-0.14204818,0.7091165,0.71633524,-7.848939e-10,2.6020643e-09,0.6977563,1
2400825217,2400824578,0.6873553,0.06579041,-0.14253789,0.7091526,0.71633524,-7.848939e-10,2.6020643e-09,0.6977563,1
2400830210,2400829589,0.6871504,0.06619012,-0.14307581,0.70920557,0.71633524,-7.848939e-10,2.6020643e-09,0.6977563,1
2400839194,2400834636,0.68693584,0.06653818,-0.14351365,0.7092924,0.71633524,-7.848939e-10,2.6020643e-09,0.6977563,1
2400841715,2400841097,0.6867012,0.06702976,-0.14419255,0.7093357,0.71633524,-7.848939e-10,2.6020643e-09,0.6977563,1
2400845287,2400844770,0.6865721,0.067275584,-0.14446189,0.7093826,0.71633524,-7.848939e-10,2.6020643e-09,0.6977563,1
2400850448,2400849776,0.68636686,0.06758454,-0.14481844,0.70947903,0.71633524,-7.848939e-10,2.6020643e-09,0.6977563,1
2400862515,2400860244,0.6860266,0.06826497,-0.1454652,0.7096107,0.71633524,-7.848939e-10,2.6020643e-09,0.6977563,1
2400865827,2400865197,0.6858469,0.06852105,-0.14568304,0.709715,0.71633524,-7.848939e-10,2.6020643e-09,0.6977563,1
2400874458,2400873827,0.68557775,0.068951674,-0.1460113,0.7098659,0.71633524,-7.848939e-10,2.6020643e-09,0.6977563,1
2400885373,2400884779,0.6852261,0.0693883,-0.14609863,0.7101448,0.71633524,-7.848939e-10,2.6020643e-09,0.6977563,1
2400894698,2400894050,0.68496186,0.06974496,-0.14604966,0.71037483,0.71633524,-7.848939e-10,2.6020643e-09,0.6977563,1
2400899689,2400899160,0.6847998,0.06980455,-0.14590178,0.7105557,0.71633524,-7.848939e-10,2.6020643e-09,0.6977563,1
2400911637,2400911114,0.6844859,0.070169404,-0.14554365,0.7108955,0.71633524,-7.848939e-10,2.6020643e-09,0.6977563,1
2400915952,2400915459,0.6843744,0.07030921,-0.14535497,0.7110276,0.71633524,-7.848939e-10,2.6020643e-09,0.6977563,1
2400926144,2400923514,0.6841557,0.07056573,-0.14490417,0.71130466,0.71633524,-7.848939e-10,2.6020643e-09,0.6977563,1
2400928635,2400928175,0.6840461,0.0706679,-0.14455459,0.711471,0.71633524,-7.848939e-10,2.6020643e-09,0.6977563,1
2400938910,2400938309,0.68383193,0.0708145,-0.14364584,0.71184635,0.71633524,-7.848939e-10,2.6020643e-09,0.6977563,1
2400943826,2400943231,0.68371713,0.070898384,-0.14313684,0.71205074,0.71633524,-7.848939e-10,2.6020643e-09,0.6977563,1
2400955100,2400954028,0.68349177,0.07100671,-0.14182125,0.7125194,0.71633524,-7.848939e-10,2.6020643e-09,0.6977563,1
2400958955,2400958444,0.6834246,0.07100969,-0.14120166,0.7127065,0.71633524,-7.848939e-10,2.6020643e-09,0.6977563,1
2400964256,2400963540,0.68336457,0.07100559,-0.14043164,0.7129166,0.71633524,-7.848939e-10,2.6020643e-09,0.6977563,1
2400969285,2400968632,0.68323493,0.071012914,-0.13964099,0.7131954,0.71633524,-7.848939e-10,2.6020643e-09,0.6977563,1
2400974242,2400973612,0.6832059,0.070999965,-0.13876177,0.7133961,0.71633524,-7.848939e-10,2.6020643e-09,0.6977563,1
2400982972,2400979041,0.68311137,0.07093994,-0.13775167,0.71368825,0.71633524,-7.848939e-10,2.6020643e-09,0.6977563,1
2400990390,2400990002,0.6829469,0.07078238,-0.13556172,0.7142803,0.71633524,-7.848939e-10,2.6020643e-09,0.6977563,1
2400999563,2400998877,0.68278354,0.0706931,-0.13369396,0.7147972,0.71633524,-7.848939e-10,2.6020643e-09,0.6977563,1
2401009617,2401008964,0.6827105,0.070437364,-0.13126041,0.715343,0.71633524,-7.848939e-10,2.6020643e-09,0.6977563,1
2401018503,2401014428,0.6825862,0.07030703,-0.12992854,0.7157176,0.71633524,-7.848939e-10,2.6020643e-09,0.6977563,1
2401024847,2401024093,0.68254095,0.06998318,-0.12735595,0.71625465,0.71633524,-7.848939e-10,2.6020643e-09,0.6977563,1
2401029779,2401029192,0.68243414,0.06980842,-0.12596115,0.7166201,0.71633524,-7.848939e-10,2.6020643e-09,0.6977563,1
2401039150,2401038009,0.68236977,0.069523655,-0.12344855,0.71714604,0.71633524,-7.848939e-10,2.6020643e-09,0.6977563,1
2401048776,2401046830,0.68236625,0.0692289,-0.12077407,0.7176332,0.71633524,-7.848939e-10,2.6020643e-09,0.6977563,1
2401057659,2401057095,0.6822198,0.06895296,-0.11764556,0.7183184,0.71633524,-7.848939e-10,2.6020643e-09,0.6977563,1
2401062659,2401062022,0.6822526,0.06876277,-0.11602756,0.71856856,0.71633524,-7.848939e-10,2.6020643e-09,0.6977563,1
2401067727,2401067080,0.6821924,0.068592414,-0.11445213,0.7188946,0.71633524,-7.848939e-10,2.6020643e-09,0.6977563,1
2401079576,2401079067,0.6821081,0.06819703,-0.1106097,0.71961325,0.71633524,-7.848939e-10,2.6020643e-09,0.6977563,1
2401084113,2401083537,0.68205464,0.068048164,-0.109157056,0.7198998,0.71633524,-7.848939e-10,2.6020643e-09,0.6977563,1
2401089266,2401088652,0.6821162,0.067831695,-0.10739191,0.7201273,0.71633524,-7.848939e-10,2.6020643e-09,0.6977563,1
2401094426,2401093724,0.6820905,0.06761078,-0.10566912,0.7204273,0.71633524,-7.848939e-10,2.6020643e-09,0.6977563,1
2401105475,2401104990,0.68199575,0.06713964,-0.10176211,0.7211231,0.71633524,-7.848939e-10,2.6020643e-09,0.6977563,1
2401110744,2401110062,0.68193364,0.066931844,-0.10000728,0.7214466,0.71633524,-7.848939e-10,2.6020643e-09,0.6977563,1
2401115644,2401115080,0.681914,0.066726774,-0.098216936,0.72173005,0.71633524,-7.848939e-10,2.6020643e-09,0.6977563,1
2401120642,2401120098,0.681893,0.066502064,-0.09641073,0.7220142,0.71633524,-7.848939e-10,2.6020643e-09,0.6977563,1
2401133000,2401130866,0.68177503,0.06618558,-0.0925951,0.72265375,0.71633524,-7.848939e-10,2.6020643e-09,0.6977563,1
2401136161,2401135579,0.68181545,0.065979615,-0.09082851,0.72285867,0.71633524,-7.848939e-10,2.6020643e-09,0.6977563,1
2401146046,2401140370,0.6817408,0.06586452,-0.089162804,0.72314686,0.71633524,-7.848939e-10,2.6020643e-09,0.6977563,1
2401150962,2401150450,0.681652,0.065564305,-0.08551904,0.7236977,0.71633524,-7.848939e-10,2.6020643e-09,0.6977563,1
2401156044,2401155471,0.6815954,0.06543287,-0.08372532,0.7239727,0.71633524,-7.848939e-10,2.6020643e-09,0.6977563,1
2401161088,2401160545,0.681544,0.06529508,-0.08193212,0.7242385,0.71633524,-7.848939e-10,2.6020643e-09,0.6977563,1
2401166393,2401165713,0.6815353,0.06515496,-0.080057696,0.724469,0.71633524,-7.848939e-10,2.6020643e-09,0.6977563,1
2401175140,2401170725,0.6814907,0.06500726,-0.07832462,0.7247136,0.71633524,-7.848939e-10,2.6020643e-09,0.6977563,1
2401177396,2401175863,0.68146145,0.06489972,-0.07656386,0.7249388,0.71633524,-7.848939e-10,2.6020643e-09,0.6977563,1
2401191533,2401190904,0.6812944,0.06447454,-0.07146067,0.72565454,0.71633524,-7.848939e-10,2.6020643e-09,0.6977563,1
2401196484,2401195912,0.68125594,0.064294025,-0.06972863,0.72587514,0.71633524,-7.848939e-10,2.6020643e-09,0.6977563,1
2401206668,2401206149,0.6812006,0.06396095,-0.06631538,0.7262761,0.71633524,-7.848939e-10,2.6020643e-09,0.6977563,1
2401217964,2401217490,0.6811231,0.06359318,-0.06246323,0.72672254,0.71633524,-7.848939e-10,2.6020643e-09,0.6977563,1
2401223118,2401222470,0.68105906,0.06343527,-0.060800593,0.72693735,0.71633524,-7.848939e-10,2.6020643e-09,0.6977563,1
2401233535,2401232521,0.68098277,0.063133635,-0.0574977,0.72730374,0.71633524,-7.848939e-10,2.6020643e-09,0.6977563,1
2401238401,2401237751,0.6808739,0.06296976,-0.055757187,0.72755533,0.71633524,-7.848939e-10,2.6020643e-09,0.6977563,1
2401243169,2401242658,0.6808265,0.06285157,-0.054175083,0.7277294,0.71633524,-7.848939e-10,2.6020643e-09,0.6977563,1
2401248446,2401247737,0.68079835,0.06278003,-0.052597128,0.7278777,0.71633524,-7.848939e-10,2.6020643e-09,0.6977563,1
2401260342,2401259291,0.68067336,0.062543735,-0.048993144,0.72826624,0.71633524,-7.848939e-10,2.6020643e-09,0.6977563,1
2401264727,2401264127,0.6805865,0.062443025,-0.047480237,0.72845626,0.71633524,-7.848939e-10,2.6020643e-09,0.6977563,1
2401275229,2401274495,0.68050724,0.06221445,-0.04434276,0.72874755,0.71633524,-7.848939e-10,2.6020643e-09,0.6977563,1
2401284817,2401279376,0.68044394,0.06210544,-0.042876385,0.7289037,0.71633524,-7.848939e-10,2.6020643e-09,0.6977563,1
2401286317,2401285591,0.6804043,0.06197097,-0.041044097,0.7290576,0.71633524,-7.848939e-10,2.6020643e-09,0.6977563,1
2401291222,2401290656,0.68035877,0.06185562,-0.039552942,0.7291923,0.71633524,-7.848939e-10,2.6020643e-09,0.6977563,1
2401296223,2401295690,0.6802522,0.0617059,-0.03807509,0.7293831,0.71633524,-7.848939e-10,2.6020643e-09,0.6977563,1
2401306349,2401305816,0.68022895,0.061444607,-0.035186503,0.72957194,0.71633524,-7.848939e-10,2.6020643e-09,0.6977563,1
2401316304,2401315921,0.6800826,0.06114997,-0.03233114,0.72986513,0.71633524,-7.848939e-10,2.6020643e-09,0.6977563,1
2401321597,2401320990,0.6800347,0.06097832,-0.030857576,0.72998786,0.71633524,-7.848939e-10,2.6020643e-09,0.6977563,1
2401326659,2401326070,0.67991555,0.060879175,-0.02946068,0.7301648,0.71633524,-7.848939e-10,2.6020643e-09,0.6977563,1
2401336932,2401336270,0.67981297,0.06069166,-0.026695618,0.73038226,0.71633524,-7.848939e-10,2.6020643e-09,0.6977563,1
2401341747,2401341175,0.6796888,0.06062175,-0.02540201,0.73054975,0.71633524,-7.848939e-10,2.6020643e-09,0.6977563,1
2401347024,2401346303,0.6796527,0.06057467,-0.024053438,0.7306329,0.71633524,-7.848939e-10,2.6020643e-09,0.6977563,1
2401356906,2401356319,0.67949444,0.060420096,-0.021440923,0.7308742,0.71633524,-7.848939e-10,2.6020643e-09,0.6977563,1
2401365686,2401361419,0.67942595,0.0603851,-0.020176947,0.73097676,0.71633524,-7.848939e-10,2.6020643e-09,0.6977563,1
2401372370,2401370582,0.6793116,0.06014786,-0.017832316,0.73116356,0.71633524,-7.848939e-10,2.6020643e-09,0.6977563,1
2401375787,2401375253,0.6792231,0.06002618,-0.016715666,0.73128206,0.71633524,-7.848939e-10,2.6020643e-09,0.6977563,1
2401381025,2401380389,0.6791408,0.059910547,-0.015503834,0.7313947,0.71633524,-7.848939e-10,2.6020643e-09,0.6977563,1
2401393390,2401391763,0.6789945,0.05959211,-0.012885759,0.7316073,0.71633524,-7.848939e-10,2.6020643e-09,0.6977563,1
2401397286,2401396761,0.6790012,0.05938673,-0.011756382,0.73163676,0.71633524,-7.848939e-10,2.6020643e-09,0.6977563,1
2401406269,2401405615,0.6788623,0.05908657,-0.009887966,0.73181766,0.71633524,-7.848939e-10,2.6020643e-09,0.6977563,1
2401415199,2401414457,0.67874795,0.058798455,-0.008131576,0.73196846,0.71633524,-7.848939e-10,2.6020643e-09,0.6977563,1
2401420067,2401419498,0.6786863,0.05856353,-0.0071205613,0.73205507,0.71633524,-7.848939e-10,2.6020643e-09,0.6977563,1
2401432177,2401429629,0.6785847,0.058192044,-0.0052596964,0.7321946,0.71633524,-7.848939e-10,2.6020643e-09,0.6977563,1
2401435587,2401434855,0.6785314,0.057952803,-0.0042504687,0.7322695,0.71633524,-7.848939e-10,2.6020643e-09,0.6977563,1
2401445420,2401444838,0.678416,0.057577807,-0.0024849884,0.73241407,0.71633524,-7.848939e-10,2.6020643e-09,0.6977563,1
2401455386,2401450018,0.6783359,0.057400387,-0.0015413447,0.7325048,0.71633524,-7.848939e-10,2.6020643e-09,0.6977563,1
2401457020,2401456203,0.6782939,0.05715329,-0.0004990939,0.7325645,0.71633524,-7.848939e-10,2.6020643e-09,0.6977563,1
2401461745,2401461230,0.67823,0.056954376,0.0003608963,0.7326392,0.71633524,-7.848939e-10,2.6020643e-09,0.6977563,1
2401466912,2401466258,0.67814523,0.056726877,0.001208256,0.73273444,0.71633524,-7.848939e-10,2.6020643e-09,0.6977563,1
2401471732,2401471278,0.6781401,0.056553606,0.001973632,0.73275083,0.71633524,-7.848939e-10,2.6020643e-09,0.6977563,1
2401480650,2401476805,0.6780886,0.056318726,0.0028565652,0.7328137,0.71633524,-7.848939e-10,2.6020643e-09,0.6977563,1
2401481867,2401481469,0.67804307,0.056083314,0.0035836606,0.7328707,0.71633524,-7.848939e-10,2.6020643e-09,0.6977563,1
2401487194,2401486504,0.6780162,0.055837497,0.004307173,0.73291045,0.71633524,-7.848939e-10,2.6020643e-09,0.6977563,1
2401492064,2401491543,0.6780107,0.05558515,0.005066969,0.7329299,0.71633524,-7.848939e-10,2.6020643e-09,0.6977563,1
2401502160,2401496613,0.677927,0.05531729,0.005831456,0.73302186,0.71633524,-7.848939e-10,2.6020643e-09,0.6977563,1
2401503471,2401502999,0.6779185,0.05500617,0.0067058993,0.7330457,0.71633524,-7.848939e-10,2.6020643e-09,0.6977563,1
2401512616,2401508016,0.67784774,0.054749504,0.0073992405,0.7331236,0.71633524,-7.848939e-10,2.6020643e-09,0.6977563,1
2401518585,2401516751,0.6777752,0.05426062,0.008560503,0.7332143,0.71633524,-7.848939e-10,2.6020643e-09,0.6977563,1
2401527662,2401526890,0.67775387,0.053654976,0.009835989,0.73326266,0.71633524,-7.848939e-10,2.6020643e-09,0.6977563,1
2401532465,2401531893,0.6777013,0.05340104,0.010395376,0.7333221,0.71633524,-7.848939e-10,2.6020643e-09,0.6977563,1
2401542589,2401538449,0.67778707,0.052999064,0.01113235,0.73326117,0.71633524,-7.848939e-10,2.6020643e-09,0.6977563,1
2401543714,2401543261,0.67770785,0.052723266,0.011606468,0.7333468,0.71633524,-7.848939e-10,2.6020643e-09,0.6977563,1
2401552694,2401552150,0.6777453,0.052241717,0.012506757,0.733332,0.71633524,-7.848939e-10,2.6020643e-09,0.6977563,1
2401557738,2401557169,0.6777986,0.0518923,0.012980964,0.7332992,0.71633524,-7.848939e-10,2.6020643e-09,0.6977563,1
2401566584,2401562183,0.6777109,0.05157079,0.013454897,0.7333944,0.71633524,-7.848939e-10,2.6020643e-09,0.6977563,1
2401572935,2401572320,0.6777816,0.050901793,0.014312487,0.7333596,0.71633524,-7.848939e-10,2.6020643e-09,0.6977563,1
2401581768,2401581181,0.67780906,0.050295018,0.01503452,0.73336166,0.71633524,-7.848939e-10,2.6020643e-09,0.6977563,1
2401586800,2401586301,0.6777733,0.050000563,0.015402375,0.7334072,0.71633524,-7.848939e-10,2.6020643e-09,0.6977563,1
2401595756,2401591445,0.6778922,0.049597114,0.015844814,0.7333153,0.71633524,-7.848939e-10,2.6020643e-09,0.6977563,1
2401601971,2401599075,0.6779505,0.049071886,0.016383901,0.73328483,0.71633524,-7.848939e-10,2.6020643e-09,0.6977563,1
2401604468,2401603916,0.678001,0.048742075,0.016722491,0.7332525,0.71633524,-7.848939e-10,2.6020643e-09,0.6977563,1
2401609631,2401609034,0.6780167,0.04839155,0.016994579,0.73325497,0.71633524,-7.848939e-10,2.6020643e-09,0.6977563,1
2401619841,2401619116,0.67813885,0.04763673,0.017594382,0.7331773,0.71633524,-7.848939e-10,2.6020643e-09,0.6977563,1
2401628578,2401627972,0.67821354,0.04693934,0.01801696,0.7331429,0.71633524,-7.848939e-10,2.6020643e-09,0.6977563,1
2401638681,2401634427,0.6783082,0.0463857,0.018366026,0.73308194,0.71633524,-7.848939e-10,2.6020643e-09,0.6977563,1
2401644254,2401643668,0.6784472,0.045524254,0.018788122,0.7329966,0.71633524,-7.848939e-10,2.6020643e-09,0.6977563,1
2401648853,2401648241,0.67850584,0.045144055,0.018971995,0.73296106,0.71633524,-7.848939e-10,2.6020643e-09,0.6977563,1
2401663947,2401663377,0.6787255,0.043778393,0.019557336,0.73282516,0.71633524,-7.848939e-10,2.6020643e-09,0.6977563,1
2401672784,2401668504,0.6787951,0.043361403,0.019754402,0.73278016,0.71633524,-7.848939e-10,2.6020643e-09,0.6977563,1
2401674967,2401673616,0.6788467,0.04289164,0.019940311,0.73275506,0.71633524,-7.848939e-10,2.6020643e-09,0.6977563,1
2401679065,2401678478,0.67897743,0.04251788,0.02002545,0.7326533,0.71633524,-7.848939e-10,2.6020643e-09,0.6977563,1
2401689488,2401688689,0.67913896,0.041659627,0.02032779,0.7325446,0.71633524,-7.848939e-10,2.6020643e-09,0.6977563,1
2401694429,2401693682,0.67922133,0.041189272,0.02040273,0.7324928,0.71633524,-7.848939e-10,2.6020643e-09,0.6977563,1
2401699435,2401698638,0.6793665,0.04074763,0.020539999,0.73237896,0.71633524,-7.848939e-10,2.6020643e-09,0.6977563,1
2401710554,2401710061,0.67957073,0.039668176,0.020726949,0.7322435,0.71633524,-7.848939e-10,2.6020643e-09,0.6977563,1
2401720696,2401720142,0.6797219,0.03870292,0.020838564,0.7321516,0.71633524,-7.848939e-10,2.6020643e-09,0.6977563,1
2401729589,2401725500,0.6799173,0.03817204,0.02084793,0.7319978,0.71633524,-7.848939e-10,2.6020643e-09,0.6977563,1
2401736112,2401735510,0.6801231,0.037182655,0.020919139,0.73185545,0.71633524,-7.848939e-10,2.6020643e-09,0.6977563,1
2401740998,2401740412,0.6802205,0.036720466,0.020927073,0.7317881,0.71633524,-7.848939e-10,2.6020643e-09,0.6977563,1
2401746069,2401745483,0.6803939,0.036164407,0.020968942,0.73165333,0.71633524,-7.848939e-10,2.6020643e-09,0.6977563,1
2401751204,2401750554,0.6803636,0.035680752,0.020965826,0.73170537,0.71633524,-7.848939e-10,2.6020643e-09,0.6977563,1
2401756193,2401755649,0.680464,0.035141043,0.020971948,0.73163795,0.71633524,-7.848939e-10,2.6020643e-09,0.6977563,1
2401761276,2401760592,0.68062365,0.03459845,0.020981224,0.731515,0.71633524,-7.848939e-10,2.6020643e-09,0.6977563,1
2401766221,2401765627,0.6807055,0.034035295,0.02099513,0.7314649,0.71633524,-7.848939e-10,2.6020643e-09,0.6977563,1
2401771238,2401770682,0.6807799,0.033529513,0.020941826,0.73142064,0.71633524,-7.848939e-10,2.6020643e-09,0.6977563,1
2401784089,2401780770,0.6810741,0.032388743,0.020971166,0.73119724,0.71633524,-7.848939e-10,2.6020643e-09,0.6977563,1
2401786517,2401785903,0.68110067,0.031942416,0.020846328,0.7311957,0.71633524,-7.848939e-10,2.6020643e-09,0.6977563,1
2401791547,2401790889,0.68121684,0.031369854,0.020864941,0.7311117,0.71633524,-7.848939e-10,2.6020643e-09,0.6977563,1
2401801602,2401796043,0.681354,0.030776042,0.020873101,0.7310089,0.71633524,-7.848939e-10,2.6020643e-09,0.6977563,1
2401803278,2401800997,0.6814597,0.030248152,0.020849785,0.730933,0.71633524,-7.848939e-10,2.6020643e-09,0.6977563,1
2401806656,2401806092,0.68159276,0.029732347,0.0208429,0.7308303,0.71633524,-7.848939e-10,2.6020643e-09,0.6977563,1
2401816769,2401816098,0.6817897,0.02862168,0.02083632,0.73069113,0.71633524,-7.848939e-10,2.6020643e-09,0.6977563,1
2401821845,2401821192,0.68195057,0.028118772,0.020777708,0.7305622,0.71633524,-7.848939e-10,2.6020643e-09,0.6977563,1
2401831799,2401831359,0.68214613,0.027073156,0.020788148,0.7304188,0.71633524,-7.848939e-10,2.6020643e-09,0.6977563,1
2401836891,2401836321,0.6823116,0.026559524,0.020765109,0.7302838,0.71633524,-7.848939e-10,2.6020643e-09,0.6977563,1
2401841962,2401841393,0.6824287,0.02602787,0.02077553,0.73019314,0.71633524,-7.848939e-10,2.6020643e-09,0.6977563,1
2401850840,2401846631,0.6824483,0.025484992,0.020703278,0.730196,0.71633524,-7.848939e-10,2.6020643e-09,0.6977563,1
2401859460,2401857811,0.68270797,0.024319403,0.020566847,0.7299969,0.71633524,-7.848939e-10,2.6020643e-09,0.6977563,1
2401863840,2401863152,0.68277776,0.023774125,0.020448927,0.7299529,0.71633524,-7.848939e-10,2.6020643e-09,0.6977563,1
2401873634,2401871779,0.6830288,0.022855213,0.020301752,0.7297514,0.71633524,-7.848939e-10,2.6020643e-09,0.6977563,1
2401877333,2401876765,0.68311983,0.022321524,0.020234395,0.72968465,0.71633524,-7.848939e-10,2.6020643e-09,0.6977563,1
2401886275,2401881831,0.6831415,0.021823453,0.020095928,0.7296833,0.71633524,-7.848939e-10,2.6020643e-09,0.6977563,1
2401892573,2401892015,0.68343884,0.02069026,0.019979758,0.729441,0.71633524,-7.848939e-10,2.6020643e-09,0.6977563,1
2401901451,2401897344,0.6834664,0.020196496,0.019809362,0.7294337,0.71633524,-7.848939e-10,2.6020643e-09,0.6977563,1
2401907836,2401905913,0.68366337,0.019316625,0.019714018,0.7292755,0.71633524,-7.848939e-10,2.6020643e-09,0.6977563,1
2401911529,2401910902,0.6837986,0.018803127,0.019639969,0.72916406,0.71633524,-7.848939e-10,2.6020643e-09,0.6977563,1
2401916516,2401915945,0.6838911,0.018285332,0.019540157,0.72909313,0.71633524,-7.848939e-10,2.6020643e-09,0.6977563,1
2401921619,2401921052,0.6839947,0.017801028,0.019421028,0.7290112,0.71633524,-7.848939e-10,2.6020643e-09,0.6977563,1
2401931864,2401928931,0.68418205,0.016991155,0.01922207,0.7288599,0.71633524,-7.848939e-10,2.6020643e-09,0.6977563,1
2401934251,2401933763,0.6842821,0.016491937,0.019090364,0.7287809,0.71633524,-7.848939e-10,2.6020643e-09,0.6977563,1
2401949464,2401948877,0.6845914,0.015025885,0.0187389,0.7285313,0.71633524,-7.848939e-10,2.6020643e-09,0.6977563,1
2401960531,2401958855,0.6847428,0.01410561,0.01847491,0.72841406,0.71633524,-7.848939e-10,2.6020643e-09,0.6977563,1
2401964548,2401963954,0.68491364,0.013592673,0.018376501,0.7282657,0.71633524,-7.848939e-10,2.6020643e-09,0.6977563,1
2401975018,2401974552,0.68498635,0.012604165,0.018072354,0.72822267,0.71633524,-7.848939e-10,2.6020643e-09,0.6977563,1
2401980131,2401979414,0.68517876,0.012131129,0.017931947,0.72805315,0.71633524,-7.848939e-10,2.6020643e-09,0.6977563,1
2401984831,2401984278,0.6852238,0.011647985,0.017768381,0.7280227,0.71633524,-7.848939e-10,2.6020643e-09,0.6977563,1
2401989926,2401989312,0.68530613,0.011182457,0.01759396,0.72795665,0.71633524,-7.848939e-10,2.6020643e-09,0.6977563,1
2401995042,2401994333,0.68543696,0.01070827,0.017373137,0.7278459,0.71633524,-7.848939e-10,2.6020643e-09,0.6977563,1
2402004962,2401999275,0.6856073,0.010146367,0.017272078,0.72769594,0.71633524,-7.848939e-10,2.6020643e-09,0.6977563,1
2402006502,2402004373,0.68569374,0.009675563,0.01705919,0.7276259,0.71633524,-7.848939e-10,2.6020643e-09,0.6977563,1
2402017798,2402017111,0.68596166,0.008410705,0.016593799,0.7273998,0.71633524,-7.848939e-10,2.6020643e-09,0.6977563,1
2402027548,2402027117,0.6861775,0.007423377,0.016235908,0.7272151,0.71633524,-7.848939e-10,2.6020643e-09,0.6977563,1
2402037806,2402037183,0.6863453,0.006533025,0.015875638,0.72707325,0.71633524,-7.848939e-10,2.6020643e-09,0.6977563,1
2402047040,2402046437,0.6864892,0.0057320436,0.015545717,0.7269512,0.71633524,-7.848939e-10,2.6020643e-09,0.6977563,1
2402051723,2402051143,0.6865892,0.0053235395,0.015390431,0.7268632,0.71633524,-7.848939e-10,2.6020643e-09,0.6977563,1
2402056820,2402056249,0.68665034,0.004890478,0.015258872,0.72681123,0.71633524,-7.848939e-10,2.6020643e-09,0.6977563,1
2402061955,2402061326,0.68670225,0.004434514,0.015104628,0.7267684,0.71633524,-7.848939e-10,2.6020643e-09,0.6977563,1
2402072442,2402071287,0.6869194,0.0035882918,0.014717504,0.7265758,0.71633524,-7.848939e-10,2.6020643e-09,0.6977563,1
2402082012,2402076312,0.6869467,0.0031615687,0.014527675,0.7265557,0.71633524,-7.848939e-10,2.6020643e-09,0.6977563,1
2402087044,2402086462,0.6871656,0.0023275018,0.014111655,0.7263601,0.71633524,-7.848939e-10,2.6020643e-09,0.6977563,1
2402092025,2402091518,0.68720704,0.0019004963,0.013909137,0.72632605,0.71633524,-7.848939e-10,2.6020643e-09,0.6977563,1
2402097147,2402096618,0.6871822,0.00148591,0.013695986,0.7263546,0.71633524,-7.848939e-10,2.6020643e-09,0.6977563,1
2402107248,2402101585,0.6872616,0.0010863242,0.0134851,0.7262841,0.71633524,-7.848939e-10,2.6020643e-09,0.6977563,1
2402109057,2402108082,0.6873184,0.0005726067,0.013207045,0.726236,0.71633524,-7.848939e-10,2.6020643e-09,0.6977563,1
2402118680,2402118050,0.6875149,-0.0002439084,0.012811694,0.7260572,0.71633524,-7.848939e-10,2.6020643e-09,0.6977563,1
2402127699,2402123519,0.6875821,-0.0006392143,0.012503964,0.72599876,0.71633524,-7.848939e-10,2.6020643e-09,0.6977563,1
2402133860,2402131982,0.6876948,-0.0012952469,0.012144613,0.7258972,0.71633524,-7.848939e-10,2.6020643e-09,0.6977563,1
2402137480,2402136953,0.6877571,-0.0017017496,0.011953395,0.7258405,0.71633524,-7.848939e-10,2.6020643e-09,0.6977563,1
2402142675,2402142036,0.68784344,-0.00209953,0.011710179,0.72576165,0.71633524,-7.848939e-10,2.6020643e-09,0.6977563,1
2402147902,2402147188,0.68794703,-0.0024033089,0.011452903,0.72566664,0.71633524,-7.848939e-10,2.6020643e-09,0.6977563,1
2402152874,2402152158,0.6879835,-0.0027934709,0.01125543,0.7256337,0.71633524,-7.848939e-10,2.6020643e-09,0.6977563,1
2402157724,2402157180,0.68803144,-0.0031644807,0.011044271,0.72559,0.71633524,-7.848939e-10,2.6020643e-09,0.6977563,1
2402169058,2402167341,0.6881917,-0.0038847744,0.010569136,0.7254415,0.71633524,-7.848939e-10,2.6020643e-09,0.6977563,1
2402178125,2402177381,0.6882941,-0.004542091,0.010100002,0.7253472,0.71633524,-7.848939e-10,2.6020643e-09,0.6977563,1
2402186843,2402182562,0.6883933,-0.0048929583,0.009919126,0.7252534,0.71633524,-7.848939e-10,2.6020643e-09,0.6977563,1
2402193187,2402191326,0.68844783,-0.005403643,0.009537159,0.72520304,0.71633524,-7.848939e-10,2.6020643e-09,0.6977563,1
2402196975,2402196347,0.68850166,-0.0056658695,0.009310171,0.7251529,0.71633524,-7.848939e-10,2.6020643e-09,0.6977563,1
2402202023,2402201531,0.688625,-0.005985553,0.009112038,0.7250358,0.71633524,-7.848939e-10,2.6020643e-09,0.6977563,1
2402207036,2402206483,0.6886245,-0.0062504765,0.008886328,0.72503674,0.71633524,-7.848939e-10,2.6020643e-09,0.6977563,1
2402212138,2402211543,0.68864584,-0.0064901523,0.008623079,0.72501755,0.71633524,-7.848939e-10,2.6020643e-09,0.6977563,1
2402222231,2402216554,0.6887124,-0.0067787906,0.008426405,0.724954,0.71633524,-7.848939e-10,2.6020643e-09,0.6977563,1
2402223420,2402222976,0.68878806,-0.007147632,0.008130047,0.72488195,0.71633524,-7.848939e-10,2.6020643e-09,0.6977563,1
2402228658,2402227968,0.68881637,-0.0074616834,0.007909622,0.7248544,0.71633524,-7.848939e-10,2.6020643e-09,0.6977563,1
2402233769,2402233136,0.6888841,-0.0077681774,0.007669622,0.7247894,0.71633524,-7.848939e-10,2.6020643e-09,0.6977563,1
2402238892,2402238231,0.6889225,-0.008045836,0.007382068,0.7247528,0.71633524,-7.848939e-10,2.6020643e-09,0.6977563,1
2402243873,2402243128,0.68895674,-0.008311546,0.007167215,0.72471935,0.71633524,-7.848939e-10,2.6020643e-09,0.6977563,1
2402253860,2402248122,0.68897307,-0.008596374,0.0069469474,0.72470266,0.71633524,-7.848939e-10,2.6020643e-09,0.6977563,1
2402260969,2402260359,0.68905675,-0.009225837,0.0063614747,0.7246208,0.71633524,-7.848939e-10,2.6020643e-09,0.6977563,1
2402265116,2402264567,0.6891016,-0.009415402,0.0061649214,0.7245774,0.71633524,-7.848939e-10,2.6020643e-09,0.6977563,1
2402274070,2402273441,0.68926734,-0.009835729,0.0057390044,0.7244176,0.71633524,-7.848939e-10,2.6020643e-09,0.6977563,1
2402279042,2402278458,0.6892722,-0.010049278,0.0055362144,0.7244116,0.71633524,-7.848939e-10,2.6020643e-09,0.6977563,1
2402284120,2402283579,0.68925864,-0.010194048,0.0052115624,0.7244249,0.71633524,-7.848939e-10,2.6020643e-09,0.6977563,1
2402293117,2402288871,0.68936235,-0.010458373,0.0049888412,0.72432405,0.71633524,-7.848939e-10,2.6020643e-09,0.6977563,1
2402294992,2402293674,0.689404,-0.01066845,0.004759201,0.7242828,0.71633524,-7.848939e-10,2.6020643e-09,0.6977563,1
2402299246,2402298709,0.6893914,-0.010884912,0.004486084,0.7242935,0.71633524,-7.848939e-10,2.6020643e-09,0.6977563,1
2402310760,2402310274,0.6894915,-0.011413669,0.003928932,0.7241932,0.71633524,-7.848939e-10,2.6020643e-09,0.6977563,1
2402320737,2402320093,0.68959695,-0.011849147,0.0034857425,0.72408813,0.71633524,-7.848939e-10,2.6020643e-09,0.6977563,1
2402325792,2402325221,0.6896437,-0.012003588,0.0032059655,0.72404236,0.71633524,-7.848939e-10,2.6020643e-09,0.6977563,1
2402335703,2402335304,0.68969876,-0.012360118,0.002736782,0.7239858,0.71633524,-7.848939e-10,2.6020643e-09,0.6977563,1
2402345045,2402344355,0.6898366,-0.012694395,0.0022781894,0.72385025,0.71633524,-7.848939e-10,2.6020643e-09,0.6977563,1
2402355933,2402354338,0.6899035,-0.013049004,0.0018463341,0.72378135,0.71633524,-7.848939e-10,2.6020643e-09,0.6977563,1
2402359949,2402359326,0.6899493,-0.013176508,0.0015547554,0.72373617,0.71633524,-7.848939e-10,2.6020643e-09,0.6977563,1
2402365031,2402364490,0.69002134,-0.013373652,0.0013114514,0.7236643,0.71633524,-7.848939e-10,2.6020643e-09,0.6977563,1
2402370009,2402369419,0.6900319,-0.013525652,0.0010702965,0.72365177,0.71633524,-7.848939e-10,2.6020643e-09,0.6977563,1
2402375059,2402374486,0.6899856,-0.013703692,0.0007886953,0.72369295,0.71633524,-7.848939e-10,2.6020643e-09,0.6977563,1
2402383995,2402379617,0.6900972,-0.013857609,0.00054400513,0.7235839,0.71633524,-7.848939e-10,2.6020643e-09,0.6977563,1
2402385943,2402384629,0.69012153,-0.014027294,0.00032727842,0.72355753,0.71633524,-7.848939e-10,2.6020643e-09,0.6977563,1
2402390140,2402389600,0.69011366,-0.014166916,9.193141e-05,0.72356236,0.71633524,-7.848939e-10,2.6020643e-09,0.6977563,1
2402395236,2402394705,0.690239,-0.014270025,-0.00018620942,0.72344077,0.71633524,-7.848939e-10,2.6020643e-09,0.6977563,1
2402400407,2402399700,0.6902813,-0.014461259,-0.00034596235,0.7233965,0.71633524,-7.848939e-10,2.6020643e-09,0.6977563,1
2402405604,2402404917,0.6902917,-0.014571688,-0.0005994502,0.72338414,0.71633524,-7.848939e-10,2.6020643e-09,0.6977563,1
2402410496,2402409870,0.69034314,-0.014699258,-0.00076284097,0.7233324,0.71633524,-7.848939e-10,2.6020643e-09,0.6977563,1
2402415565,2402415030,0.69044244,-0.014876699,-0.0008902882,0.7232338,0.71633524,-7.848939e-10,2.6020643e-09,0.6977563,1
2402420545,2402419950,0.6904865,-0.0149853695,-0.0011145563,0.72318923,0.71633524,-7.848939e-10,2.6020643e-09,0.6977563,1
2402425566,2402425066,0.69049275,-0.015052122,-0.0012668492,0.72318166,0.71633524,-7.848939e-10,2.6020643e-09,0.6977563,1
2402436593,2402435318,0.69062084,-0.015281045,-0.0016873648,0.7230536,0.71633524,-7.848939e-10,2.6020643e-09,0.6977563,1
2402445940,2402440171,0.6906501,-0.015374625,-0.0018728706,0.7230232,0.71633524,-7.848939e-10,2.6020643e-09,0.6977563,1
2402451062,2402450408,0.6907911,-0.015577092,-0.0022972287,0.722883,0.71633524,-7.848939e-10,2.6020643e-09,0.6977563,1
2402456040,2402455417,0.69084144,-0.015678873,-0.002492826,0.72283196,0.71633524,-7.848939e-10,2.6020643e-09,0.6977563,1
2402468012,2402465510,0.6908998,-0.015894158,-0.0028980959,0.72277004,0.71633524,-7.848939e-10,2.6020643e-09,0.6977563,1
2402479402,2402478026,0.69103855,-0.016140979,-0.0034170407,0.7226296,0.71633524,-7.848939e-10,2.6020643e-09,0.6977563,1
2402483688,2402483094,0.69104135,-0.016239917,-0.0036129009,0.7226238,0.71633524,-7.848939e-10,2.6020643e-09,0.6977563,1
2402495016,2402494510,0.69115156,-0.016424574,-0.0040869727,0.7225117,0.71633524,-7.848939e-10,2.6020643e-09,0.6977563,1
2402500243,2402499557,0.6911051,-0.016416501,-0.0043654125,0.7225546,0.71633524,-7.848939e-10,2.6020643e-09,0.6977563,1
2402505572,2402504547,0.6911702,-0.016461048,-0.0045320275,0.7224904,0.71633524,-7.848939e-10,2.6020643e-09,0.6977563,1
2402520387,2402519782,0.69127,-0.016451199,-0.0051145786,0.7223912,0.71633524,-7.848939e-10,2.6020643e-09,0.6977563,1
2402530314,2402529904,0.6913842,-0.016467819,-0.005487478,0.7222788,0.71633524,-7.848939e-10,2.6020643e-09,0.6977563,1
2402539433,2402538800,0.69139767,-0.016476259,-0.005799937,0.7222632,0.71633524,-7.848939e-10,2.6020643e-09,0.6977563,1
2402544252,2402543675,0.6914361,-0.016490305,-0.0059734765,0.7222247,0.71633524,-7.848939e-10,2.6020643e-09,0.6977563,1
2402549419,2402548782,0.6915266,-0.016470216,-0.006244005,0.72213626,0.71633524,-7.848939e-10,2.6020643e-09,0.6977563,1
2402554527,2402553912,0.6915079,-0.01648418,-0.006385074,0.7221526,0.71633524,-7.848939e-10,2.6020643e-09,0.6977563,1
2402559520,2402558965,0.69153565,-0.016467452,-0.0066111763,0.7221244,0.71633524,-7.848939e-10,2.6020643e-09,0.6977563,1
2402564600,2402563953,0.6916363,-0.016465846,-0.0068174573,0.7220261,0.71633524,-7.848939e-10,2.6020643e-09,0.6977563,1
2402569843,2402569184,0.6916262,-0.016460031,-0.006979641,0.7220344,0.71633524,-7.848939e-10,2.6020643e-09,0.6977563,1
2402574705,2402574049,0.69164866,-0.016435744,-0.0071647405,0.7220116,0.71633524,-7.848939e-10,2.6020643e-09,0.6977563,1
2402583562,2402579325,0.69172996,-0.01640431,-0.00733617,0.7219327,0.71633524,-7.848939e-10,2.6020643e-09,0.6977563,1
2402589726,2402584180,0.6917596,-0.016398206,-0.007477682,0.72190297,0.71633524,-7.848939e-10,2.6020643e-09,0.6977563,1
2402591826,2402589193,0.6917575,-0.016353395,-0.0076508797,0.7219042,0.71633524,-7.848939e-10,2.6020643e-09,0.6977563,1
2402600088,2402599584,0.6918974,-0.016254919,-0.007948693,0.72176915,0.71633524,-7.848939e-10,2.6020643e-09,0.6977563,1
2402604955,2402604357,0.69190025,-0.016174711,-0.008116492,0.7217663,0.71633524,-7.848939e-10,2.6020643e-09,0.6977563,1
2402610027,2402609423,0.69194645,-0.016119098,-0.008259562,0.72172165,0.71633524,-7.848939e-10,2.6020643e-09,0.6977563,1
2402620085,2402619489,0.6920174,-0.01607656,-0.008505479,0.72165173,0.71633524,-7.848939e-10,2.6020643e-09,0.6977563,1
2402625207,2402624567,0.6920424,-0.015939355,-0.008637727,0.72162914,0.71633524,-7.848939e-10,2.6020643e-09,0.6977563,1
2402630182,2402629592,0.692045,-0.015928265,-0.008708063,0.7216261,0.71633524,-7.848939e-10,2.6020643e-09,0.6977563,1
2402639342,2402634801,0.69216233,-0.01586257,-0.008855322,0.7215133,0.71633524,-7.848939e-10,2.6020643e-09,0.6977563,1
2402647777,2402644885,0.6921866,-0.01574425,-0.008998477,0.7214908,0.71633524,-7.848939e-10,2.6020643e-09,0.6977563,1
2402650459,2402649850,0.6922899,-0.015602528,-0.009192994,0.72139233,0.71633524,-7.848939e-10,2.6020643e-09,0.6977563,1
2402659354,2402655106,0.69231457,-0.015529703,-0.009245968,0.7213695,0.71633524,-7.848939e-10,2.6020643e-09,0.6977563,1
2402665676,2402664968,0.6923651,-0.015352075,-0.009379686,0.721323,0.71633524,-7.848939e-10,2.6020643e-09,0.6977563,1
2402674576,2402674016,0.6924514,-0.015072334,-0.009480547,0.7212448,0.71633524,-7.848939e-10,2.6020643e-09,0.6977563,1
2402684444,2402683887,0.6924628,-0.014706486,-0.0095840655,0.7212401,0.71633524,-7.848939e-10,2.6020643e-09,0.6977563,1
2402689571,2402689010,0.692509,-0.01450818,-0.009632243,0.72119904,0.71633524,-7.848939e-10,2.6020643e-09,0.6977563,1
2402694747,2402694038,0.6924576,-0.014364288,-0.009655868,0.7212509,0.71633524,-7.848939e-10,2.6020643e-09,0.6977563,1
2402699607,2402699076,0.6924705,-0.014129742,-0.009706363,0.72124255,0.71633524,-7.848939e-10,2.6020643e-09,0.6977563,1
2402704680,2402704129,0.6925534,-0.013970009,-0.009727242,0.7211657,0.71633524,-7.848939e-10,2.6020643e-09,0.6977563,1
2402709779,2402709193,0.6925488,-0.0137829725,-0.009766023,0.7211733,0.71633524,-7.848939e-10,2.6020643e-09,0.6977563,1
2402719743,2402719325,0.6925548,-0.013346246,-0.009895777,0.72117394,0.71633524,-7.848939e-10,2.6020643e-09,0.6977563,1
2402724989,2402724419,0.6925771,-0.013130549,-0.009980441,0.72115535,0.71633524,-7.848939e-10,2.6020643e-09,0.6977563,1
2402729985,2402729414,0.6925754,-0.0128708305,-0.0100785205,0.72116023,0.71633524,-7.848939e-10,2.6020643e-09,0.6977563,1
2402738874,2402734563,0.6925322,-0.012677029,-0.010059478,0.7212055,0.71633524,-7.848939e-10,2.6020643e-09,0.6977563,1
2402745101,2402744551,0.6925877,-0.012257803,-0.010170703,0.72115785,0.71633524,-7.848939e-10,2.6020643e-09,0.6977563,1
2402757602,2402754691,0.692571,-0.011878138,-0.010156063,0.72118044,0.71633524,-7.848939e-10,2.6020643e-09,0.6977563,1
2402760375,2402759803,0.69262314,-0.011673226,-0.010166507,0.7211336,0.71633524,-7.848939e-10,2.6020643e-09,0.6977563,1
2402765317,2402764745,0.6926125,-0.011481387,-0.010163944,0.72114694,0.71633524,-7.848939e-10,2.6020643e-09,0.6977563,1
2402776302,2402775039,0.69263834,-0.011120985,-0.010231443,0.7211268,0.71633524,-7.848939e-10,2.6020643e-09,0.6977563,1
2402780588,2402780061,0.6926218,-0.010938749,-0.010271157,0.72114486,0.71633524,-7.848939e-10,2.6020643e-09,0.6977563,1
2402785549,2402785011,0.6925434,-0.010801647,-0.010273557,0.7212222,0.71633524,-7.848939e-10,2.6020643e-09,0.6977563,1
2402795593,2402790033,0.69259113,-0.010567339,-0.010370192,0.7211785,0.71633524,-7.848939e-10,2.6020643e-09,0.6977563,1
2402797913,2402795092,0.6926114,-0.010408788,-0.010403831,0.7211608,0.71633524,-7.848939e-10,2.6020643e-09,0.6977563,1
2402800789,2402800173,0.6925267,-0.010191812,-0.010446849,0.7212446,0.71633524,-7.848939e-10,2.6020643e-09,0.6977563,1
2402805887,2402805344,0.6925504,-0.010002544,-0.010516022,0.72122353,0.71633524,-7.848939e-10,2.6020643e-09,0.6977563,1
2402810812,2402810271,0.6926032,-0.009833732,-0.010513739,0.72117525,0.71633524,-7.848939e-10,2.6020643e-09,0.6977563,1
2402820835,2402820442,0.692581,-0.009522762,-0.010568426,0.7211998,0.71633524,-7.848939e-10,2.6020643e-09,0.6977563,1
2402831441,2402830452,0.692632,-0.009274087,-0.010574807,0.721154,0.71633524,-7.848939e-10,2.6020643e-09,0.6977563,1
2402836066,2402835524,0.6926375,-0.009104361,-0.010603237,0.72115046,0.71633524,-7.848939e-10,2.6020643e-09,0.6977563,1
2402841260,2402840676,0.692692,-0.008996407,-0.010620546,0.72109926,0.71633524,-7.848939e-10,2.6020643e-09,0.6977563,1
2402846198,2402845619,0.69271255,-0.008866962,-0.01065942,0.72108054,0.71633524,-7.848939e-10,2.6020643e-09,0.6977563,1
2402856313,2402850677,0.6927358,-0.008656778,-0.010736965,0.72105956,0.71633524,-7.848939e-10,2.6020643e-09,0.6977563,1
2402858092,2402857165,0.6928026,-0.00846844,-0.010793155,0.72099686,0.71633524,-7.848939e-10,2.6020643e-09,0.6977563,1
2402862870,2402862242,0.6928712,-0.00823073,-0.010901784,0.720932,0.71633524,-7.848939e-10,2.6020643e-09,0.6977563,1
2402867750,2402867140,0.6928769,-0.008027212,-0.010945449,0.7209282,0.71633524,-7.848939e-10,2.6020643e-09,0.6977563,1
2402872825,2402872235,0.692937,-0.007847507,-0.011006642,0.7208715,0.71633524,-7.848939e-10,2.6020643e-09,0.6977563,1
2402883955,2402883518,0.69305706,-0.007355747,-0.011184651,0.72075844,0.71633524,-7.848939e-10,2.6020643e-09,0.6977563,1
2402889272,2402888619,0.69313973,-0.007108839,-0.011345282,0.72067887,0.71633524,-7.848939e-10,2.6020643e-09,0.6977563,1
2402894358,2402893696,0.6931812,-0.006904004,-0.011398434,0.7206402,0.71633524,-7.848939e-10,2.6020643e-09,0.6977563,1
2402899483,2402898902,0.69319296,-0.006671438,-0.011494572,0.7206295,0.71633524,-7.848939e-10,2.6020643e-09,0.6977563,1
2402904350,2402903736,0.6932694,-0.006462843,-0.0115739005,0.7205566,0.71633524,-7.848939e-10,2.6020643e-09,0.6977563,1
2402909510,2402908790,0.6933561,-0.0062015066,-0.011586689,0.7204753,0.71633524,-7.848939e-10,2.6020643e-09,0.6977563,1
2402914729,2402914189,0.6933276,-0.005945087,-0.011683992,0.72050333,0.71633524,-7.848939e-10,2.6020643e-09,0.6977563,1
2402919424,2402918868,0.6934102,-0.005712726,-0.011755593,0.72042453,0.71633524,-7.848939e-10,2.6020643e-09,0.6977563,1
2402924497,2402923936,0.6934535,-0.0054760985,-0.011823484,0.7203835,0.71633524,-7.848939e-10,2.6020643e-09,0.6977563,1
2402934630,2402934102,0.69350344,-0.005060177,-0.011896273,0.72033733,0.71633524,-7.848939e-10,2.6020643e-09,0.6977563,1
2402939638,2402939117,0.69357765,-0.004911095,-0.011913443,0.72026664,0.71633524,-7.848939e-10,2.6020643e-09,0.6977563,1
2402950756,2402950190,0.69363886,-0.0044632396,-0.012009018,0.72020906,0.71633524,-7.848939e-10,2.6020643e-09,0.6977563,1
2402954991,2402954450,0.6937076,-0.0043518166,-0.011990708,0.7201439,0.71633524,-7.848939e-10,2.6020643e-09,0.6977563,1
2402960160,2402959341,0.69373274,-0.0041782707,-0.012008625,0.7201203,0.71633524,-7.848939e-10,2.6020643e-09,0.6977563,1
2402969905,2402964378,0.69375837,-0.003977094,-0.012080803,0.7200955,0.71633524,-7.848939e-10,2.6020643e-09,0.6977563,1
2402975034,2402974512,0.693863,-0.0035963464,-0.0121706,0.7199953,0.71633524,-7.848939e-10,2.6020643e-09,0.6977563,1
2402980102,2402979521,0.6938836,-0.0033354536,-0.012255845,0.7199752,0.71633524,-7.848939e-10,2.6020643e-09,0.6977563,1
2402985135,2402984569,0.69391114,-0.0031529434,-0.012266937,0.71994925,0.71633524,-7.848939e-10,2.6020643e-09,0.6977563,1
2402993878,2402989602,0.69399005,-0.002964764,-0.012317085,0.71987313,0.71633524,-7.848939e-10,2.6020643e-09,0.6977563,1
2402995116,2402994681,0.6940432,-0.002722505,-0.012337376,0.7198225,0.71633524,-7.848939e-10,2.6020643e-09,0.6977563,1
2403000336,2402999741,0.69402856,-0.0025447651,-0.012275058,0.7198383,0.71633524,-7.848939e-10,2.6020643e-09,0.6977563,1
2403005425,2403004790,0.6941047,-0.0023396527,-0.012268917,0.7197658,0.71633524,-7.848939e-10,2.6020643e-09,0.6977563,1
2403020458,2403019924,0.6942543,-0.0016235531,-0.012138039,0.7196257,0.71633524,-7.848939e-10,2.6020643e-09,0.6977563,1
2403031697,2403031133,0.69432175,-0.0010376537,-0.0119873285,0.71956414,0.71633524,-7.848939e-10,2.6020643e-09,0.6977563,1
2403042911,2403040212,0.69441974,-0.0005409866,-0.011900692,0.71947163,0.71633524,-7.848939e-10,2.6020643e-09,0.6977563,1
2403052796,2403052245,0.6944899,6.8581394e-05,-0.011797357,0.7194057,0.71633524,-7.848939e-10,2.6020643e-09,0.6977563,1
2403062540,2403061613,0.69452626,0.00050194596,-0.011719914,0.7193718,0.71633524,-7.848939e-10,2.6020643e-09,0.6977563,1
2403067456,2403066915,0.6945779,0.00070391904,-0.011655662,0.71932274,0.71633524,-7.848939e-10,2.6020643e-09,0.6977563,1
2403072447,2403071835,0.6946486,0.0008931988,-0.011581837,0.71925545,0.71633524,-7.848939e-10,2.6020643e-09,0.6977563,1
2403077522,2403076805,0.69463664,0.0011398746,-0.011586311,0.71926653,0.71633524,-7.848939e-10,2.6020643e-09,0.6977563,1
2403089684,2403089101,0.69474626,0.0016211097,-0.011469257,0.7191617,0.71633524,-7.848939e-10,2.6020643e-09,0.6977563,1
2403098782,2403098240,0.6948582,0.001995533,-0.011348305,0.7190545,0.71633524,-7.848939e-10,2.6020643e-09,0.6977563,1
2403109132,2403108620,0.6949647,0.0024057657,-0.011268659,0.7189515,0.71633524,-7.848939e-10,2.6020643e-09,0.6977563,1
2403114370,2403113680,0.6950059,0.0025778331,-0.0111683095,0.7189127,0.71633524,-7.848939e-10,2.6020643e-09,0.6977563,1
2403124247,2403123598,0.69513285,0.0030102762,-0.011074785,0.71878976,0.71633524,-7.848939e-10,2.6020643e-09,0.6977563,1
2403129209,2403128697,0.695151,0.0032153234,-0.010956311,0.7187731,0.71633524,-7.848939e-10,2.6020643e-09,0.6977563,1
2403134334,2403133646,0.6952579,0.003433219,-0.010901664,0.7186695,0.71633524,-7.848939e-10,2.6020643e-09,0.6977563,1
2403139278,2403138713,0.695334,0.0037036699,-0.01084871,0.7185953,0.71633524,-7.848939e-10,2.6020643e-09,0.6977563,1
2403144345,2403143726,0.6952775,0.0039048956,-0.010692871,0.7186513,0.71633524,-7.848939e-10,2.6020643e-09,0.6977563,1
2403154437,2403148724,0.6953594,0.004159584,-0.010630149,0.71857154,0.71633524,-7.848939e-10,2.6020643e-09,0.6977563,1
2403160628,2403158920,0.69541407,0.0046971873,-0.010358864,0.71851933,0.71633524,-7.848939e-10,2.6020643e-09,0.6977563,1
2403164929,2403164085,0.69551945,0.005015895,-0.0102881165,0.71841615,0.71633524,-7.848939e-10,2.6020643e-09,0.6977563,1
2403169753,2403169098,0.69558156,0.005257188,-0.010139984,0.7183564,0.71633524,-7.848939e-10,2.6020643e-09,0.6977563,1
2403174756,2403174080,0.6956109,0.0054772086,-0.009955572,0.71832895,0.71633524,-7.848939e-10,2.6020643e-09,0.6977563,1
2403179535,2403179100,0.6956283,0.0057262136,-0.009822015,0.71831197,0.71633524,-7.848939e-10,2.6020643e-09,0.6977563,1
2403189781,2403184157,0.6957208,0.0059281937,-0.009654429,0.71822304,0.71633524,-7.848939e-10,2.6020643e-09,0.6977563,1
2403190974,2403189225,0.6957789,0.006149312,-0.00949579,0.7181669,0.71633524,-7.848939e-10,2.6020643e-09,0.6977563,1
2403194863,2403194305,0.6957986,0.0063721836,-0.00937836,0.71814746,0.71633524,-7.848939e-10,2.6020643e-09,0.6977563,1
2403205758,2403204545,0.69599277,0.0067813816,-0.009072555,0.71795946,0.71633524,-7.848939e-10,2.6020643e-09,0.6977563,1
2403210121,2403209514,0.6960163,0.007003697,-0.008961103,0.7179359,0.71633524,-7.848939e-10,2.6020643e-09,0.6977563,1
2403220004,2403214453,0.6961358,0.0072460496,-0.008799825,0.71781963,0.71633524,-7.848939e-10,2.6020643e-09,0.6977563,1
2403221373,2403220788,0.69617075,0.007486326,-0.008637261,0.71778524,0.71633524,-7.848939e-10,2.6020643e-09,0.6977563,1
2403235233,2403234718,0.6963625,0.008069245,-0.008278815,0.7175972,0.71633524,-7.848939e-10,2.6020643e-09,0.6977563,1
2403245411,2403244778,0.6964521,0.008522832,-0.0080948705,0.71750706,0.71633524,-7.848939e-10,2.6020643e-09,0.6977563,1
2403250363,2403249832,0.6965106,0.008714634,-0.007934796,0.7174498,0.71633524,-7.848939e-10,2.6020643e-09,0.6977563,1
2403260603,2403260147,0.69661075,0.009235591,-0.0077655064,0.71734786,0.71633524,-7.848939e-10,2.6020643e-09,0.6977563,1
2403265682,2403264971,0.6966263,0.009384382,-0.0075828186,0.7173328,0.71633524,-7.848939e-10,2.6020643e-09,0.6977563,1
2403270615,2403270114,0.6967006,0.009589521,-0.0074778297,0.71725905,0.71633524,-7.848939e-10,2.6020643e-09,0.6977563,1
2403275786,2403275160,0.6967485,0.009796685,-0.007339183,0.71721107,0.71633524,-7.848939e-10,2.6020643e-09,0.6977563,1
2403285731,2403280167,0.6967779,0.009932261,-0.0071692946,0.71718246,0.71633524,-7.848939e-10,2.6020643e-09,0.6977563,1
2403287752,2403286803,0.69685894,0.010155461,-0.007030433,0.7171019,0.71633524,-7.848939e-10,2.6020643e-09,0.6977563,1
2403292073,2403291535,0.6968955,0.010270127,-0.0069110044,0.7170659,0.71633524,-7.848939e-10,2.6020643e-09,0.6977563,1
2403297090,2403296576,0.6969519,0.010445743,-0.00684641,0.7170091,0.71633524,-7.848939e-10,2.6020643e-09,0.6977563,1
2403302171,2403301618,0.69702005,0.010619247,-0.0067473114,0.71694124,0.71633524,-7.848939e-10,2.6020643e-09,0.6977563,1
2403312342,2403306740,0.69700253,0.010778858,-0.0065955184,0.71695733,0.71633524,-7.848939e-10,2.6020643e-09,0.6977563,1
2403313534,2403311775,0.69704354,0.010941624,-0.0065140296,0.7169158,0.71633524,-7.848939e-10,2.6020643e-09,0.6977563,1
2403317750,2403317190,0.69713706,0.01116553,-0.006405138,0.7168224,0.71633524,-7.848939e-10,2.6020643e-09,0.6977563,1
2403322349,2403321845,0.6971325,0.011334934,-0.0062935054,0.7168251,0.71633524,-7.848939e-10,2.6020643e-09,0.6977563,1
2403331181,2403327200,0.6971625,0.011525035,-0.00616973,0.716794,0.71633524,-7.848939e-10,2.6020643e-09,0.6977563,1
2403339725,2403338508,0.6972182,0.011976067,-0.0058922446,0.7167347,0.71633524,-7.848939e-10,2.6020643e-09,0.6977563,1
2403344136,2403343415,0.6973037,0.012159748,-0.005791204,0.7166493,0.71633524,-7.848939e-10,2.6020643e-09,0.6977563,1
2403348928,2403348352,0.69732016,0.012310207,-0.0056381156,0.7166319,0.71633524,-7.848939e-10,2.6020643e-09,0.6977563,1
2403359481,2403358539,0.6974195,0.012675706,-0.0054257293,0.71653044,0.71633524,-7.848939e-10,2.6020643e-09,0.6977563,1
2403369475,2403368692,0.6974539,0.012953169,-0.005209283,0.71649367,0.71633524,-7.848939e-10,2.6020643e-09,0.6977563,1
2403374371,2403373652,0.6975172,0.013056374,-0.0050739083,0.7164311,0.71633524,-7.848939e-10,2.6020643e-09,0.6977563,1
2403379230,2403378690,0.6975683,0.013151892,-0.004977819,0.71638036,0.71633524,-7.848939e-10,2.6020643e-09,0.6977563,1
2403390667,2403390185,0.69763505,0.013393564,-0.0048485305,0.7163118,0.71633524,-7.848939e-10,2.6020643e-09,0.6977563,1
2403395775,2403395086,0.6976398,0.01354929,-0.0048419028,0.7163042,0.71633524,-7.848939e-10,2.6020643e-09,0.6977563,1
2403400869,2403400171,0.69766665,0.013737427,-0.004790803,0.71627486,0.71633524,-7.848939e-10,2.6020643e-09,0.6977563,1
2403405874,2403405273,0.6977256,0.013859363,-0.0047335187,0.7162155,0.71633524,-7.848939e-10,2.6020643e-09,0.6977563,1
2403410884,2403410282,0.6977382,0.014020775,-0.0047067087,0.71620023,0.71633524,-7.848939e-10,2.6020643e-09,0.6977563,1
2403421034,2403420495,0.6977937,0.014273718,-0.004548372,0.7161422,0.71633524,-7.848939e-10,2.6020643e-09,0.6977563,1
2403431388,2403430479,0.6979066,0.014449573,-0.004394173,0.7160296,0.71633524,-7.848939e-10,2.6020643e-09,0.6977563,1
2403436203,2403435569,0.697929,0.01449879,-0.004262431,0.71600753,0.71633524,-7.848939e-10,2.6020643e-09,0.6977563,1
2403448514,2403446859,0.6980616,0.014712894,-0.0040620104,0.7158751,0.71633524,-7.848939e-10,2.6020643e-09,0.6977563,1
2403452524,2403451990,0.69813854,0.014807713,-0.0039713704,0.7157987,0.71633524,-7.848939e-10,2.6020643e-09,0.6977563,1
2403457622,2403457007,0.69817823,0.014872473,-0.0038703824,0.7157591,0.71633524,-7.848939e-10,2.6020643e-09,0.6977563,1
2403469603,2403468438,0.69830847,0.01503257,-0.0036612963,0.7156297,0.71633524,-7.848939e-10,2.6020643e-09,0.6977563,1
2403474139,2403473562,0.69833034,0.015137186,-0.0035611296,0.71560675,0.71633524,-7.848939e-10,2.6020643e-09,0.6977563,1
2403479086,2403478490,0.6983463,0.015200914,-0.0035111755,0.71559006,0.71633524,-7.848939e-10,2.6020643e-09,0.6977563,1
2403489125,2403488577,0.69844025,0.015417575,-0.0033699968,0.71549445,0.71633524,-7.848939e-10,2.6020643e-09,0.6977563,1
2403494258,2403493635,0.6984675,0.015507802,-0.0033058147,0.71546614,0.71633524,-7.848939e-10,2.6020643e-09,0.6977563,1
2403505639,2403505162,0.6986137,0.01571842,-0.0032484925,0.715319,0.71633524,-7.848939e-10,2.6020643e-09,0.6977563,1
2403510837,2403510213,0.69879276,0.01578152,-0.0032616302,0.7151426,0.71633524,-7.848939e-10,2.6020643e-09,0.6977563,1
2403515827,2403515206,0.69884324,0.01580707,-0.0032156494,0.715093,0.71633524,-7.848939e-10,2.6020643e-09,0.6977563,1
2403520824,2403520176,0.69883174,0.015852707,-0.003214086,0.71510315,0.71633524,-7.848939e-10,2.6020643e-09,0.6977563,1
2403525711,2403525235,0.6989324,0.015881618,-0.0032179528,0.71500415,0.71633524,-7.848939e-10,2.6020643e-09,0.6977563,1
2403534805,2403530268,0.6989982,0.015849316,-0.0031789197,0.7149407,0.71633524,-7.848939e-10,2.6020643e-09,0.6977563,1
2403536025,2403535558,0.69902843,0.015871972,-0.0031677242,0.71491075,0.71633524,-7.848939e-10,2.6020643e-09,0.6977563,1
2403540979,2403540434,0.69910604,0.015857626,-0.003131542,0.71483535,0.71633524,-7.848939e-10,2.6020643e-09,0.6977563,1
2403545947,2403545427,0.69919735,0.015809808,-0.0030420332,0.7147475,0.71633524,-7.848939e-10,2.6020643e-09,0.6977563,1
2403551268,2403550445,0.6992133,0.015821531,-0.0030168376,0.71473163,0.71633524,-7.848939e-10,2.6020643e-09,0.6977563,1
2403561215,2403560689,0.6993159,0.015780002,-0.0029332933,0.71463263,0.71633524,-7.848939e-10,2.6020643e-09,0.6977563,1
2403572562,2403571966,0.6994333,0.01580589,-0.0028389008,0.7145174,0.71633524,-7.848939e-10,2.6020643e-09,0.6977563,1
2403583845,2403583323,0.69950837,0.015832322,-0.002708755,0.7144439,0.71633524,-7.848939e-10,2.6020643e-09,0.6977563,1
2403588968,2403588399,0.699573,0.01581657,-0.002643569,0.7143813,0.71633524,-7.848939e-10,2.6020643e-09,0.6977563,1
2403594056,2403593492,0.6996198,0.015926525,-0.0026148506,0.714333,0.71633524,-7.848939e-10,2.6020643e-09,0.6977563,1
2403599062,2403598508,0.6996336,0.015947718,-0.002523714,0.71431935,0.71633524,-7.848939e-10,2.6020643e-09,0.6977563,1
2403604217,2403603530,0.69970846,0.015975693,-0.0024631077,0.7142457,0.71633524,-7.848939e-10,2.6020643e-09,0.6977563,1
2403609412,2403608787,0.6997886,0.016125327,-0.0025077658,0.7141637,0.71633524,-7.848939e-10,2.6020643e-09,0.6977563,1
2403614262,2403613655,0.69982433,0.016146565,-0.0024187586,0.7141285,0.71633524,-7.848939e-10,2.6020643e-09,0.6977563,1
2403619463,2403618706,0.69990194,0.01617998,-0.0023862366,0.7140518,0.71633524,-7.848939e-10,2.6020643e-09,0.6977563,1
2403624305,2403623769,0.6999864,0.01620863,-0.0023780856,0.71396834,0.71633524,-7.848939e-10,2.6020643e-09,0.6977563,1
2403634328,2403633840,0.700019,0.016155465,-0.0021935345,0.7139381,0.71633524,-7.848939e-10,2.6020643e-09,0.6977563,1
2403644625,2403644192,0.70012224,0.01612938,-0.002046327,0.7138379,0.71633524,-7.848939e-10,2.6020643e-09,0.6977563,1
2403654557,2403648974,0.70015526,0.016116422,-0.0019851841,0.71380603,0.71633524,-7.848939e-10,2.6020643e-09,0.6977563,1
2403659602,2403659109,0.7002698,0.016106207,-0.0018556351,0.71369416,0.71633524,-7.848939e-10,2.6020643e-09,0.6977563,1
2403664714,2403664177,0.7002795,0.016099071,-0.001824553,0.7136849,0.71633524,-7.848939e-10,2.6020643e-09,0.6977563,1
2403674882,2403669170,0.7003486,0.0160797,-0.0017948387,0.71361756,0.71633524,-7.848939e-10,2.6020643e-09,0.6977563,1
2403676020,2403675581,0.70035595,0.01604106,-0.0017467157,0.71361136,0.71633524,-7.848939e-10,2.6020643e-09,0.6977563,1
2403685048,2403680844,0.70049584,0.016026221,-0.0017219549,0.71347445,0.71633524,-7.848939e-10,2.6020643e-09,0.6977563,1
2403686058,2403685644,0.7005086,0.015965987,-0.0016949823,0.71346337,0.71633524,-7.848939e-10,2.6020643e-09,0.6977563,1
2403695088,2403694464,0.70045316,0.015785025,-0.0016211206,0.7135221,0.71633524,-7.848939e-10,2.6020643e-09,0.6977563,1
2403700342,2403699498,0.7005308,0.01574845,-0.0016632639,0.7134465,0.71633524,-7.848939e-10,2.6020643e-09,0.6977563,1
2403710260,2403709796,0.70066386,0.015584152,-0.001643752,0.7133195,0.71633524,-7.848939e-10,2.6020643e-09,0.6977563,1
2403715290,2403714723,0.70070964,0.015547376,-0.0016899612,0.71327513,0.71633524,-7.848939e-10,2.6020643e-09,0.6977563,1
2403724174,2403719720,0.70080364,0.015459758,-0.0016641022,0.7131848,0.71633524,-7.848939e-10,2.6020643e-09,0.6977563,1
2403725819,2403724827,0.7008424,0.015397442,-0.0016935869,0.713148,0.71633524,-7.848939e-10,2.6020643e-09,0.6977563,1
2403730463,2403729909,0.7008792,0.015362629,-0.001701418,0.7131126,0.71633524,-7.848939e-10,2.6020643e-09,0.6977563,1
2403735716,2403735065,0.7009882,0.0152625935,-0.0016527361,0.7130077,0.71633524,-7.848939e-10,2.6020643e-09,0.6977563,1
2403740959,2403740024,0.70104414,0.015144819,-0.0016272566,0.7129552,0.71633524,-7.848939e-10,2.6020643e-09,0.6977563,1
2403750532,2403750139,0.70110464,0.014988646,-0.0015548057,0.71289915,0.71633524,-7.848939e-10,2.6020643e-09,0.6977563,1
2403759527,2403755327,0.70116186,0.014852124,-0.0014936333,0.7128459,0.71633524,-7.848939e-10,2.6020643e-09,0.6977563,1
2403765895,2403765286,0.7012411,0.014641833,-0.0014661091,0.7127724,0.71633524,-7.848939e-10,2.6020643e-09,0.6977563,1
2403774941,2403770526,0.701272,0.014529125,-0.001461105,0.71274424,0.71633524,-7.848939e-10,2.6020643e-09,0.6977563,1
2403781033,2403780415,0.7013407,0.014388044,-0.0015472958,0.7126794,0.71633524,-7.848939e-10,2.6020643e-09,0.6977563,1
2403789808,2403789243,0.70139915,0.014239944,-0.0016051118,0.7126247,0.71633524,-7.848939e-10,2.6020643e-09,0.6977563,1
2403794913,2403794324,0.7014855,0.014212661,-0.0016982792,0.71254003,0.71633524,-7.848939e-10,2.6020643e-09,0.6977563,1
2403800061,2403799373,0.70148784,0.014099095,-0.0016788355,0.71254,0.71633524,-7.848939e-10,2.6020643e-09,0.6977563,1
2403805076,2403804381,0.7015128,0.013986135,-0.0016478248,0.7125177,0.71633524,-7.848939e-10,2.6020643e-09,0.6977563,1
2403815484,2403814762,0.70163745,0.013813265,-0.0016741231,0.7123983,0.71633524,-7.848939e-10,2.6020643e-09,0.6977563,1
2403820138,2403819531,0.7016481,0.013711098,-0.001633978,0.7123898,0.71633524,-7.848939e-10,2.6020643e-09,0.6977563,1
2403825238,2403824631,0.70171505,0.013624443,-0.0016221589,0.7123256,0.71633524,-7.848939e-10,2.6020643e-09,0.6977563,1
2403830380,2403829753,0.701802,0.013559264,-0.0015612374,0.7122413,0.71633524,-7.848939e-10,2.6020643e-09,0.6977563,1
2403835373,2403834723,0.7017775,0.013438237,-0.0015283895,0.7122678,0.71633524,-7.848939e-10,2.6020643e-09,0.6977563,1
2403844137,2403839800,0.7017919,0.013345224,-0.0015257291,0.7122554,0.71633524,-7.848939e-10,2.6020643e-09,0.6977563,1
2403850493,2403844881,0.70186216,0.013256022,-0.001534396,0.7121878,0.71633524,-7.848939e-10,2.6020643e-09,0.6977563,1
2403855646,2403854982,0.70189893,0.013123612,-0.001575439,0.712154,0.71633524,-7.848939e-10,2.6020643e-09,0.6977563,1
2403860505,2403859924,0.7019828,0.013055634,-0.0016245091,0.71207243,0.71633524,-7.848939e-10,2.6020643e-09,0.6977563,1
2403870708,2403865016,0.7019566,0.012967442,-0.0016417863,0.7120998,0.71633524,-7.848939e-10,2.6020643e-09,0.6977563,1
2403872762,2403871361,0.70200837,0.012853679,-0.0017200831,0.71205074,0.71633524,-7.848939e-10,2.6020643e-09,0.6977563,1
2403877247,2403876629,0.7020121,0.0127030965,-0.001737679,0.71204966,0.71633524,-7.848939e-10,2.6020643e-09,0.6977563,1
2403882005,2403881425,0.7019667,0.012641166,-0.0018510936,0.71209526,0.71633524,-7.848939e-10,2.6020643e-09,0.6977563,1
2403893997,2403893172,0.70199335,0.012344766,-0.0020097434,0.7120737,0.71633524,-7.848939e-10,2.6020643e-09,0.6977563,1
2403903453,2403901684,0.70203096,0.012119272,-0.00206686,0.7120403,0.71633524,-7.848939e-10,2.6020643e-09,0.6977563,1
2403907639,2403906864,0.7020915,0.011982911,-0.0020554184,0.71198297,0.71633524,-7.848939e-10,2.6020643e-09,0.6977563,1
2403917473,2403916799,0.7021059,0.011833921,-0.0021335469,0.7119711,0.71633524,-7.848939e-10,2.6020643e-09,0.6977563,1
2403926335,2403922208,0.70214385,0.011700709,-0.0021361706,0.71193576,0.71633524,-7.848939e-10,2.6020643e-09,0.6977563,1
2403932907,2403931930,0.702187,0.011553193,-0.0022276756,0.71189535,0.71633524,-7.848939e-10,2.6020643e-09,0.6977563,1
2403941437,2403940843,0.7021725,0.011296938,-0.002261481,0.7119137,0.71633524,-7.848939e-10,2.6020643e-09,0.6977563,1
2403950467,2403949788,0.70223004,0.011073357,-0.002442418,0.7118598,0.71633524,-7.848939e-10,2.6020643e-09,0.6977563,1
2403955505,2403954839,0.70222795,0.010963738,-0.0025362193,0.7118632,0.71633524,-7.848939e-10,2.6020643e-09,0.6977563,1
2403960749,2403959936,0.7021507,0.010823057,-0.0025491714,0.7119416,0.71633524,-7.848939e-10,2.6020643e-09,0.6977563,1
2403965357,2403964783,0.70218164,0.010730539,-0.0026689437,0.711912,0.71633524,-7.848939e-10,2.6020643e-09,0.6977563,1
2403976235,2403975097,0.7021903,0.010496934,-0.002799742,0.71190643,0.71633524,-7.848939e-10,2.6020643e-09,0.6977563,1
2403985632,2403985023,0.7022436,0.0101914955,-0.0029596677,0.7118576,0.71633524,-7.848939e-10,2.6020643e-09,0.6977563,1
2403990660,2403990103,0.70222956,0.009995934,-0.0030034853,0.71187407,0.71633524,-7.848939e-10,2.6020643e-09,0.6977563,1
2404000815,2403995186,0.7021726,0.009764639,-0.0030729214,0.71193326,0.71633524,-7.848939e-10,2.6020643e-09,0.6977563,1
2404002421,2404000194,0.7022268,0.009512398,-0.003144568,0.71188277,0.71633524,-7.848939e-10,2.6020643e-09,0.6977563,1
2404005776,2404005222,0.7022589,0.009260278,-0.0032198653,0.7118542,0.71633524,-7.848939e-10,2.6020643e-09,0.6977563,1
2404010756,2404010242,0.7022201,0.009004694,-0.0032987616,0.7118954,0.71633524,-7.848939e-10,2.6020643e-09,0.6977563,1
2404015905,2404015361,0.7022495,0.008794974,-0.0034068336,0.7118685,0.71633524,-7.848939e-10,2.6020643e-09,0.6977563,1
2404028640,2404027816,0.70220727,0.008378252,-0.0036192385,0.7119142,0.71633524,-7.848939e-10,2.6020643e-09,0.6977563,1
2404032542,2404031962,0.7022319,0.00825834,-0.0036200592,0.7118913,0.71633524,-7.848939e-10,2.6020643e-09,0.6977563,1
2404037413,2404036821,0.7021906,0.008213098,-0.0037805208,0.7119317,0.71633524,-7.848939e-10,2.6020643e-09,0.6977563,1
2404049810,2404049215,0.70217603,0.008027178,-0.0039271284,0.71194744,0.71633524,-7.848939e-10,2.6020643e-09,0.6977563,1
2404053799,2404053198,0.70216084,0.007977118,-0.00398275,0.7119626,0.71633524,-7.848939e-10,2.6020643e-09,0.6977563,1
2404065050,2404064589,0.7021018,0.007679164,-0.0040803165,0.7120235,0.71633524,-7.848939e-10,2.6020643e-09,0.6977563,1
2404075275,2404074753,0.7020238,0.00737144,-0.004162597,0.7121032,0.71633524,-7.848939e-10,2.6020643e-09,0.6977563,1
2404080447,2404079856,0.70205593,0.0072228056,-0.0042383433,0.7120726,0.71633524,-7.848939e-10,2.6020643e-09,0.6977563,1
2404090567,2404089835,0.70195943,0.00686851,-0.004264093,0.7121711,0.71633524,-7.848939e-10,2.6020643e-09,0.6977563,1
2404095604,2404094950,0.7019933,0.0067456462,-0.0043287035,0.71213853,0.71633524,-7.848939e-10,2.6020643e-09,0.6977563,1
2404105909,2404100300,0.70197016,0.006589367,-0.0042830217,0.71216303,0.71633524,-7.848939e-10,2.6020643e-09,0.6977563,1
2404107880,2404105067,0.7019224,0.00648059,-0.0042965715,0.7122111,0.71633524,-7.848939e-10,2.6020643e-09,0.6977563,1
2404115984,2404115268,0.70199996,0.0062457593,-0.004302866,0.7121366,0.71633524,-7.848939e-10,2.6020643e-09,0.6977563,1
2404120789,2404120168,0.7018662,0.0061519956,-0.00432354,0.7122692,0.71633524,-7.848939e-10,2.6020643e-09,0.6977563,1
2404129639,2404129023,0.7018196,0.0059621916,-0.004362894,0.7123165,0.71633524,-7.848939e-10,2.6020643e-09,0.6977563,1
2404138457,2404134568,0.70192486,0.0058591906,-0.0044114473,0.7122133,0.71633524,-7.848939e-10,2.6020643e-09,0.6977563,1
2404145121,2404144280,0.70184654,0.0057702074,-0.0045160274,0.7122905,0.71633524,-7.848939e-10,2.6020643e-09,0.6977563,1
2404149856,2404149234,0.70184743,0.00564187,-0.004547,0.7122905,0.71633524,-7.848939e-10,2.6020643e-09,0.6977563,1
2404158823,2404158105,0.7018179,0.005499003,-0.0046237977,0.71232015,0.71633524,-7.848939e-10,2.6020643e-09,0.6977563,1
2404163928,2404163307,0.70175266,0.0054069646,-0.004708378,0.7123846,0.71633524,-7.848939e-10,2.6020643e-09,0.6977563,1
2404168846,2404168201,0.7017281,0.0052818535,-0.0046959613,0.7124098,0.71633524,-7.848939e-10,2.6020643e-09,0.6977563,1
2404180063,2404179651,0.70169,0.004986697,-0.0047348537,0.71244925,0.71633524,-7.848939e-10,2.6020643e-09,0.6977563,1
2404190336,2404188548,0.7016294,0.004655579,-0.0046434295,0.7125118,0.71633524,-7.848939e-10,2.6020643e-09,0.6977563,1
2404195596,2404193614,0.7016155,0.0045034946,-0.004629832,0.7125265,0.71633524,-7.848939e-10,2.6020643e-09,0.6977563,1
2404199208,2404198657,0.70162123,0.0043803356,-0.004631893,0.7125217,0.71633524,-7.848939e-10,2.6020643e-09,0.6977563,1
2404204139,2404203538,0.70156854,0.0042758426,-0.004592445,0.71257436,0.71633524,-7.848939e-10,2.6020643e-09,0.6977563,1
2404209375,2404208671,0.7015969,0.004178325,-0.004658682,0.7125466,0.71633524,-7.848939e-10,2.6020643e-09,0.6977563,1
2404221461,2404220023,0.7015439,0.0040557203,-0.0046875104,0.7125993,0.71633524,-7.848939e-10,2.6020643e-09,0.6977563,1
2404225664,2404225068,0.70155525,0.003998464,-0.00473605,0.71258813,0.71633524,-7.848939e-10,2.6020643e-09,0.6977563,1
2404230702,2404230062,0.701543,0.003968032,-0.0047541005,0.7126003,0.71633524,-7.848939e-10,2.6020643e-09,0.6977563,1
2404235618,2404235089,0.70147836,0.003929619,-0.004813467,0.71266377,0.71633524,-7.848939e-10,2.6020643e-09,0.6977563,1
2404245724,2404245302,0.701555,0.0037873695,-0.0048638494,0.71258867,0.71633524,-7.848939e-10,2.6020643e-09,0.6977563,1
2404250953,2404250322,0.7014583,0.0036892071,-0.004883241,0.71268433,0.71633524,-7.848939e-10,2.6020643e-09,0.6977563,1
2404262846,2404260452,0.7014765,0.0034876794,-0.0048735677,0.7126674,0.71633524,-7.848939e-10,2.6020643e-09,0.6977563,1
2404266112,2404265452,0.70141816,0.00340651,-0.004928709,0.71272486,0.71633524,-7.848939e-10,2.6020643e-09,0.6977563,1
2404271316,2404270690,0.7013715,0.003344405,-0.004999925,0.71277064,0.71633524,-7.848939e-10,2.6020643e-09,0.6977563,1
2404283185,2404280707,0.701371,0.0031477464,-0.005002206,0.71277195,0.71633524,-7.848939e-10,2.6020643e-09,0.6977563,1
2404286568,2404285927,0.701326,0.003098531,-0.005050429,0.7128161,0.71633524,-7.848939e-10,2.6020643e-09,0.6977563,1
2404291427,2404290829,0.7013387,0.0030399722,-0.005062809,0.71280384,0.71633524,-7.848939e-10,2.6020643e-09,0.6977563,1
2404296410,2404295782,0.7013129,0.0029793107,-0.0051038736,0.7128291,0.71633524,-7.848939e-10,2.6020643e-09,0.6977563,1
2404307749,2404307231,0.7012935,0.002876146,-0.005184534,0.71284807,0.71633524,-7.848939e-10,2.6020643e-09,0.6977563,1
2404316769,2404316183,0.70130426,0.0028737104,-0.005385222,0.712836,0.71633524,-7.848939e-10,2.6020643e-09,0.6977563,1
2404326773,2404321015,0.7012864,0.0028310057,-0.0054346994,0.71285343,0.71633524,-7.848939e-10,2.6020643e-09,0.6977563,1
2404338037,2404337416,0.701341,0.0026924184,-0.005745483,0.7127978,0.71633524,-7.848939e-10,2.6020643e-09,0.6977563,1
2404348208,2404347568,0.7013551,0.0025916668,-0.005840985,0.7127835,0.71633524,-7.848939e-10,2.6020643e-09,0.6977563,1
2404357066,2404356392,0.7012845,0.0024685615,-0.005818878,0.71285355,0.71633524,-7.848939e-10,2.6020643e-09,0.6977563,1
2404367217,2404365292,0.70127726,0.002381592,-0.005778114,0.71286136,0.71633524,-7.848939e-10,2.6020643e-09,0.6977563,1
2404376073,2404375404,0.7011628,0.002312146,-0.0057100183,0.71297467,0.71633524,-7.848939e-10,2.6020643e-09,0.6977563,1
2404381038,2404380400,0.701191,0.002342491,-0.005703533,0.71294683,0.71633524,-7.848939e-10,2.6020643e-09,0.6977563,1
2404391744,2404390577,0.7011865,0.0023394788,-0.005626863,0.71295196,0.71633524,-7.848939e-10,2.6020643e-09,0.6977563,1
2404396438,2404395744,0.70114106,0.0024279554,-0.0056606377,0.71299607,0.71633524,-7.848939e-10,2.6020643e-09,0.6977563,1
2404401660,2404400672,0.70114446,0.0024658428,-0.0056401747,0.7129927,0.71633524,-7.848939e-10,2.6020643e-09,0.6977563,1
2404413013,2404411958,0.7010965,0.0025529016,-0.0056208097,0.7130397,0.71633524,-7.848939e-10,2.6020643e-09,0.6977563,1
2404422625,2404422081,0.7010827,0.002637415,-0.0057085366,0.71305233,0.71633524,-7.848939e-10,2.6020643e-09,0.6977563,1
2404427813,2404427204,0.7010659,0.0026959507,-0.005711875,0.7130686,0.71633524,-7.848939e-10,2.6020643e-09,0.6977563,1
2404432731,2404432188,0.70105594,0.00266548,-0.005694095,0.7130786,0.71633524,-7.848939e-10,2.6020643e-09,0.6977563,1
2404437985,2404437223,0.70107716,0.0027567716,-0.005734009,0.7130571,0.71633524,-7.848939e-10,2.6020643e-09,0.6977563,1
2404447784,2404447356,0.7010038,0.0028070963,-0.0057043517,0.7131292,0.71633524,-7.848939e-10,2.6020643e-09,0.6977563,1
2404457832,2404457455,0.70097595,0.0028799167,-0.0056617027,0.71315664,0.71633524,-7.848939e-10,2.6020643e-09,0.6977563,1
2404468248,2404462453,0.7009258,0.0028875154,-0.005616543,0.71320623,0.71633524,-7.848939e-10,2.6020643e-09,0.6977563,1
2404473307,2404472656,0.70093316,0.0029276363,-0.0055453926,0.71319944,0.71633524,-7.848939e-10,2.6020643e-09,0.6977563,1
2404478673,2404477694,0.70086944,0.0029167107,-0.005491426,0.7132625,0.71633524,-7.848939e-10,2.6020643e-09,0.6977563,1
2404488596,2404487877,0.70094806,0.0029260942,-0.0054193693,0.7131858,0.71633524,-7.848939e-10,2.6020643e-09,0.6977563,1
2404493369,2404492807,0.70089567,0.0029388468,-0.0053779157,0.7132376,0.71633524,-7.848939e-10,2.6020643e-09,0.6977563,1
2404498648,2404497867,0.7008363,0.0029666747,-0.0053689843,0.7132959,0.71633524,-7.848939e-10,2.6020643e-09,0.6977563,1
2404503534,2404502873,0.70089257,0.0029967213,-0.005343525,0.7132406,0.71633524,-7.848939e-10,2.6020643e-09,0.6977563,1
2404513762,2404507986,0.70076996,0.0030183364,-0.005299579,0.7133613,0.71633524,-7.848939e-10,2.6020643e-09,0.6977563,1
2404518748,2404518062,0.7007458,0.0031084416,-0.005242907,0.7133851,0.71633524,-7.848939e-10,2.6020643e-09,0.6977563,1
2404523778,2404523159,0.7007213,0.00310038,-0.005144441,0.71340984,0.71633524,-7.848939e-10,2.6020643e-09,0.6977563,1
2404528977,2404528310,0.7006592,0.0031803465,-0.005137435,0.7134705,0.71633524,-7.848939e-10,2.6020643e-09,0.6977563,1
2404534053,2404533389,0.7006398,0.0031928904,-0.0050739693,0.71349007,0.71633524,-7.848939e-10,2.6020643e-09,0.6977563,1
2404538881,2404538274,0.7006378,0.0032137397,-0.005031936,0.7134922,0.71633524,-7.848939e-10,2.6020643e-09,0.6977563,1
2404549114,2404548391,0.7005383,0.003384971,-0.005028676,0.7135891,0.71633524,-7.848939e-10,2.6020643e-09,0.6977563,1
2404559200,2404558729,0.7005371,0.0034954606,-0.0049435967,0.7135903,0.71633524,-7.848939e-10,2.6020643e-09,0.6977563,1
2404569152,2404568744,0.70049363,0.0036095106,-0.004844885,0.7136331,0.71633524,-7.848939e-10,2.6020643e-09,0.6977563,1
2404574471,2404573760,0.70050204,0.0036287454,-0.0047765756,0.71362525,0.71633524,-7.848939e-10,2.6020643e-09,0.6977563,1
2404584271,2404578865,0.7004996,0.0036920635,-0.0047526513,0.71362746,0.71633524,-7.848939e-10,2.6020643e-09,0.6977563,1
2404586472,2404585017,0.7004852,0.0037236135,-0.004640254,0.7136421,0.71633524,-7.848939e-10,2.6020643e-09,0.6977563,1
2404595830,2404595087,0.700477,0.0038395245,-0.0044979984,0.7136505,0.71633524,-7.848939e-10,2.6020643e-09,0.6977563,1
2404600734,2404600182,0.70045424,0.0038754232,-0.004430116,0.7136731,0.71633524,-7.848939e-10,2.6020643e-09,0.6977563,1
2404605820,2404605207,0.7004714,0.0039353548,-0.004379186,0.7136563,0.71633524,-7.848939e-10,2.6020643e-09,0.6977563,1
2404610966,2404610325,0.7004822,0.0039775446,-0.0042697345,0.71364605,0.71633524,-7.848939e-10,2.6020643e-09,0.6977563,1
2404616042,2404615460,0.70042115,0.004017612,-0.0041891034,0.7137062,0.71633524,-7.848939e-10,2.6020643e-09,0.6977563,1
2404621011,2404620475,0.7004559,0.0040558204,-0.0041596442,0.7136721,0.71633524,-7.848939e-10,2.6020643e-09,0.6977563,1
2404631061,2404625490,0.700492,0.0041005006,-0.00409356,0.71363676,0.71633524,-7.848939e-10,2.6020643e-09,0.6977563,1
2404633036,2404630492,0.70042235,0.0041281413,-0.0040386626,0.7137053,0.71633524,-7.848939e-10,2.6020643e-09,0.6977563,1
2404636415,2404635525,0.7004223,0.0041598943,-0.0039943657,0.71370536,0.71633524,-7.848939e-10,2.6020643e-09,0.6977563,1
2404641435,2404640711,0.70046264,0.0041952175,-0.0039455597,0.7136659,0.71633524,-7.848939e-10,2.6020643e-09,0.6977563,1
2404646098,2404645597,0.70041853,0.0042099683,-0.0038644385,0.7137096,0.71633524,-7.848939e-10,2.6020643e-09,0.6977563,1
2404656254,2404655747,0.70035714,0.004367793,-0.0037732748,0.71376926,0.71633524,-7.848939e-10,2.6020643e-09,0.6977563,1
2404661401,2404660784,0.70037735,0.004410248,-0.0036744273,0.7137497,0.71633524,-7.848939e-10,2.6020643e-09,0.6977563,1
2404666444,2404665835,0.7003206,0.004489993,-0.0036293247,0.71380514,0.71633524,-7.848939e-10,2.6020643e-09,0.6977563,1
2404671525,2404670910,0.7003989,0.0044979188,-0.0034962313,0.7137289,0.71633524,-7.848939e-10,2.6020643e-09,0.6977563,1
2404680369,2404675979,0.700404,0.004535019,-0.0034195324,0.71372414,0.71633524,-7.848939e-10,2.6020643e-09,0.6977563,1
2404686658,2404686098,0.70029795,0.004699718,-0.0033712147,0.71382725,0.71633524,-7.848939e-10,2.6020643e-09,0.6977563,1
2404696582,2404696125,0.70034075,0.004804951,-0.0033049677,0.7137848,0.71633524,-7.848939e-10,2.6020643e-09,0.6977563,1
2404707130,2404706630,0.70032996,0.004975292,-0.003299853,0.71379435,0.71633524,-7.848939e-10,2.6020643e-09,0.6977563,1
2404718233,2404716383,0.70037377,0.0051328004,-0.0033910903,0.71374977,0.71633524,-7.848939e-10,2.6020643e-09,0.6977563,1
2404722081,2404721546,0.70035267,0.0051549342,-0.003354498,0.71377057,0.71633524,-7.848939e-10,2.6020643e-09,0.6977563,1
2404732062,2404726483,0.7003668,0.0051872595,-0.0033710145,0.7137564,0.71633524,-7.848939e-10,2.6020643e-09,0.6977563,1
2404734283,2404733742,0.70035785,0.005228637,-0.0033420026,0.71376497,0.71633524,-7.848939e-10,2.6020643e-09,0.6977563,1
2404738432,2404737854,0.7003568,0.005297297,-0.0032764059,0.71376586,0.71633524,-7.848939e-10,2.6020643e-09,0.6977563,1
2404743699,2404742917,0.70039076,0.0056385016,-0.0030770223,0.71373075,0.71633524,-7.848939e-10,2.6020643e-09,0.6977563,1
2404748554,2404747971,0.70031834,0.0062733633,-0.0023776782,0.7137991,0.71633524,-7.848939e-10,2.6020643e-09,0.6977563,1
2404753599,2404753046,0.7002161,0.007298809,-0.0012693563,0.7138925,0.71633524,-7.848939e-10,2.6020643e-09,0.6977563,1
2404763703,2404758055,0.7000668,0.008818232,0.00045320755,0.71402276,0.71633524,-7.848939e-10,2.6020643e-09,0.6977563,1
2404765330,2404763277,0.6998814,0.01081404,0.002839752,0.7141715,0.71633524,-7.848939e-10,2.6020643e-09,0.6977563,1
2404773879,2404769612,0.6995567,0.013849206,0.0066237818,0.71441215,0.71633524,-7.848939e-10,2.6020643e-09,0.6977563,1
2404775990,2404775453,0.69920194,0.017072618,0.010884596,0.71463746,0.71633524,-7.848939e-10,2.6020643e-09,0.6977563,1
2404785117,2404784579,0.6986007,0.022737259,0.018933339,0.7148998,0.71633524,-7.848939e-10,2.6020643e-09,0.6977563,1
2404790225,2404789645,0.69824,0.026132144,0.024039855,0.7149826,0.71633524,-7.848939e-10,2.6020643e-09,0.6977563,1
2404801720,2404799771,0.6974753,0.033368308,0.035203815,0.7149654,0.71633524,-7.848939e-10,2.6020643e-09,0.6977563,1
2404805405,2404804805,0.69710904,0.037080824,0.04110058,0.71482503,0.71633524,-7.848939e-10,2.6020643e-09,0.6977563,1
2404814416,2404813646,0.696368,0.043654136,0.051871914,0.7144756,0.71633524,-7.848939e-10,2.6020643e-09,0.6977563,1
2404819300,2404818740,0.6958824,0.047413524,0.058216076,0.7142203,0.71633524,-7.848939e-10,2.6020643e-09,0.6977563,1
2404824331,2404823776,0.6954166,0.05111049,0.064558335,0.71387374,0.71633524,-7.848939e-10,2.6020643e-09,0.6977563,1
2404829331,2404828805,0.6948765,0.05468238,0.070897706,0.7135335,0.71633524,-7.848939e-10,2.6020643e-09,0.6977563,1
2404839770,2404839271,0.6936625,0.061942942,0.08393486,0.7127063,0.71633524,-7.848939e-10,2.6020643e-09,0.6977563,1
2404844609,2404843987,0.69305813,0.06505916,0.089667894,0.71231836,0.71633524,-7.848939e-10,2.6020643e-09,0.6977563,1
2404849577,2404849049,0.692416,0.06832134,0.09570157,0.7118522,0.71633524,-7.848939e-10,2.6020643e-09,0.6977563,1
2404859576,2404859147,0.69107825,0.0745035,0.10721744,0.71088994,0.71633524,-7.848939e-10,2.6020643e-09,0.6977563,1
2404864870,2404864237,0.69035155,0.07759901,0.11260499,0.71043175,0.71633524,-7.848939e-10,2.6020643e-09,0.6977563,1
2404869989,2404869329,0.68968326,0.080531,0.117841825,0.70990497,0.71633524,-7.848939e-10,2.6020643e-09,0.6977563,1
2404881288,2404880623,0.6882072,0.08680051,0.12857772,0.70873433,0.71633524,-7.848939e-10,2.6020643e-09,0.6977563,1
2404886210,2404885655,0.68761116,0.089426994,0.13304423,0.7081617,0.71633524,-7.848939e-10,2.6020643e-09,0.6977563,1
2404891256,2404890717,0.6869833,0.09208416,0.1372169,0.70763415,0.71633524,-7.848939e-10,2.6020643e-09,0.6977563,1
2404901375,2404900896,0.68581086,0.09707057,0.14511533,0.70652837,0.71633524,-7.848939e-10,2.6020643e-09,0.6977563,1
2404906423,2404905845,0.68524295,0.09940141,0.14859182,0.7060326,0.71633524,-7.848939e-10,2.6020643e-09,0.6977563,1
2404918899,2404918067,0.683939,0.10479801,0.15655406,0.7047949,0.71633524,-7.848939e-10,2.6020643e-09,0.6977563,1
2404923090,2404922527,0.68346125,0.1066713,0.1592349,0.70437646,0.71633524,-7.848939e-10,2.6020643e-09,0.6977563,1
2404934030,2404933638,0.68238986,0.110918835,0.16554396,0.7033039,0.71633524,-7.848939e-10,2.6020643e-09,0.6977563,1
2404939300,2404938715,0.68193436,0.11274383,0.16825162,0.70281285,0.71633524,-7.848939e-10,2.6020643e-09,0.6977563,1
2404944219,2404943737,0.6814495,0.114496306,0.17072572,0.702403,0.71633524,-7.848939e-10,2.6020643e-09,0.6977563,1
2404954182,2404953822,0.6805463,0.11792148,0.17539175,0.7015619,0.71633524,-7.848939e-10,2.6020643e-09,0.6977563,1
2404959373,2404958890,0.6801201,0.119569115,0.17750429,0.70116484,0.71633524,-7.848939e-10,2.6020643e-09,0.6977563,1
2404964556,2404963989,0.6797213,0.12122056,0.17949778,0.7007604,0.71633524,-7.848939e-10,2.6020643e-09,0.6977563,1
2404969725,2404969033,0.6793216,0.12273419,0.18131402,0.70041686,0.71633524,-7.848939e-10,2.6020643e-09,0.6977563,1
2404974606,2404974049,0.67898834,0.124309495,0.18299833,0.700024,0.71633524,-7.848939e-10,2.6020643e-09,0.6977563,1
2404979707,2404979168,0.6786496,0.1258372,0.18454245,0.6996741,0.71633524,-7.848939e-10,2.6020643e-09,0.6977563,1
2404984721,2404984185,0.6783638,0.12732607,0.18592271,0.69931644,0.71633524,-7.848939e-10,2.6020643e-09,0.6977563,1
2404995903,2404994269,0.6778801,0.13023943,0.18827195,0.69862,0.71633524,-7.848939e-10,2.6020643e-09,0.6977563,1
2405000009,2404999412,0.67767316,0.1316915,0.18923633,0.698288,0.71633524,-7.848939e-10,2.6020643e-09,0.6977563,1
2405005086,2405004443,0.67749053,0.13302432,0.1900516,0.6979911,0.71633524,-7.848939e-10,2.6020643e-09,0.6977563,1
2405013787,2405009471,0.67732805,0.13430122,0.19067544,0.69773406,0.71633524,-7.848939e-10,2.6020643e-09,0.6977563,1
2405015135,2405014674,0.67717946,0.1356139,0.19129096,0.6974558,0.71633524,-7.848939e-10,2.6020643e-09,0.6977563,1
2405020582,2405019600,0.67706645,0.13676691,0.19165222,0.69724125,0.71633524,-7.848939e-10,2.6020643e-09,0.6977563,1
2405030607,2405029679,0.67692584,0.13910624,0.19212417,0.69678485,0.71633524,-7.848939e-10,2.6020643e-09,0.6977563,1
2405035391,2405034762,0.67692304,0.1402176,0.19216652,0.6965532,0.71633524,-7.848939e-10,2.6020643e-09,0.6977563,1
2405045392,2405039748,0.67690665,0.1413598,0.19209161,0.6963588,0.71633524,-7.848939e-10,2.6020643e-09,0.6977563,1
2405046616,2405046139,0.6769664,0.14263879,0.19172546,0.6961409,0.71633524,-7.848939e-10,2.6020643e-09,0.6977563,1
2405051816,2405051093,0.67701447,0.14358449,0.19133501,0.69600713,0.71633524,-7.848939e-10,2.6020643e-09,0.6977563,1
2405056713,2405056161,0.6771199,0.14446454,0.19075431,0.6958817,0.71633524,-7.848939e-10,2.6020643e-09,0.6977563,1
2405061853,2405061262,0.6772255,0.14532374,0.19011527,0.6957751,0.71633524,-7.848939e-10,2.6020643e-09,0.6977563,1
2405070683,2405066272,0.67736685,0.14610031,0.1892956,0.69569826,0.71633524,-7.848939e-10,2.6020643e-09,0.6977563,1
2405072347,2405071428,0.67755914,0.14687195,0.1883616,0.695602,0.71633524,-7.848939e-10,2.6020643e-09,0.6977563,1
2405076894,2405076359,0.67774665,0.14753218,0.18729189,0.6955685,0.71633524,-7.848939e-10,2.6020643e-09,0.6977563,1
2405082061,2405081455,0.6780015,0.14816332,0.18607244,0.69551325,0.71633524,-7.848939e-10,2.6020643e-09,0.6977563,1
2405086957,2405086488,0.67825425,0.14875238,0.18478397,0.69548464,0.71633524,-7.848939e-10,2.6020643e-09,0.6977563,1
2405092009,2405091488,0.6785352,0.14924489,0.1833785,0.69547707,0.71633524,-7.848939e-10,2.6020643e-09,0.6977563,1
2405097217,2405096590,0.6788434,0.14972149,0.18184274,0.6954771,0.71633524,-7.848939e-10,2.6020643e-09,0.6977563,1
2405102249,2405101674,0.6791568,0.15008771,0.18020229,0.69551915,0.71633524,-7.848939e-10,2.6020643e-09,0.6977563,1
2405112367,2405111803,0.6798504,0.15067758,0.17661256,0.69563484,0.71633524,-7.848939e-10,2.6020643e-09,0.6977563,1
2405124420,2405121835,0.68062854,0.1509381,0.17260297,0.69582385,0.71633524,-7.848939e-10,2.6020643e-09,0.6977563,1
2405134151,2405132315,0.68151146,0.15078571,0.16800082,0.696119,0.71633524,-7.848939e-10,2.6020643e-09,0.6977563,1
2405142533,2405137006,0.6819149,0.15060145,0.16580825,0.69628936,0.71633524,-7.848939e-10,2.6020643e-09,0.6977563,1
2405144239,2405143773,0.68258625,0.15025344,0.16250071,0.6964865,0.71633524,-7.848939e-10,2.6020643e-09,0.6977563,1
2405148912,2405148391,0.68302816,0.14990339,0.1601496,0.69667333,0.71633524,-7.848939e-10,2.6020643e-09,0.6977563,1
2405157885,2405153949,0.6836577,0.14939426,0.15721184,0.6968343,0.71633524,-7.848939e-10,2.6020643e-09,0.6977563,1
2405164221,2405163582,0.6846547,0.14823118,0.1519689,0.69726676,0.71633524,-7.848939e-10,2.6020643e-09,0.6977563,1
2405174137,2405173679,0.6857856,0.1467105,0.1461434,0.69772226,0.71633524,-7.848939e-10,2.6020643e-09,0.6977563,1
2405183211,2405182492,0.68685126,0.14512834,0.14080814,0.6981019,0.71633524,-7.848939e-10,2.6020643e-09,0.6977563,1
2405188000,2405187499,0.687439,0.14410903,0.13770457,0.6983535,0.71633524,-7.848939e-10,2.6020643e-09,0.6977563,1
2405196916,2405192568,0.688031,0.14292814,0.13449666,0.69863844,0.71633524,-7.848939e-10,2.6020643e-09,0.6977563,1
2405203280,2405202685,0.68929607,0.14042322,0.12791343,0.6991355,0.71633524,-7.848939e-10,2.6020643e-09,0.6977563,1
2405212067,2405207763,0.68995255,0.13899906,0.12448481,0.6993914,0.71633524,-7.848939e-10,2.6020643e-09,0.6977563,1
2405218529,2405217942,0.69127214,0.13595699,0.1175601,0.6998845,0.71633524,-7.848939e-10,2.6020643e-09,0.6977563,1
2405227372,2405226690,0.69244826,0.13303971,0.1114495,0.70028204,0.71633524,-7.848939e-10,2.6020643e-09,0.6977563,1
2405232333,2405231804,0.6931073,0.13124806,0.10784321,0.70053273,0.71633524,-7.848939e-10,2.6020643e-09,0.6977563,1
2405242272,2405241898,0.6944181,0.12743436,0.100643866,0.70100987,0.71633524,-7.848939e-10,2.6020643e-09,0.6977563,1
2405247702,2405246920,0.69505656,0.12539917,0.097071916,0.7012478,0.71633524,-7.848939e-10,2.6020643e-09,0.6977563,1
2405252656,2405252124,0.6957213,0.12321739,0.09333046,0.7014833,0.71633524,-7.848939e-10,2.6020643e-09,0.6977563,1
2405263796,2405263337,0.69717866,0.118258014,0.08524059,0.70191956,0.71633524,-7.848939e-10,2.6020643e-09,0.6977563,1
2405269010,2405268366,0.69782174,0.1159409,0.08161143,0.7020984,0.71633524,-7.848939e-10,2.6020643e-09,0.6977563,1
2405274028,2405273466,0.69844025,0.11342782,0.07798545,0.702306,0.71633524,-7.848939e-10,2.6020643e-09,0.6977563,1
2405279122,2405278504,0.69906,0.11095424,0.07437075,0.70247656,0.71633524,-7.848939e-10,2.6020643e-09,0.6977563,1
2405288301,2405283587,0.69967735,0.10837445,0.0707459,0.70263904,0.71633524,-7.848939e-10,2.6020643e-09,0.6977563,1
2405299568,2405298989,0.7010264,0.102326,0.06260595,0.70297366,0.71633524,-7.848939e-10,2.6020643e-09,0.6977563,1
2405304482,2405303819,0.7015565,0.09965356,0.05927577,0.70311743,0.71633524,-7.848939e-10,2.6020643e-09,0.6977563,1
2405314516,2405312701,0.70253295,0.094778255,0.053162515,0.7033053,0.71633524,-7.848939e-10,2.6020643e-09,0.6977563,1
2405318235,2405317673,0.70304465,0.09201255,0.049770907,0.70340943,0.71633524,-7.848939e-10,2.6020643e-09,0.6977563,1
2405328492,2405322647,0.70357,0.08920708,0.04642955,0.70347404,0.71633524,-7.848939e-10,2.6020643e-09,0.6977563,1
2405333467,2405332779,0.70457387,0.08356945,0.03962684,0.7035777,0.71633524,-7.848939e-10,2.6020643e-09,0.6977563,1
2405338465,2405337976,0.705075,0.08058728,0.036214508,0.7036075,0.71633524,-7.848939e-10,2.6020643e-09,0.6977563,1
2405343713,2405342933,0.70557785,0.07782937,0.03294759,0.7035745,0.71633524,-7.848939e-10,2.6020643e-09,0.6977563,1
2405348377,2405347924,0.7059949,0.07502432,0.029741496,0.7036036,0.71633524,-7.848939e-10,2.6020643e-09,0.6977563,1
2405353534,2405353058,0.70644087,0.072076395,0.026474085,0.7035946,0.71633524,-7.848939e-10,2.6020643e-09,0.6977563,1
2405364528,2405363233,0.7072574,0.06644909,0.020098843,0.7035393,0.71633524,-7.848939e-10,2.6020643e-09,0.6977563,1
2405369064,2405368212,0.70768404,0.06368689,0.017039062,0.70344645,0.71633524,-7.848939e-10,2.6020643e-09,0.6977563,1
2405373824,2405373254,0.70804393,0.060925357,0.013970703,0.70339656,0.71633524,-7.848939e-10,2.6020643e-09,0.6977563,1
2405385618,2405384718,0.70885974,0.05468495,0.0071537117,0.70319015,0.71633524,-7.848939e-10,2.6020643e-09,0.6977563,1
2405395396,2405394746,0.70947415,0.049268838,0.0012965774,0.703006,0.71633524,-7.848939e-10,2.6020643e-09,0.6977563,1
2405400310,2405399746,0.7098026,0.0465659,-0.0015639592,0.70285803,0.71633524,-7.848939e-10,2.6020643e-09,0.6977563,1
2405405383,2405404794,0.71007186,0.043939617,-0.0044722445,0.7027427,0.71633524,-7.848939e-10,2.6020643e-09,0.6977563,1
2405410522,2405409967,0.710344,0.041185416,-0.007322631,0.70261055,0.71633524,-7.848939e-10,2.6020643e-09,0.6977563,1
2405415503,2405414926,0.71060896,0.038536984,-0.010029091,0.70245945,0.71633524,-7.848939e-10,2.6020643e-09,0.6977563,1
2405424199,2405420127,0.71094364,0.035887383,-0.012895842,0.7022144,0.71633524,-7.848939e-10,2.6020643e-09,0.6977563,1
2405430690,2405425015,0.7111166,0.033401053,-0.015481871,0.70210963,0.71633524,-7.848939e-10,2.6020643e-09,0.6977563,1
2405435945,2405435361,0.7116368,0.028229633,-0.020917097,0.70166856,0.71633524,-7.848939e-10,2.6020643e-09,0.6977563,1
2405440905,2405440263,0.7117986,0.025779344,-0.023410605,0.7015199,0.71633524,-7.848939e-10,2.6020643e-09,0.6977563,1
2405445790,2405445255,0.7120056,0.023342676,-0.025961917,0.70130527,0.71633524,-7.848939e-10,2.6020643e-09,0.6977563,1
2405454729,2405450313,0.7122697,0.020881025,-0.02845231,0.7010181,0.71633524,-7.848939e-10,2.6020643e-09,0.6977563,1
2405462701,2405460383,0.7125786,0.016107649,-0.03335911,0.7006137,0.71633524,-7.848939e-10,2.6020643e-09,0.6977563,1
2405466122,2405464891,0.71272534,0.014019846,-0.035490386,0.7004045,0.71633524,-7.848939e-10,2.6020643e-09,0.6977563,1
2405474905,2405474333,0.71298146,0.009727748,-0.03993502,0.69997716,0.71633524,-7.848939e-10,2.6020643e-09,0.6977563,1
2405485032,2405484422,0.7131488,0.0052066497,-0.04449347,0.69957995,0.71633524,-7.848939e-10,2.6020643e-09,0.6977563,1
2405490015,2405489428,0.7132716,0.003058516,-0.046728935,0.69932157,0.71633524,-7.848939e-10,2.6020643e-09,0.6977563,1
2405495114,2405494514,0.71327925,0.0008847425,-0.04892233,0.69917,0.71633524,-7.848939e-10,2.6020643e-09,0.6977563,1
2405505311,2405499719,0.71336585,-0.0013107822,-0.051128145,0.698923,0.71633524,-7.848939e-10,2.6020643e-09,0.6977563,1
2405511407,2405510983,0.7134944,-0.005868166,-0.055722326,0.698417,0.71633524,-7.848939e-10,2.6020643e-09,0.6977563,1
2405516582,2405515996,0.7136036,-0.007848388,-0.057643156,0.6981301,0.71633524,-7.848939e-10,2.6020643e-09,0.6977563,1
2405526716,2405524839,0.7136654,-0.011313216,-0.061010137,0.69773316,0.71633524,-7.848939e-10,2.6020643e-09,0.6977563,1
2405536718,2405536192,0.7137535,-0.015542188,-0.06517311,0.697185,0.71633524,-7.848939e-10,2.6020643e-09,0.6977563,1
2405541891,2405541221,0.71376073,-0.01731609,-0.0670055,0.69696206,0.71633524,-7.848939e-10,2.6020643e-09,0.6977563,1
2405546932,2405546474,0.7137313,-0.01922994,-0.06884913,0.6967623,0.71633524,-7.848939e-10,2.6020643e-09,0.6977563,1
2405551879,2405551332,0.7137926,-0.020931074,-0.07058917,0.6964763,0.71633524,-7.848939e-10,2.6020643e-09,0.6977563,1
2405556820,2405556351,0.71373624,-0.022668669,-0.072290495,0.6963052,0.71633524,-7.848939e-10,2.6020643e-09,0.6977563,1
2405566861,2405566480,0.71367025,-0.026130857,-0.07561039,0.6958988,0.71633524,-7.848939e-10,2.6020643e-09,0.6977563,1
2405572173,2405571623,0.71362215,-0.027869096,-0.07722018,0.69570386,0.71633524,-7.848939e-10,2.6020643e-09,0.6977563,1
2405577281,2405576740,0.71356803,-0.029502956,-0.0788097,0.6955137,0.71633524,-7.848939e-10,2.6020643e-09,0.6977563,1
2405585920,2405581978,0.7135746,-0.031130468,-0.080395475,0.69525445,0.71633524,-7.848939e-10,2.6020643e-09,0.6977563,1
2405594126,2405593243,0.71349096,-0.03460438,-0.08372154,0.69478345,0.71633524,-7.848939e-10,2.6020643e-09,0.6977563,1
2405598831,2405598066,0.7134529,-0.036084205,-0.08510937,0.6945785,0.71633524,-7.848939e-10,2.6020643e-09,0.6977563,1
2405603903,2405603310,0.71340615,-0.037623554,-0.0866205,0.69435805,0.71633524,-7.848939e-10,2.6020643e-09,0.6977563,1
2405608666,2405608207,0.7133092,-0.03907498,-0.08793956,0.69421166,0.71633524,-7.848939e-10,2.6020643e-09,0.6977563,1
2405613907,2405613255,0.7132949,-0.040553946,-0.08931194,0.69396627,0.71633524,-7.848939e-10,2.6020643e-09,0.6977563,1
2405624984,2405623340,0.71315753,-0.043349765,-0.09193053,0.69359636,0.71633524,-7.848939e-10,2.6020643e-09,0.6977563,1
2405629181,2405628637,0.71315145,-0.04475491,-0.093266085,0.69333506,0.71633524,-7.848939e-10,2.6020643e-09,0.6977563,1
2405634175,2405633492,0.7130727,-0.04607519,-0.09441067,0.6931746,0.71633524,-7.848939e-10,2.6020643e-09,0.6977563,1
2405645117,2405644596,0.7129288,-0.04900422,-0.09697638,0.69276744,0.71633524,-7.848939e-10,2.6020643e-09,0.6977563,1
2405649130,2405648580,0.712882,-0.050023682,-0.09782491,0.69262344,0.71633524,-7.848939e-10,2.6020643e-09,0.6977563,1
2405658065,2405653730,0.71275884,-0.0512952,-0.09895725,0.69249624,0.71633524,-7.848939e-10,2.6020643e-09,0.6977563,1
2405666650,2405666112,0.7125466,-0.054239206,-0.10138857,0.6921386,0.71633524,-7.848939e-10,2.6020643e-09,0.6977563,1
2405671002,2405670439,0.71245134,-0.055225402,-0.10217465,0.69204307,0.71633524,-7.848939e-10,2.6020643e-09,0.6977563,1
2405675734,2405675134,0.71237624,-0.05630468,-0.10302238,0.69190776,0.71633524,-7.848939e-10,2.6020643e-09,0.6977563,1
2405680688,2405680165,0.7123027,-0.0573652,-0.10392575,0.69176126,0.71633524,-7.848939e-10,2.6020643e-09,0.6977563,1
2405689557,2405685252,0.71211654,-0.058496233,-0.10475019,0.6917338,0.71633524,-7.848939e-10,2.6020643e-09,0.6977563,1
2405691235,2405690287,0.7120479,-0.0595688,-0.10559567,0.6915844,0.71633524,-7.848939e-10,2.6020643e-09,0.6977563,1
2405699739,2405695347,0.7119518,-0.060594026,-0.10643413,0.69146574,0.71633524,-7.848939e-10,2.6020643e-09,0.6977563,1
2405701615,2405701008,0.7117473,-0.061768662,-0.10728673,0.6914405,0.71633524,-7.848939e-10,2.6020643e-09,0.6977563,1
2405706144,2405705474,0.71167564,-0.06260069,-0.1079952,0.69132924,0.71633524,-7.848939e-10,2.6020643e-09,0.6977563,1
2405711243,2405710602,0.7115534,-0.0635774,-0.10874695,0.69124806,0.71633524,-7.848939e-10,2.6020643e-09,0.6977563,1
2405716285,2405715693,0.71140665,-0.0645448,-0.10951331,0.6911885,0.71633524,-7.848939e-10,2.6020643e-09,0.6977563,1
2405731417,2405730850,0.71114844,-0.06628896,-0.11091933,0.6910648,0.71633524,-7.848939e-10,2.6020643e-09,0.6977563,1
2405736413,2405735872,0.7110121,-0.0671599,-0.11148915,0.6910293,0.71633524,-7.848939e-10,2.6020643e-09,0.6977563,1
2405745246,2405741298,0.7109188,-0.06812054,-0.11211712,0.69092965,0.71633524,-7.848939e-10,2.6020643e-09,0.6977563,1
2405751460,2405750903,0.71064436,-0.069607764,-0.113126785,0.69089913,0.71633524,-7.848939e-10,2.6020643e-09,0.6977563,1
2405760578,2405756164,0.71054685,-0.07043494,-0.113705225,0.6908207,0.71633524,-7.848939e-10,2.6020643e-09,0.6977563,1
2405766755,2405764865,0.71033436,-0.07168692,-0.11448784,0.6907812,0.71633524,-7.848939e-10,2.6020643e-09,0.6977563,1
2405770561,2405769931,0.7101336,-0.0724483,-0.11491198,0.69083774,0.71633524,-7.848939e-10,2.6020643e-09,0.6977563,1
2405775844,2405774898,0.71003443,-0.073130555,-0.11529116,0.6908046,0.71633524,-7.848939e-10,2.6020643e-09,0.6977563,1
2405784284,2405780681,0.7099155,-0.07387151,-0.115711704,0.6907778,0.71633524,-7.848939e-10,2.6020643e-09,0.6977563,1
2405790806,2405790208,0.70968527,-0.07501107,-0.116300605,0.6907926,0.71633524,-7.848939e-10,2.6020643e-09,0.6977563,1
2405799538,2405795813,0.7095454,-0.07574724,-0.11655936,0.69081235,0.71633524,-7.848939e-10,2.6020643e-09,0.6977563,1
2405805970,2405805347,0.709283,-0.07672366,-0.116998926,0.6908997,0.71633524,-7.848939e-10,2.6020643e-09,0.6977563,1
2405810882,2405810342,0.7091711,-0.07729372,-0.117111914,0.6909319,0.71633524,-7.848939e-10,2.6020643e-09,0.6977563,1
2405819807,2405819158,0.70895004,-0.07801052,-0.11738443,0.69103193,0.71633524,-7.848939e-10,2.6020643e-09,0.6977563,1
2405830192,2405829265,0.7086707,-0.07881815,-0.11747951,0.6912107,0.71633524,-7.848939e-10,2.6020643e-09,0.6977563,1
2405834993,2405834341,0.7085282,-0.0791582,-0.11749264,0.69131565,0.71633524,-7.848939e-10,2.6020643e-09,0.6977563,1
2405845082,2405844476,0.7082541,-0.0798358,-0.11739495,0.6915351,0.71633524,-7.848939e-10,2.6020643e-09,0.6977563,1
2405850378,2405849576,0.7081936,-0.080190495,-0.117244944,0.6915815,0.71633524,-7.848939e-10,2.6020643e-09,0.6977563,1
2405862271,2405860840,0.7079068,-0.08089892,-0.116888896,0.6918529,0.71633524,-7.848939e-10,2.6020643e-09,0.6977563,1
2405866428,2405865861,0.7077509,-0.08117899,-0.11671614,0.69200873,0.71633524,-7.848939e-10,2.6020643e-09,0.6977563,1
2405875345,2405874715,0.70756906,-0.08158495,-0.11621036,0.692232,0.71633524,-7.848939e-10,2.6020643e-09,0.6977563,1
2405880381,2405879804,0.7074719,-0.08185187,-0.11589484,0.6923527,0.71633524,-7.848939e-10,2.6020643e-09,0.6977563,1
2405889211,2405884806,0.70740116,-0.08205268,-0.11557196,0.6924552,0.71633524,-7.848939e-10,2.6020643e-09,0.6977563,1
2405895620,2405893918,0.7071875,-0.08242007,-0.114825815,0.69275385,0.71633524,-7.848939e-10,2.6020643e-09,0.6977563,1
2405899420,2405898793,0.7070992,-0.08265263,-0.11440825,0.6928854,0.71633524,-7.848939e-10,2.6020643e-09,0.6977563,1
2405909671,2405908796,0.70694554,-0.08290269,-0.11353544,0.69315577,0.71633524,-7.848939e-10,2.6020643e-09,0.6977563,1
2405918286,2405914473,0.70689785,-0.0830192,-0.11300092,0.69327784,0.71633524,-7.848939e-10,2.6020643e-09,0.6977563,1
2405924596,2405923984,0.70673335,-0.083193846,-0.11202269,0.6935833,0.71633524,-7.848939e-10,2.6020643e-09,0.6977563,1
2405935763,2405934224,0.70659107,-0.08331495,-0.1108618,0.69390017,0.71633524,-7.848939e-10,2.6020643e-09,0.6977563,1
2405940161,2405939136,0.70656085,-0.08340885,-0.11025801,0.6940158,0.71633524,-7.848939e-10,2.6020643e-09,0.6977563,1
2405949845,2405949190,0.7063724,-0.08342549,-0.10898713,0.69440633,0.71633524,-7.848939e-10,2.6020643e-09,0.6977563,1
2405960940,2405959316,0.70633036,-0.08332046,-0.10771154,0.69466066,0.71633524,-7.848939e-10,2.6020643e-09,0.6977563,1
2405965005,2405964400,0.7062434,-0.08332418,-0.10694093,0.69486773,0.71633524,-7.848939e-10,2.6020643e-09,0.6977563,1
2405975197,2405973283,0.706189,-0.08304416,-0.10568433,0.6951487,0.71633524,-7.848939e-10,2.6020643e-09,0.6977563,1
2405978855,2405978332,0.70614266,-0.08290173,-0.104847394,0.6953394,0.71633524,-7.848939e-10,2.6020643e-09,0.6977563,1
2405984111,2405983536,0.70604277,-0.08266829,-0.10403991,0.6955899,0.71633524,-7.848939e-10,2.6020643e-09,0.6977563,1
2405994161,2405988474,0.7059966,-0.08243631,-0.10319603,0.69578993,0.71633524,-7.848939e-10,2.6020643e-09,0.6977563,1
2405995937,2405993641,0.7059912,-0.08219547,-0.10233839,0.6959506,0.71633524,-7.848939e-10,2.6020643e-09,0.6977563,1
2406004234,2406003616,0.7058537,-0.08162922,-0.10068002,0.69639844,0.71633524,-7.848939e-10,2.6020643e-09,0.6977563,1
2406009316,2406008693,0.70585,-0.081386134,-0.09985926,0.6965488,0.71633524,-7.848939e-10,2.6020643e-09,0.6977563,1
2406014488,2406013752,0.70583016,-0.08106865,-0.09898993,0.6967301,0.71633524,-7.848939e-10,2.6020643e-09,0.6977563,1
2406025519,2406025030,0.70574236,-0.08029106,-0.09696231,0.69719404,0.71633524,-7.848939e-10,2.6020643e-09,0.6977563,1
2406034783,2406034167,0.7055451,-0.07955844,-0.09524681,0.6977139,0.71633524,-7.848939e-10,2.6020643e-09,0.6977563,1
2406044665,2406044012,0.7055061,-0.07867396,-0.093261234,0.6981218,0.71633524,-7.848939e-10,2.6020643e-09,0.6977563,1
2406049922,2406049352,0.7054451,-0.078223266,-0.0921429,0.6983825,0.71633524,-7.848939e-10,2.6020643e-09,0.6977563,1
2406055001,2406054089,0.70542866,-0.07770919,-0.091121994,0.6985904,0.71633524,-7.848939e-10,2.6020643e-09,0.6977563,1
2406059873,2406059261,0.70540315,-0.07718562,-0.08996838,0.6988237,0.71633524,-7.848939e-10,2.6020643e-09,0.6977563,1
2406071047,2406070564,0.7053612,-0.07582622,-0.087361164,0.6993454,0.71633524,-7.848939e-10,2.6020643e-09,0.6977563,1
2406081603,2406080840,0.70538855,-0.074447125,-0.08488849,0.6997704,0.71633524,-7.848939e-10,2.6020643e-09,0.6977563,1
2406086344,2406085751,0.7053687,-0.07381569,-0.08364007,0.70000756,0.71633524,-7.848939e-10,2.6020643e-09,0.6977563,1
2406096471,2406095796,0.7054215,-0.07230091,-0.08107292,0.7004144,0.71633524,-7.848939e-10,2.6020643e-09,0.6977563,1
2406101529,2406100887,0.7054268,-0.07147715,-0.07978787,0.70064104,0.71633524,-7.848939e-10,2.6020643e-09,0.6977563,1
2406110251,2406106019,0.7054036,-0.07064269,-0.078436576,0.7009016,0.71633524,-7.848939e-10,2.6020643e-09,0.6977563,1
2406116972,2406112794,0.70543706,-0.06948295,-0.07667454,0.7011788,0.71633524,-7.848939e-10,2.6020643e-09,0.6977563,1
2406123095,2406122282,0.7054524,-0.06775815,-0.074107796,0.701608,0.71633524,-7.848939e-10,2.6020643e-09,0.6977563,1
2406131768,2406131145,0.7054711,-0.06599012,-0.071715996,0.7020062,0.71633524,-7.848939e-10,2.6020643e-09,0.6977563,1
2406136720,2406136151,0.7054286,-0.06504302,-0.07026899,0.70228356,0.71633524,-7.848939e-10,2.6020643e-09,0.6977563,1
2406141978,2406141300,0.70543444,-0.06395759,-0.06886186,0.70251673,0.71633524,-7.848939e-10,2.6020643e-09,0.6977563,1
2406153243,2406152603,0.7054195,-0.061658233,-0.06564833,0.70304483,0.71633524,-7.848939e-10,2.6020643e-09,0.6977563,1
2406157149,2406156532,0.7053669,-0.060816374,-0.06458025,0.7032698,0.71633524,-7.848939e-10,2.6020643e-09,0.6977563,1
2406162513,2406161477,0.70540273,-0.05977572,-0.06316725,0.7034514,0.71633524,-7.848939e-10,2.6020643e-09,0.6977563,1
2406172357,2406171584,0.7053513,-0.057564054,-0.06036036,0.70393366,0.71633524,-7.848939e-10,2.6020643e-09,0.6977563,1
2406183463,2406182765,0.7053432,-0.055083923,-0.057217356,0.70440257,0.71633524,-7.848939e-10,2.6020643e-09,0.6977563,1
2406187406,2406186871,0.7053313,-0.054118343,-0.056082055,0.7045806,0.71633524,-7.848939e-10,2.6020643e-09,0.6977563,1
2406198737,2406196803,0.70527744,-0.051805265,-0.05323914,0.70502883,0.71633524,-7.848939e-10,2.6020643e-09,0.6977563,1
2406207554,2406206951,0.70523155,-0.049358778,-0.05037021,0.7054609,0.71633524,-7.848939e-10,2.6020643e-09,0.6977563,1
2406212606,2406212099,0.7052273,-0.04812626,-0.04892881,0.7056517,0.71633524,-7.848939e-10,2.6020643e-09,0.6977563,1
2406217767,2406217123,0.7052504,-0.046859793,-0.04755465,0.70580775,0.71633524,-7.848939e-10,2.6020643e-09,0.6977563,1
2406229023,2406228388,0.7051431,-0.044088546,-0.04446996,0.7062944,0.71633524,-7.848939e-10,2.6020643e-09,0.6977563,1
2406232921,2406232356,0.7051769,-0.043095663,-0.04342148,0.70638716,0.71633524,-7.848939e-10,2.6020643e-09,0.6977563,1
2406237905,2406237329,0.7051064,-0.041890565,-0.042089023,0.70661074,0.71633524,-7.848939e-10,2.6020643e-09,0.6977563,1
2406243023,2406242401,0.70506805,-0.040645573,-0.040755156,0.70679986,0.71633524,-7.848939e-10,2.6020643e-09,0.6977563,1
2406248214,2406247492,0.7051147,-0.039410874,-0.039418086,0.7068991,0.71633524,-7.848939e-10,2.6020643e-09,0.6977563,1
2406252994,2406252398,0.7050469,-0.038243596,-0.03813565,0.7071011,0.71633524,-7.848939e-10,2.6020643e-09,0.6977563,1
2406258464,2406257451,0.70497715,-0.0370089,-0.036870066,0.7073034,0.71633524,-7.848939e-10,2.6020643e-09,0.6977563,1
2406263470,2406262834,0.70497733,-0.035737883,-0.03551049,0.7074382,0.71633524,-7.848939e-10,2.6020643e-09,0.6977563,1
2406268527,2406267870,0.7049467,-0.034614556,-0.03418372,0.70759,0.71633524,-7.848939e-10,2.6020643e-09,0.6977563,1
2406273371,2406272727,0.7049016,-0.033450603,-0.033008214,0.7077467,0.71633524,-7.848939e-10,2.6020643e-09,0.6977563,1
2406278375,2406277714,0.7048952,-0.03232643,-0.03172192,0.707864,0.71633524,-7.848939e-10,2.6020643e-09,0.6977563,1
2406283250,2406282702,0.70487833,-0.031168642,-0.030488757,0.70798695,0.71633524,-7.848939e-10,2.6020643e-09,0.6977563,1
2406292147,2406287876,0.7047931,-0.029874241,-0.029324945,0.70817673,0.71633524,-7.848939e-10,2.6020643e-09,0.6977563,1
2406298396,2406292888,0.70477766,-0.028731193,-0.02803902,0.7082915,0.71633524,-7.848939e-10,2.6020643e-09,0.6977563,1
2406303422,2406302907,0.70472765,-0.026406558,-0.025645537,0.7085224,0.71633524,-7.848939e-10,2.6020643e-09,0.6977563,1
2406308672,2406308014,0.7046532,-0.02520917,-0.024333894,0.7086863,0.71633524,-7.848939e-10,2.6020643e-09,0.6977563,1
2406317492,2406313039,0.7046265,-0.024064533,-0.023163207,0.70879185,0.71633524,-7.848939e-10,2.6020643e-09,0.6977563,1
2406319401,2406318156,0.7045865,-0.02284392,-0.021966467,0.70891017,0.71633524,-7.848939e-10,2.6020643e-09,0.6977563,1
2406323719,2406323135,0.70451385,-0.021700365,-0.02076255,0.70905447,0.71633524,-7.848939e-10,2.6020643e-09,0.6977563,1
2406333724,2406333249,0.7044865,-0.019457275,-0.018434437,0.7092111,0.71633524,-7.848939e-10,2.6020643e-09,0.6977563,1
2406343954,2406343417,0.7043739,-0.01720757,-0.016090594,0.70943815,0.71633524,-7.848939e-10,2.6020643e-09,0.6977563,1
2406349032,2406348391,0.7043876,-0.016101426,-0.015017104,0.70947397,0.71633524,-7.848939e-10,2.6020643e-09,0.6977563,1
2406354019,2406353491,0.70429355,-0.01498126,-0.013875834,0.7096152,0.71633524,-7.848939e-10,2.6020643e-09,0.6977563,1
2406363024,2406358690,0.7042455,-0.013880669,-0.012757669,0.70970625,0.71633524,-7.848939e-10,2.6020643e-09,0.6977563,1
2406369583,2406363622,0.70424753,-0.012751974,-0.011744463,0.70974284,0.71633524,-7.848939e-10,2.6020643e-09,0.6977563,1
2406375629,2406375107,0.70417887,-0.0101683345,-0.009466963,0.7098868,0.71633524,-7.848939e-10,2.6020643e-09,0.6977563,1
2406385543,2406385132,0.7040402,-0.008015241,-0.0074902936,0.7100754,0.71633524,-7.848939e-10,2.6020643e-09,0.6977563,1
2406395859,2406393872,0.70403445,-0.0061607086,-0.005815436,0.7101154,0.71633524,-7.848939e-10,2.6020643e-09,0.6977563,1
2406407050,2406406388,0.7039975,-0.003529327,-0.0034689533,0.7101853,0.71633524,-7.848939e-10,2.6020643e-09,0.6977563,1
2406410842,2406410300,0.7039598,-0.0027052609,-0.0027497497,0.7102294,0.71633524,-7.848939e-10,2.6020643e-09,0.6977563,1
2406419797,2406419170,0.7039405,-0.00078517816,-0.0012435243,0.7102574,0.71633524,-7.848939e-10,2.6020643e-09,0.6977563,1
2406430123,2406424380,0.7039373,0.0002934646,-0.00033640815,0.710262,0.71633524,-7.848939e-10,2.6020643e-09,0.6977563,1
2406435110,2406434347,0.703865,0.0023512123,0.00127517,0.71032876,0.71633524,-7.848939e-10,2.6020643e-09,0.6977563,1
2406440065,2406439375,0.70387244,0.0033034007,0.0020933785,0.7103157,0.71633524,-7.848939e-10,2.6020643e-09,0.6977563,1
2406445057,2406444448,0.7038035,0.0042956322,0.002856928,0.7103761,0.71633524,-7.848939e-10,2.6020643e-09,0.6977563,1
2406455270,2406454533,0.7038881,0.0061032916,0.00442408,0.71027094,0.71633524,-7.848939e-10,2.6020643e-09,0.6977563,1
2406467622,2406466968,0.7038967,0.008209693,0.0062535424,0.71022743,0.71633524,-7.848939e-10,2.6020643e-09,0.6977563,1
2406471626,2406471016,0.7038707,0.008869897,0.0068508177,0.7102397,0.71633524,-7.848939e-10,2.6020643e-09,0.6977563,1
2406480450,2406476044,0.70388484,0.009725537,0.0075719343,0.7102072,0.71633524,-7.848939e-10,2.6020643e-09,0.6977563,1
2406486732,2406484812,0.70387083,0.01103202,0.008836019,0.7101873,0.71633524,-7.848939e-10,2.6020643e-09,0.6977563,1
2406490614,2406490028,0.7038632,0.011836213,0.009532079,0.710173,0.71633524,-7.848939e-10,2.6020643e-09,0.6977563,1
2406495723,2406494947,0.70386976,0.012601764,0.0101794405,0.71014434,0.71633524,-7.848939e-10,2.6020643e-09,0.6977563,1
2406500626,2406499999,0.7038809,0.013344422,0.010856702,0.7101098,0.71633524,-7.848939e-10,2.6020643e-09,0.6977563,1
2406505720,2406505176,0.7038973,0.014180693,0.0114815,0.7100674,0.71633524,-7.848939e-10,2.6020643e-09,0.6977563,1
2406510781,2406510172,0.7038898,0.014926672,0.0121506415,0.7100484,0.71633524,-7.848939e-10,2.6020643e-09,0.6977563,1
2406515703,2406515112,0.7039071,0.015663775,0.012767635,0.71000457,0.71633524,-7.848939e-10,2.6020643e-09,0.6977563,1
2406527472,2406525241,0.7039023,0.01722307,0.013897098,0.70995194,0.71633524,-7.848939e-10,2.6020643e-09,0.6977563,1
2406537042,2406536629,0.70391595,0.018883625,0.015117259,0.7098713,0.71633524,-7.848939e-10,2.6020643e-09,0.6977563,1
2406542342,2406541715,0.703972,0.01956313,0.015628947,0.70978624,0.71633524,-7.848939e-10,2.6020643e-09,0.6977563,1
2406547708,2406546737,0.70399225,0.020295266,0.016082013,0.70973545,0.71633524,-7.848939e-10,2.6020643e-09,0.6977563,1
2406556369,2406555622,0.70401645,0.021412125,0.016986338,0.70965755,0.71633524,-7.848939e-10,2.6020643e-09,0.6977563,1
2406564962,2406560922,0.7040511,0.022077786,0.017418748,0.7095924,0.71633524,-7.848939e-10,2.6020643e-09,0.6977563,1
2406567266,2406565688,0.70407873,0.022686964,0.017842628,0.7095352,0.71633524,-7.848939e-10,2.6020643e-09,0.6977563,1
2406576544,2406574560,0.7040811,0.023760006,0.01862757,0.7094775,0.71633524,-7.848939e-10,2.6020643e-09,0.6977563,1
2406585368,2406584634,0.7041676,0.02511705,0.019467315,0.70932233,0.71633524,-7.848939e-10,2.6020643e-09,0.6977563,1
2406594032,2406593483,0.70419085,0.026199315,0.020145524,0.7092412,0.71633524,-7.848939e-10,2.6020643e-09,0.6977563,1
2406599173,2406598556,0.70431525,0.02686206,0.020490684,0.709083,0.71633524,-7.848939e-10,2.6020643e-09,0.6977563,1
2406604129,2406603577,0.70431536,0.02745679,0.020867292,0.7090491,0.71633524,-7.848939e-10,2.6020643e-09,0.6977563,1
2406615430,2406614908,0.7043421,0.028658079,0.02164234,0.7089517,0.71633524,-7.848939e-10,2.6020643e-09,0.6977563,1
2406620592,2406620013,0.70434445,0.029149385,0.021946527,0.70892006,0.71633524,-7.848939e-10,2.6020643e-09,0.6977563,1
2406625638,2406625059,0.7044387,0.029625991,0.022195691,0.7087989,0.71633524,-7.848939e-10,2.6020643e-09,0.6977563,1
2406630907,2406630128,0.7044597,0.030095458,0.022471342,0.70874953,0.71633524,-7.848939e-10,2.6020643e-09,0.6977563,1
2406635690,2406635136,0.70450854,0.030537374,0.022678206,0.70867544,0.71633524,-7.848939e-10,2.6020643e-09,0.6977563,1
2406644616,2406640407,0.7046805,0.03103378,0.022871144,0.7084768,0.71633524,-7.848939e-10,2.6020643e-09,0.6977563,1
2406653251,2406652643,0.7048767,0.032169126,0.023293076,0.7082171,0.71633524,-7.848939e-10,2.6020643e-09,0.6977563,1
2406662570,2406661663,0.70498735,0.032995444,0.02356414,0.70806,0.71633524,-7.848939e-10,2.6020643e-09,0.6977563,1
2406667428,2406666745,0.70507836,0.03341925,0.023731083,0.7079439,0.71633524,-7.848939e-10,2.6020643e-09,0.6977563,1
2406672366,2406671766,0.7051139,0.033849273,0.023872867,0.7078833,0.71633524,-7.848939e-10,2.6020643e-09,0.6977563,1
2406677359,2406676845,0.7051964,0.034253776,0.02398589,0.7077779,0.71633524,-7.848939e-10,2.6020643e-09,0.6977563,1
2406682478,2406681891,0.70535046,0.0346247,0.02414736,0.7076008,0.71633524,-7.848939e-10,2.6020643e-09,0.6977563,1
2406693264,2406692316,0.70548546,0.035399042,0.024306482,0.70742244,0.71633524,-7.848939e-10,2.6020643e-09,0.6977563,1
2406697562,2406696987,0.705564,0.03572329,0.024390154,0.7073248,0.71633524,-7.848939e-10,2.6020643e-09,0.6977563,1
2406702646,2406702099,0.7055825,0.036048524,0.024448693,0.70728785,0.71633524,-7.848939e-10,2.6020643e-09,0.6977563,1
2406712895,2406712233,0.70580655,0.036657322,0.024582287,0.7070283,0.71633524,-7.848939e-10,2.6020643e-09,0.6977563,1
2406722804,2406717218,0.70587474,0.03692272,0.024607586,0.70694554,0.71633524,-7.848939e-10,2.6020643e-09,0.6977563,1
2406725394,2406722291,0.7060055,0.037206415,0.024610355,0.70680004,0.71633524,-7.848939e-10,2.6020643e-09,0.6977563,1
2406734878,2406732427,0.7061593,0.037727952,0.024584234,0.7066196,0.71633524,-7.848939e-10,2.6020643e-09,0.6977563,1
2406744964,2406743859,0.70635927,0.038258497,0.024502572,0.706394,0.71633524,-7.848939e-10,2.6020643e-09,0.6977563,1
2406754568,2406753853,0.7065996,0.038622364,0.02445311,0.7061356,0.71633524,-7.848939e-10,2.6020643e-09,0.6977563,1
2406764616,2406764012,0.70683503,0.03899821,0.024284583,0.7058851,0.71633524,-7.848939e-10,2.6020643e-09,0.6977563,1
2406773707,2406772833,0.7070174,0.039211076,0.02416836,0.7056946,0.71633524,-7.848939e-10,2.6020643e-09,0.6977563,1
2406778489,2406777871,0.70712876,0.039392192,0.02402048,0.70557797,0.71633524,-7.848939e-10,2.6020643e-09,0.6977563,1
2406783522,2406782940,0.7072481,0.039463278,0.02399191,0.70545536,0.71633524,-7.848939e-10,2.6020643e-09,0.6977563,1
2406788933,2406788007,0.7073695,0.0395408,0.023896767,0.7053325,0.71633524,-7.848939e-10,2.6020643e-09,0.6977563,1
2406793538,2406793024,0.7074704,0.03967664,0.023744307,0.7052288,0.71633524,-7.848939e-10,2.6020643e-09,0.6977563,1
2406798668,2406798082,0.7076055,0.03973611,0.02366818,0.7050925,0.71633524,-7.848939e-10,2.6020643e-09,0.6977563,1
2406803708,2406803132,0.7077321,0.039856758,0.023471039,0.70496523,0.71633524,-7.848939e-10,2.6020643e-09,0.6977563,1
2406808874,2406808245,0.70782673,0.040020958,0.023245746,0.7048683,0.71633524,-7.848939e-10,2.6020643e-09,0.6977563,1
2406820767,2406818293,0.7081153,0.04020558,0.022855563,0.7045807,0.71633524,-7.848939e-10,2.6020643e-09,0.6977563,1
2406828931,2406823296,0.708249,0.04031344,0.02265652,0.7044465,0.71633524,-7.848939e-10,2.6020643e-09,0.6977563,1
2406834098,2406833457,0.70855314,0.04039923,0.022194838,0.70415044,0.71633524,-7.848939e-10,2.6020643e-09,0.6977563,1
2406839072,2406838494,0.70869124,0.040451903,0.021956384,0.70401585,0.71633524,-7.848939e-10,2.6020643e-09,0.6977563,1
2406848967,2406848617,0.70896024,0.04035277,0.021518651,0.70376414,0.71633524,-7.848939e-10,2.6020643e-09,0.6977563,1
2406858003,2406853762,0.70913017,0.040339086,0.021303281,0.7036002,0.71633524,-7.848939e-10,2.6020643e-09,0.6977563,1
2406859304,2406858769,0.7092929,0.040256094,0.02112399,0.7034464,0.71633524,-7.848939e-10,2.6020643e-09,0.6977563,1
2406864417,2406863814,0.7094614,0.040247537,0.020890638,0.70328397,0.71633524,-7.848939e-10,2.6020643e-09,0.6977563,1
2406875993,2406875245,0.70982945,0.04006064,0.020388104,0.7029379,0.71633524,-7.848939e-10,2.6020643e-09,0.6977563,1
2406885891,2406885234,0.7101452,0.03980272,0.019928869,0.7026468,0.71633524,-7.848939e-10,2.6020643e-09,0.6977563,1
2406890801,2406890257,0.7103423,0.03970904,0.019632457,0.7024611,0.71633524,-7.848939e-10,2.6020643e-09,0.6977563,1
2406905056,2406904195,0.71082544,0.039223954,0.01892003,0.70201904,0.71633524,-7.848939e-10,2.6020643e-09,0.6977563,1
2406915951,2406915336,0.7111808,0.03885147,0.018341063,0.7016951,0.71633524,-7.848939e-10,2.6020643e-09,0.6977563,1
2406925009,2406919303,0.7113441,0.038702343,0.018111348,0.7015438,0.71633524,-7.848939e-10,2.6020643e-09,0.6977563,1
2406930273,2406929528,0.7116386,0.03821661,0.017627327,0.70128405,0.71633524,-7.848939e-10,2.6020643e-09,0.6977563,1
2406935112,2406934518,0.71188176,0.038012773,0.017317928,0.701056,0.71633524,-7.848939e-10,2.6020643e-09,0.6977563,1
2406945353,2406943345,0.71217173,0.0376068,0.016849104,0.7007947,0.71633524,-7.848939e-10,2.6020643e-09,0.6977563,1
2406954017,2406953441,0.7125636,0.037129324,0.016284026,0.70043516,0.71633524,-7.848939e-10,2.6020643e-09,0.6977563,1
2406962935,2406962302,0.7128448,0.036706455,0.015853195,0.7001812,0.71633524,-7.848939e-10,2.6020643e-09,0.6977563,1
2406967887,2406967365,0.7130402,0.03646971,0.015585157,0.7000006,0.71633524,-7.848939e-10,2.6020643e-09,0.6977563,1
2406978801,2406977695,0.7133709,0.035909314,0.015112238,0.69970286,0.71633524,-7.848939e-10,2.6020643e-09,0.6977563,1
2406983232,2406982616,0.713574,0.03564536,0.014836826,0.69951516,0.71633524,-7.848939e-10,2.6020643e-09,0.6977563,1
2406988196,2406987567,0.71378815,0.03537764,0.014590168,0.6993155,0.71633524,-7.848939e-10,2.6020643e-09,0.6977563,1
2406993198,2406992643,0.7139252,0.03504748,0.01436219,0.69919693,0.71633524,-7.848939e-10,2.6020643e-09,0.6977563,1
2406998252,2406997651,0.7141392,0.03472787,0.014079273,0.699,0.71633524,-7.848939e-10,2.6020643e-09,0.6977563,1
2407003256,2407002726,0.71430886,0.034397062,0.013819377,0.69884825,0.71633524,-7.848939e-10,2.6020643e-09,0.6977563,1
2407008362,2407007785,0.7144546,0.034048658,0.013534192,0.6987219,0.71633524,-7.848939e-10,2.6020643e-09,0.6977563,1
2407019665,2407019079,0.7148556,0.033285648,0.0129245715,0.6983599,0.71633524,-7.848939e-10,2.6020643e-09,0.6977563,1
2407023493,2407022990,0.71498674,0.032997258,0.012697835,0.69824356,0.71633524,-7.848939e-10,2.6020643e-09,0.6977563,1
2407028486,2407027951,0.7152654,0.032676317,0.012405618,0.6979784,0.71633524,-7.848939e-10,2.6020643e-09,0.6977563,1
2407039910,2407039325,0.7156596,0.031928923,0.011799662,0.6976192,0.71633524,-7.848939e-10,2.6020643e-09,0.6977563,1
2407048723,2407043137,0.7158083,0.031678617,0.011592176,0.6974817,0.71633524,-7.848939e-10,2.6020643e-09,0.6977563,1
2407051258,2407048178,0.715952,0.031321283,0.011332292,0.69735456,0.71633524,-7.848939e-10,2.6020643e-09,0.6977563,1
2407058705,2407053234,0.71618193,0.031016001,0.01102616,0.697137,0.71633524,-7.848939e-10,2.6020643e-09,0.6977563,1
2407060752,2407060159,0.7164005,0.030515587,0.010685093,0.69693977,0.71633524,-7.848939e-10,2.6020643e-09,0.6977563,1
2407065123,2407064582,0.7165712,0.030188136,0.010471685,0.69678175,0.71633524,-7.848939e-10,2.6020643e-09,0.6977563,1
2407075280,2407074738,0.7169021,0.029386453,0.010000821,0.6964826,0.71633524,-7.848939e-10,2.6020643e-09,0.6977563,1
2407084063,2407080029,0.71710193,0.028999472,0.009708704,0.69629717,0.71633524,-7.848939e-10,2.6020643e-09,0.6977563,1
2407090445,2407089834,0.7174158,0.028297301,0.009143348,0.69601023,0.71633524,-7.848939e-10,2.6020643e-09,0.6977563,1
2407100731,2407100104,0.7177631,0.02753691,0.008504997,0.69569063,0.71633524,-7.848939e-10,2.6020643e-09,0.6977563,1
2407105675,2407105070,0.71792084,0.02720526,0.008167027,0.695545,0.71633524,-7.848939e-10,2.6020643e-09,0.6977563,1
2407110602,2407110096,0.71811545,0.02678977,0.007862775,0.69536376,0.71633524,-7.848939e-10,2.6020643e-09,0.6977563,1
2407120671,2407120226,0.7184396,0.025991501,0.007212895,0.6950663,0.71633524,-7.848939e-10,2.6020643e-09,0.6977563,1
2407132465,2407131654,0.71881616,0.025067264,0.006571707,0.69471705,0.71633524,-7.848939e-10,2.6020643e-09,0.6977563,1
2407137317,2407136595,0.71896327,0.024653662,0.006312606,0.6945821,0.71633524,-7.848939e-10,2.6020643e-09,0.6977563,1
2407142204,2407141656,0.7191221,0.024265604,0.0060175783,0.6944339,0.71633524,-7.848939e-10,2.6020643e-09,0.6977563,1
2407147449,2407146773,0.7193107,0.02391385,0.005723948,0.69425327,0.71633524,-7.848939e-10,2.6020643e-09,0.6977563,1
2407152694,2407151747,0.7194438,0.023492027,0.0054749837,0.6941317,0.71633524,-7.848939e-10,2.6020643e-09,0.6977563,1
2407162452,2407156798,0.71964467,0.023104755,0.0051933597,0.6939386,0.71633524,-7.848939e-10,2.6020643e-09,0.6977563,1
2407163805,2407163198,0.71981525,0.022565817,0.00489277,0.6937816,0.71633524,-7.848939e-10,2.6020643e-09,0.6977563,1
2407169015,2407168232,0.72001123,0.022201547,0.004623796,0.6935918,0.71633524,-7.848939e-10,2.6020643e-09,0.6977563,1
2407173839,2407173254,0.72013247,0.021819193,0.004379635,0.69347966,0.71633524,-7.848939e-10,2.6020643e-09,0.6977563,1
2407182800,2407178398,0.7202868,0.021360938,0.004141774,0.6933351,0.71633524,-7.848939e-10,2.6020643e-09,0.6977563,1
2407188939,2407188362,0.72055453,0.020651288,0.00361045,0.69308126,0.71633524,-7.848939e-10,2.6020643e-09,0.6977563,1
2407194004,2407193425,0.7207248,0.0202297,0.0033331555,0.692918,0.71633524,-7.848939e-10,2.6020643e-09,0.6977563,1
2407199090,2407198515,0.72086984,0.019881845,0.0030388313,0.69277865,0.71633524,-7.848939e-10,2.6020643e-09,0.6977563,1
2407207911,2407204041,0.72098243,0.019362668,0.0027827695,0.69267726,0.71633524,-7.848939e-10,2.6020643e-09,0.6977563,1
2407209153,2407208626,0.72115487,0.01901144,0.002512927,0.6925085,0.71633524,-7.848939e-10,2.6020643e-09,0.6977563,1
2407214393,2407213709,0.7212756,0.018641306,0.0022222067,0.6923938,0.71633524,-7.848939e-10,2.6020643e-09,0.6977563,1
2407224276,2407218780,0.7214124,0.018187236,0.0019507724,0.69226414,0.71633524,-7.848939e-10,2.6020643e-09,0.6977563,1
2407226319,2407225213,0.7215898,0.017703142,0.0015662865,0.6920927,0.71633524,-7.848939e-10,2.6020643e-09,0.6977563,1
2407230776,2407230185,0.72172165,0.017293952,0.0012887494,0.6919661,0.71633524,-7.848939e-10,2.6020643e-09,0.6977563,1
2407242293,2407241433,0.7220315,0.016438095,0.00066088093,0.6916647,0.71633524,-7.848939e-10,2.6020643e-09,0.6977563,1
2407255918,2407255404,0.72241807,0.0153098665,5.2192514e-05,0.6912871,0.71633524,-7.848939e-10,2.6020643e-09,0.6977563,1
2407264914,2407260448,0.7225825,0.014918289,-0.00016180713,0.6911238,0.71633524,-7.848939e-10,2.6020643e-09,0.6977563,1
2407271136,2407270551,0.7228353,0.014086866,-0.0005073373,0.6908766,0.71633524,-7.848939e-10,2.6020643e-09,0.6977563,1
2407279964,2407279331,0.723133,0.013345787,-0.0008385502,0.6905794,0.71633524,-7.848939e-10,2.6020643e-09,0.6977563,1
2407290079,2407289486,0.72327995,0.012471041,-0.0012503407,0.69044125,0.71633524,-7.848939e-10,2.6020643e-09,0.6977563,1
2407295318,2407294564,0.7234593,0.012045223,-0.0014907708,0.69026035,0.71633524,-7.848939e-10,2.6020643e-09,0.6977563,1
2407300283,2407299728,0.7235517,0.011573037,-0.0017373426,0.690171,0.71633524,-7.848939e-10,2.6020643e-09,0.6977563,1
2407310373,2407304597,0.7236556,0.011171556,-0.0019946918,0.690068,0.71633524,-7.848939e-10,2.6020643e-09,0.6977563,1
2407320381,2407319776,0.7240524,0.0099783,-0.0027392711,0.6896674,0.71633524,-7.848939e-10,2.6020643e-09,0.6977563,1
2407329141,2407324812,0.7241801,0.00956836,-0.002934905,0.6895383,0.71633524,-7.848939e-10,2.6020643e-09,0.6977563,1
2407331670,2407331005,0.72428966,0.009089058,-0.003173782,0.6894286,0.71633524,-7.848939e-10,2.6020643e-09,0.6977563,1
2407335473,2407334959,0.7243882,0.008817315,-0.0032984177,0.689328,0.71633524,-7.848939e-10,2.6020643e-09,0.6977563,1
2407340590,2407340014,0.7244812,0.008415964,-0.0034406267,0.6892346,0.71633524,-7.848939e-10,2.6020643e-09,0.6977563,1
2407352421,2407351542,0.72471493,0.0075777727,-0.0037581925,0.6889969,0.71633524,-7.848939e-10,2.6020643e-09,0.6977563,1
2407356920,2407356416,0.7248284,0.007271355,-0.0039112885,0.6888799,0.71633524,-7.848939e-10,2.6020643e-09,0.6977563,1
2407365840,2407361559,0.724913,0.006950727,-0.0040780315,0.6887933,0.71633524,-7.848939e-10,2.6020643e-09,0.6977563,1
2407372486,2407371600,0.7251302,0.006323579,-0.0044266917,0.6885686,0.71633524,-7.848939e-10,2.6020643e-09,0.6977563,1
2407377378,2407376762,0.72520435,0.005936039,-0.004606074,0.6884928,0.71633524,-7.848939e-10,2.6020643e-09,0.6977563,1
2407386075,2407381876,0.7253182,0.0055939737,-0.004787071,0.68837446,0.71633524,-7.848939e-10,2.6020643e-09,0.6977563,1
2407387649,2407386850,0.72538817,0.005271363,-0.0049754907,0.6883019,0.71633524,-7.848939e-10,2.6020643e-09,0.6977563,1
2407392296,2407391761,0.72547024,0.0049121995,-0.0051360517,0.6882169,0.71633524,-7.848939e-10,2.6020643e-09,0.6977563,1
2407403518,2407403110,0.7257133,0.0041978904,-0.0055363574,0.68796223,0.71633524,-7.848939e-10,2.6020643e-09,0.6977563,1
2407412667,2407412022,0.7259045,0.0037253024,-0.0057931053,0.68776107,0.71633524,-7.848939e-10,2.6020643e-09,0.6977563,1
2407417745,2407417126,0.72597224,0.0034588955,-0.005910908,0.68768996,0.71633524,-7.848939e-10,2.6020643e-09,0.6977563,1
2407428133,2407427209,0.7261523,0.0029303974,-0.0061140656,0.68750054,0.71633524,-7.848939e-10,2.6020643e-09,0.6977563,1
2407433004,2407432391,0.726209,0.002656399,-0.006216072,0.6874408,0.71633524,-7.848939e-10,2.6020643e-09,0.6977563,1
2407437892,2407437307,0.72629786,0.0024212834,-0.006298329,0.687347,0.71633524,-7.848939e-10,2.6020643e-09,0.6977563,1
2407442952,2407442383,0.72639686,0.0021024945,-0.006337045,0.68724304,0.71633524,-7.848939e-10,2.6020643e-09,0.6977563,1
2407451835,2407447564,0.7264407,0.0018639525,-0.0064852517,0.6871961,0.71633524,-7.848939e-10,2.6020643e-09,0.6977563,1
2407457969,2407452544,0.72651875,0.0016258515,-0.006568829,0.6871134,0.71633524,-7.848939e-10,2.6020643e-09,0.6977563,1
2407460195,2407459616,0.7266029,0.0013115938,-0.006755332,0.6870233,0.71633524,-7.848939e-10,2.6020643e-09,0.6977563,1
2407469518,2407468870,0.72674894,0.0008861638,-0.006974423,0.68686724,0.71633524,-7.848939e-10,2.6020643e-09,0.6977563,1
2407474491,2407474006,0.7268162,0.00072870066,-0.0071156584,0.6867949,0.71633524,-7.848939e-10,2.6020643e-09,0.6977563,1
2407479548,2407478998,0.72688776,0.00051596964,-0.00718482,0.6867186,0.71633524,-7.848939e-10,2.6020643e-09,0.6977563,1
2407489669,2407489053,0.72702974,0.00014091349,-0.00743408,0.68656576,0.71633524,-7.848939e-10,2.6020643e-09,0.6977563,1
2407498430,2407494148,0.727091,-8.196495e-05,-0.007457583,0.68650067,0.71633524,-7.848939e-10,2.6020643e-09,0.6977563,1
2407499705,2407499278,0.7271519,-0.0002523215,-0.0075917095,0.6864346,0.71633524,-7.848939e-10,2.6020643e-09,0.6977563,1
2407504977,2407504161,0.7272076,-0.00035285906,-0.007645578,0.6863749,0.71633524,-7.848939e-10,2.6020643e-09,0.6977563,1
2407509903,2407509230,0.7272652,-0.00053443876,-0.007714809,0.686313,0.71633524,-7.848939e-10,2.6020643e-09,0.6977563,1
2407515001,2407514411,0.7273659,-0.00068817666,-0.007826252,0.68620485,0.71633524,-7.848939e-10,2.6020643e-09,0.6977563,1
2407524954,2407519394,0.72741294,-0.00083439134,-0.007864136,0.6861544,0.71633524,-7.848939e-10,2.6020643e-09,0.6977563,1
2407530353,2407529770,0.7276034,-0.001096128,-0.008023544,0.68595034,0.71633524,-7.848939e-10,2.6020643e-09,0.6977563,1
2407535184,2407534637,0.7276207,-0.0012259084,-0.008031591,0.6859316,0.71633524,-7.848939e-10,2.6020643e-09,0.6977563,1
2407540220,2407539646,0.72769284,-0.0013816865,-0.00812027,0.6858537,0.71633524,-7.848939e-10,2.6020643e-09,0.6977563,1
2407550443,2407549768,0.7277877,-0.0016039133,-0.008266221,0.6857509,0.71633524,-7.848939e-10,2.6020643e-09,0.6977563,1
2407560259,2407559824,0.7279312,-0.0018156717,-0.008419057,0.6855961,0.71633524,-7.848939e-10,2.6020643e-09,0.6977563,1
2407570360,2407569947,0.72805285,-0.0020643547,-0.008589451,0.68546414,0.71633524,-7.848939e-10,2.6020643e-09,0.6977563,1
2407580739,2407579943,0.7281634,-0.0022584742,-0.008692566,0.68534476,0.71633524,-7.848939e-10,2.6020643e-09,0.6977563,1
2407590850,2407585218,0.7282274,-0.0023766402,-0.008714892,0.68527615,0.71633524,-7.848939e-10,2.6020643e-09,0.6977563,1
2407593076,2407591449,0.7282854,-0.0024600246,-0.008818478,0.6852128,0.71633524,-7.848939e-10,2.6020643e-09,0.6977563,1
2407597010,2407596444,0.7283398,-0.002618778,-0.008829092,0.68515426,0.71633524,-7.848939e-10,2.6020643e-09,0.6977563,1
2407602198,2407601512,0.7283812,-0.0027238734,-0.008911858,0.6851087,0.71633524,-7.848939e-10,2.6020643e-09,0.6977563,1
2407610942,2407610331,0.7284769,-0.0028857896,-0.009074805,0.68500423,0.71633524,-7.848939e-10,2.6020643e-09,0.6977563,1
2407615959,2407615404,0.72854054,-0.0030989,-0.00907046,0.6849356,0.71633524,-7.848939e-10,2.6020643e-09,0.6977563,1
2407621083,2407620486,0.7285865,-0.0031796277,-0.009157691,0.6848852,0.71633524,-7.848939e-10,2.6020643e-09,0.6977563,1
2407626113,2407625562,0.7286281,-0.0033163414,-0.0091681825,0.68484014,0.71633524,-7.848939e-10,2.6020643e-09,0.6977563,1
2407631196,2407630491,0.72868437,-0.003485066,-0.00917363,0.68477935,0.71633524,-7.848939e-10,2.6020643e-09,0.6977563,1
2407641019,2407640641,0.72875607,-0.003672656,-0.009208692,0.6847017,0.71633524,-7.848939e-10,2.6020643e-09,0.6977563,1
2407651158,2407650765,0.7288375,-0.003864173,-0.009180598,0.6846143,0.71633524,-7.848939e-10,2.6020643e-09,0.6977563,1
2407660306,2407655872,0.7288618,-0.004005508,-0.009065679,0.6845891,0.71633524,-7.848939e-10,2.6020643e-09,0.6977563,1
2407661318,2407660857,0.7289183,-0.004053287,-0.009051988,0.6845288,0.71633524,-7.848939e-10,2.6020643e-09,0.6977563,1
2407671649,2407665892,0.72896147,-0.004117757,-0.008993899,0.68448335,0.71633524,-7.848939e-10,2.6020643e-09,0.6977563,1
2407676842,2407676025,0.7290617,-0.0043005683,-0.008879853,0.68437696,0.71633524,-7.848939e-10,2.6020643e-09,0.6977563,1
2407681789,2407681151,0.72907495,-0.004365666,-0.008805376,0.68436337,0.71633524,-7.848939e-10,2.6020643e-09,0.6977563,1
2407686734,2407686055,0.7291121,-0.004460309,-0.008774079,0.68432355,0.71633524,-7.848939e-10,2.6020643e-09,0.6977563,1
2407696601,2407696197,0.72916806,-0.0046508443,-0.008688484,0.68426377,0.71633524,-7.848939e-10,2.6020643e-09,0.6977563,1
2407705774,2407705096,0.7292847,-0.0048618275,-0.008642128,0.6841385,0.71633524,-7.848939e-10,2.6020643e-09,0.6977563,1
2407714491,2407713858,0.72935784,-0.005075847,-0.008522901,0.6840605,0.71633524,-7.848939e-10,2.6020643e-09,0.6977563,1
2407724700,2407724055,0.72946805,-0.005329234,-0.008410786,0.6839425,0.71633524,-7.848939e-10,2.6020643e-09,0.6977563,1
2407734685,2407734093,0.72950864,-0.005531823,-0.008255675,0.6838994,0.71633524,-7.848939e-10,2.6020643e-09,0.6977563,1
2407745701,2407744399,0.7295764,-0.0057079014,-0.008075319,0.6838279,0.71633524,-7.848939e-10,2.6020643e-09,0.6977563,1
2407749812,2407749275,0.72964674,-0.0057227034,-0.008011531,0.68375343,0.71633524,-7.848939e-10,2.6020643e-09,0.6977563,1
2407760044,2407758095,0.7297272,-0.005831995,-0.007805608,0.68366903,0.71633524,-7.848939e-10,2.6020643e-09,0.6977563,1
2407768928,2407766924,0.72978836,-0.005849516,-0.0076277363,0.6836057,0.71633524,-7.848939e-10,2.6020643e-09,0.6977563,1
2407773139,2407772154,0.7298357,-0.005869665,-0.0074921194,0.68355644,0.71633524,-7.848939e-10,2.6020643e-09,0.6977563,1
2407777636,2407777041,0.7298536,-0.005926834,-0.0073650526,0.68353826,0.71633524,-7.848939e-10,2.6020643e-09,0.6977563,1
2407786798,2407782134,0.72989136,-0.0058708303,-0.007299736,0.68349904,0.71633524,-7.848939e-10,2.6020643e-09,0.6977563,1
2407792786,2407792189,0.72993624,-0.0060066935,-0.007103929,0.6834519,0.71633524,-7.848939e-10,2.6020643e-09,0.6977563,1
2407798009,2407797324,0.72998065,-0.0059429887,-0.0070646545,0.68340546,0.71633524,-7.848939e-10,2.6020643e-09,0.6977563,1
2407803408,2407802342,0.72998375,-0.0059997328,-0.006940739,0.683403,0.71633524,-7.848939e-10,2.6020643e-09,0.6977563,1
2407819538,2407818699,0.7300934,-0.0060790055,-0.0065557295,0.6832889,0.71633524,-7.848939e-10,2.6020643e-09,0.6977563,1
2407824361,2407823824,0.7300857,-0.006081004,-0.0064104795,0.6832985,0.71633524,-7.848939e-10,2.6020643e-09,0.6977563,1
2407833374,2407828851,0.7300843,-0.006213681,-0.0062290123,0.68330055,0.71633524,-7.848939e-10,2.6020643e-09,0.6977563,1
2407835035,2407834475,0.730152,-0.0062127477,-0.0061317147,0.68322897,0.71633524,-7.848939e-10,2.6020643e-09,0.6977563,1
2407839674,2407839060,0.7301342,-0.006270816,-0.006006367,0.6832486,0.71633524,-7.848939e-10,2.6020643e-09,0.6977563,1
2407844783,2407844055,0.7301528,-0.0063020024,-0.0059365984,0.68322915,0.71633524,-7.848939e-10,2.6020643e-09,0.6977563,1
2407849727,2407849122,0.730223,-0.006269739,-0.0058890395,0.68315476,0.71633524,-7.848939e-10,2.6020643e-09,0.6977563,1
2407859719,2407854066,0.7302123,-0.0062840846,-0.0058099786,0.6831668,0.71633524,-7.848939e-10,2.6020643e-09,0.6977563,1
2407861718,2407860641,0.73029697,-0.006238031,-0.0057290453,0.6830773,0.71633524,-7.848939e-10,2.6020643e-09,0.6977563,1
2407873253,2407872578,0.7303937,-0.0062003024,-0.0055215145,0.68297595,0.71633524,-7.848939e-10,2.6020643e-09,0.6977563,1
2407877805,2407876832,0.7303904,-0.00617628,-0.0054499246,0.6829803,0.71633524,-7.848939e-10,2.6020643e-09,0.6977563,1
2407882772,2407882088,0.7304764,-0.006128909,-0.0053294417,0.6828897,0.71633524,-7.848939e-10,2.6020643e-09,0.6977563,1
2407897700,2407897136,0.7305509,-0.005888366,-0.0050159553,0.68281454,0.71633524,-7.848939e-10,2.6020643e-09,0.6977563,1
2407907812,2407902079,0.7305368,-0.005812572,-0.004931411,0.6828308,0.71633524,-7.848939e-10,2.6020643e-09,0.6977563,1
2407912892,2407912201,0.7306261,-0.0056327814,-0.004726545,0.68273824,0.71633524,-7.848939e-10,2.6020643e-09,0.6977563,1
2407917854,2407917244,0.73065215,-0.005569124,-0.004671596,0.6827113,0.71633524,-7.848939e-10,2.6020643e-09,0.6977563,1
2407929537,2407928868,0.7307305,-0.0054394025,-0.004581111,0.6826291,0.71633524,-7.848939e-10,2.6020643e-09,0.6977563,1
2407933300,2407932695,0.7307583,-0.0054058866,-0.004582281,0.68259954,0.71633524,-7.848939e-10,2.6020643e-09,0.6977563,1
2407943388,2407942571,0.73080593,-0.0053309733,-0.004535352,0.6825494,0.71633524,-7.848939e-10,2.6020643e-09,0.6977563,1
2407948209,2407947587,0.7308618,-0.0052772374,-0.0044954563,0.6824903,0.71633524,-7.848939e-10,2.6020643e-09,0.6977563,1
2407953254,2407952650,0.7308719,-0.0052239383,-0.0044367877,0.6824802,0.71633524,-7.848939e-10,2.6020643e-09,0.6977563,1
2407962037,2407961478,0.7309111,-0.0051916526,-0.004290615,0.68243957,0.71633524,-7.848939e-10,2.6020643e-09,0.6977563,1
2407967241,2407966705,0.7309498,-0.005109265,-0.004155591,0.6823995,0.71633524,-7.848939e-10,2.6020643e-09,0.6977563,1
2407972310,2407971709,0.7309511,-0.005091564,-0.004007331,0.68239915,0.71633524,-7.848939e-10,2.6020643e-09,0.6977563,1
2407977199,2407976656,0.7310208,-0.005046941,-0.0038815984,0.68232554,0.71633524,-7.848939e-10,2.6020643e-09,0.6977563,1
2407988025,2407987573,0.73103803,-0.004945566,-0.0035505614,0.68230957,0.71633524,-7.848939e-10,2.6020643e-09,0.6977563,1
2407997789,2407991877,0.73107374,-0.0048601506,-0.0034265593,0.68227255,0.71633524,-7.848939e-10,2.6020643e-09,0.6977563,1
2408005174,2408004648,0.7310777,-0.0046482473,-0.0030975465,0.6822715,0.71633524,-7.848939e-10,2.6020643e-09,0.6977563,1
2408010086,2408009470,0.7311128,-0.0045490703,-0.0030043724,0.68223494,0.71633524,-7.848939e-10,2.6020643e-09,0.6977563,1
2408022245,2408020836,0.73116535,-0.004336915,-0.0027637326,0.6821809,0.71633524,-7.848939e-10,2.6020643e-09,0.6977563,1
2408026510,2408025907,0.7311941,-0.004276443,-0.0026188225,0.6821511,0.71633524,-7.848939e-10,2.6020643e-09,0.6977563,1
2408031664,2408031065,0.7312105,-0.0041519883,-0.0025672715,0.6821345,0.71633524,-7.848939e-10,2.6020643e-09,0.6977563,1
2408036785,2408036149,0.73123705,-0.0040826304,-0.0024387655,0.6821069,0.71633524,-7.848939e-10,2.6020643e-09,0.6977563,1
2408041736,2408041090,0.73124987,-0.003997453,-0.0023228235,0.6820941,0.71633524,-7.848939e-10,2.6020643e-09,0.6977563,1
2408053882,2408053325,0.73131144,-0.0037934722,-0.0020265693,0.6820302,0.71633524,-7.848939e-10,2.6020643e-09,0.6977563,1
2408063014,2408062482,0.73132265,-0.0036630076,-0.0017199134,0.68201965,0.71633524,-7.848939e-10,2.6020643e-09,0.6977563,1
2408068150,2408067615,0.731401,-0.0036271806,-0.0015601179,0.68193614,0.71633524,-7.848939e-10,2.6020643e-09,0.6977563,1
2408073205,2408072633,0.73139364,-0.0034859246,-0.0014381808,0.6819451,0.71633524,-7.848939e-10,2.6020643e-09,0.6977563,1
2408083300,2408077663,0.73140854,-0.0034138556,-0.0012386715,0.6819299,0.71633524,-7.848939e-10,2.6020643e-09,0.6977563,1
2408084250,2408083660,0.73145574,-0.0032465102,-0.0011315846,0.68188024,0.71633524,-7.848939e-10,2.6020643e-09,0.6977563,1
2408088820,2408088192,0.73142385,-0.003142018,-0.00096054527,0.6819152,0.71633524,-7.848939e-10,2.6020643e-09,0.6977563,1
2408093628,2408092840,0.73142695,-0.0030394783,-0.00081586296,0.6819126,0.71633524,-7.848939e-10,2.6020643e-09,0.6977563,1
2408098487,2408097919,0.7314658,-0.0028577372,-0.0007649203,0.6818718,0.71633524,-7.848939e-10,2.6020643e-09,0.6977563,1
2408109759,2408108124,0.73144996,-0.0025712722,-0.0005773754,0.68189013,0.71633524,-7.848939e-10,2.6020643e-09,0.6977563,1
2408118792,2408113058,0.73147476,-0.0024009042,-0.0005537943,0.68186414,0.71633524,-7.848939e-10,2.6020643e-09,0.6977563,1
2408125053,2408124410,0.7315134,-0.0020574334,-0.00045864956,0.6818239,0.71633524,-7.848939e-10,2.6020643e-09,0.6977563,1
2408133951,2408133265,0.7314714,-0.0018131353,-0.00034939023,0.6818696,0.71633524,-7.848939e-10,2.6020643e-09,0.6977563,1
2408142633,2408142077,0.7315235,-0.0015157303,-0.00026577606,0.68181455,0.71633524,-7.848939e-10,2.6020643e-09,0.6977563,1
2408152931,2408152307,0.73154706,-0.0012260053,-3.8118113e-05,0.68178993,0.71633524,-7.848939e-10,2.6020643e-09,0.6977563,1
2408157827,2408157261,0.73159164,-0.0010727559,5.776823e-05,0.68174237,0.71633524,-7.848939e-10,2.6020643e-09,0.6977563,1
2408166977,2408162462,0.7315829,-0.0009692802,0.00021721351,0.6817518,0.71633524,-7.848939e-10,2.6020643e-09,0.6977563,1
2408172980,2408172407,0.73164475,-0.0007176348,0.00045467477,0.6816856,0.71633524,-7.848939e-10,2.6020643e-09,0.6977563,1
2408178083,2408177454,0.731634,-0.0006312093,0.0006062349,0.68169713,0.71633524,-7.848939e-10,2.6020643e-09,0.6977563,1
2408183119,2408182525,0.73166394,-0.0004397521,0.000653133,0.6816652,0.71633524,-7.848939e-10,2.6020643e-09,0.6977563,1
2408193127,2408192654,0.73169804,-0.0001304295,0.0008038999,0.68162847,0.71633524,-7.848939e-10,2.6020643e-09,0.6977563,1
2408203131,2408202698,0.731701,0.00024613153,0.0008667392,0.6816252,0.71633524,-7.848939e-10,2.6020643e-09,0.6977563,1
2408208355,2408207819,0.7317059,0.00038506355,0.0009203593,0.6816198,0.71633524,-7.848939e-10,2.6020643e-09,0.6977563,1
2408213580,2408212889,0.73171854,0.00060486776,0.00094282813,0.68160605,0.71633524,-7.848939e-10,2.6020643e-09,0.6977563,1
2408223452,2408222975,0.73172444,0.0008522012,0.0010928547,0.6815992,0.71633524,-7.848939e-10,2.6020643e-09,0.6977563,1
2408234764,2408234297,0.7317318,0.0012223434,0.001221158,0.6815906,0.71633524,-7.848939e-10,2.6020643e-09,0.6977563,1
2408239955,2408239326,0.7317256,0.001459275,0.001238352,0.68159676,0.71633524,-7.848939e-10,2.6020643e-09,0.6977563,1
2408244988,2408244450,0.73170066,0.0015495539,0.0013501656,0.681623,0.71633524,-7.848939e-10,2.6020643e-09,0.6977563,1
2408253920,2408249456,0.7317598,0.0017423654,0.0013518247,0.6815591,0.71633524,-7.848939e-10,2.6020643e-09,0.6977563,1
2408260220,2408258367,0.73172426,0.0020318823,0.0014726659,0.6815962,0.71633524,-7.848939e-10,2.6020643e-09,0.6977563,1
2408269135,2408268415,0.7317527,0.0023505194,0.0015609997,0.68156445,0.71633524,-7.848939e-10,2.6020643e-09,0.6977563,1
2408274118,2408273499,0.7317115,0.0024931272,0.0016180378,0.681608,0.71633524,-7.848939e-10,2.6020643e-09,0.6977563,1
2408279189,2408278503,0.7316847,0.0026506842,0.0016429191,0.6816361,0.71633524,-7.848939e-10,2.6020643e-09,0.6977563,1
2408290047,2408288793,0.7316524,0.0029967646,0.0016841622,0.68166924,0.71633524,-7.848939e-10,2.6020643e-09,0.6977563,1
2408294276,2408293685,0.7316638,0.0031539076,0.0016821199,0.6816563,0.71633524,-7.848939e-10,2.6020643e-09,0.6977563,1
2408303219,2408299328,0.73169583,0.003321762,0.0016957183,0.68162113,0.71633524,-7.848939e-10,2.6020643e-09,0.6977563,1
2408309675,2408307587,0.73165154,0.003519696,0.0017115687,0.6816677,0.71633524,-7.848939e-10,2.6020643e-09,0.6977563,1
2408323357,2408322727,0.73166054,0.0040113153,0.0017456976,0.68165517,0.71633524,-7.848939e-10,2.6020643e-09,0.6977563,1
2408328477,2408327805,0.7316904,0.004205916,0.0017575459,0.6816219,0.71633524,-7.848939e-10,2.6020643e-09,0.6977563,1
2408340178,2408339563,0.7316305,0.0046701427,0.001732201,0.6816832,0.71633524,-7.848939e-10,2.6020643e-09,0.6977563,1
2408348743,2408346784,0.7316194,0.004919891,0.0017089648,0.6816934,0.71633524,-7.848939e-10,2.6020643e-09,0.6977563,1
2408357530,2408356892,0.7315825,0.0051933676,0.0017207232,0.6817309,0.71633524,-7.848939e-10,2.6020643e-09,0.6977563,1
2408369451,2408367029,0.73155475,0.005441056,0.0018461527,0.6817586,0.71633524,-7.848939e-10,2.6020643e-09,0.6977563,1
2408372618,2408372001,0.7315294,0.0056057977,0.0018701772,0.68178433,0.71633524,-7.848939e-10,2.6020643e-09,0.6977563,1
2408381440,2408380824,0.7314859,0.005728697,0.0019919644,0.68182963,0.71633524,-7.848939e-10,2.6020643e-09,0.6977563,1
2408386448,2408385897,0.73148036,0.005860332,0.0019604058,0.68183464,0.71633524,-7.848939e-10,2.6020643e-09,0.6977563,1
2408396408,2408395998,0.731431,0.0061113727,0.0018649498,0.68188554,0.71633524,-7.848939e-10,2.6020643e-09,0.6977563,1
2408406873,2408406067,0.73141456,0.0063600345,0.001703347,0.6819014,0.71633524,-7.848939e-10,2.6020643e-09,0.6977563,1
2408411898,2408411328,0.73132485,0.006428744,0.0016601373,0.68199706,0.71633524,-7.848939e-10,2.6020643e-09,0.6977563,1
2408416898,2408416234,0.73136234,0.0065441127,0.0015824918,0.68195593,0.71633524,-7.848939e-10,2.6020643e-09,0.6977563,1
2408427070,2408426301,0.7312964,0.0066908426,0.0015505713,0.6820252,0.71633524,-7.848939e-10,2.6020643e-09,0.6977563,1
2408432122,2408431507,0.7313899,0.006802824,0.0014881985,0.68192405,0.71633524,-7.848939e-10,2.6020643e-09,0.6977563,1
2408442131,2408441510,0.73132837,0.007027386,0.0014909339,0.6819877,0.71633524,-7.848939e-10,2.6020643e-09,0.6977563,1
2408447210,2408446490,0.7313716,0.007172497,0.0014585669,0.6819399,0.71633524,-7.848939e-10,2.6020643e-09,0.6977563,1
2408458363,2408457921,0.73133546,0.0074006305,0.0014677506,0.68197626,0.71633524,-7.848939e-10,2.6020643e-09,0.6977563,1
2408463604,2408462965,0.7312835,0.007437154,0.0014615024,0.6820316,0.71633524,-7.848939e-10,2.6020643e-09,0.6977563,1
2408468571,2408468004,0.7312802,0.0075334413,0.0013956522,0.6820342,0.71633524,-7.848939e-10,2.6020643e-09,0.6977563,1
2408479053,2408478112,0.7313208,0.0076373992,0.0013394341,0.68198967,0.71633524,-7.848939e-10,2.6020643e-09,0.6977563,1
2408484121,2408483439,0.7313294,0.007755039,0.0012275625,0.6819793,0.71633524,-7.848939e-10,2.6020643e-09,0.6977563,1
2408488917,2408488218,0.7313435,0.007823446,0.0011786992,0.6819635,0.71633524,-7.848939e-10,2.6020643e-09,0.6977563,1
2408493878,2408493292,0.73133624,0.007960129,0.0010382808,0.68196994,0.71633524,-7.848939e-10,2.6020643e-09,0.6977563,1
2408504734,2408503345,0.7313389,0.008188158,0.0009051797,0.6819645,0.71633524,-7.848939e-10,2.6020643e-09,0.6977563,1
2408516072,2408515565,0.7313155,0.008350255,0.0008170268,0.68198776,0.71633524,-7.848939e-10,2.6020643e-09,0.6977563,1
2408520271,2408519763,0.7313138,0.0083871335,0.0008001624,0.6819892,0.71633524,-7.848939e-10,2.6020643e-09,0.6977563,1
2408529376,2408528781,0.7312894,0.008450921,0.0008458194,0.6820146,0.71633524,-7.848939e-10,2.6020643e-09,0.6977563,1
2408534349,2408533718,0.7312848,0.008410436,0.0009014388,0.6820198,0.71633524,-7.848939e-10,2.6020643e-09,0.6977563,1
2408544859,2408544117,0.73127764,0.008454903,0.00086048065,0.68202704,0.71633524,-7.848939e-10,2.6020643e-09,0.6977563,1
2408549621,2408548916,0.7312794,0.008436368,0.0008171546,0.6820255,0.71633524,-7.848939e-10,2.6020643e-09,0.6977563,1
2408554476,2408553894,0.731304,0.008493809,0.000712277,0.68199843,0.71633524,-7.848939e-10,2.6020643e-09,0.6977563,1
2408559692,2408558953,0.73123246,0.008496672,0.00069756777,0.6820751,0.71633524,-7.848939e-10,2.6020643e-09,0.6977563,1
2408568625,2408564163,0.7312622,0.008536633,0.0005973521,0.6820428,0.71633524,-7.848939e-10,2.6020643e-09,0.6977563,1
2408574935,2408574205,0.7312376,0.008612952,0.0005168285,0.6820683,0.71633524,-7.848939e-10,2.6020643e-09,0.6977563,1
2408579769,2408579137,0.7312625,0.008675692,0.00045141584,0.68204087,0.71633524,-7.848939e-10,2.6020643e-09,0.6977563,1
2408584943,2408584165,0.731294,0.008709303,0.00047581134,0.6820066,0.71633524,-7.848939e-10,2.6020643e-09,0.6977563,1
2408594858,2408589252,0.73126453,0.008789064,0.0004362555,0.6820372,0.71633524,-7.848939e-10,2.6020643e-09,0.6977563,1
2408597379,2408596675,0.73131585,0.008840438,0.00048722653,0.6819815,0.71633524,-7.848939e-10,2.6020643e-09,0.6977563,1
2408601792,2408601147,0.73128253,0.008903418,0.00048022086,0.68201643,0.71633524,-7.848939e-10,2.6020643e-09,0.6977563,1
2408606323,2408605708,0.73130494,0.008913225,0.000518496,0.6819922,0.71633524,-7.848939e-10,2.6020643e-09,0.6977563,1
2408611282,2408610711,0.7313212,0.008920357,0.00056085986,0.68197465,0.71633524,-7.848939e-10,2.6020643e-09,0.6977563,1
2408620418,2408615849,0.73128325,0.0089631025,0.0005396973,0.6820149,0.71633524,-7.848939e-10,2.6020643e-09,0.6977563,1
2408626522,2408623635,0.73126924,0.008955997,0.0005386236,0.6820299,0.71633524,-7.848939e-10,2.6020643e-09,0.6977563,1
2408632939,2408632250,0.73122233,0.008987833,0.0004851283,0.68207985,0.71633524,-7.848939e-10,2.6020643e-09,0.6977563,1
2408637816,2408637235,0.7312565,0.008955658,0.00048851524,0.6820437,0.71633524,-7.848939e-10,2.6020643e-09,0.6977563,1
2408649083,2408648480,0.73123163,0.009044917,0.00041944272,0.6820691,0.71633524,-7.848939e-10,2.6020643e-09,0.6977563,1
2408652891,2408652423,0.73123527,0.009055814,0.0003965023,0.68206507,0.71633524,-7.848939e-10,2.6020643e-09,0.6977563,1
2408658097,2408657550,0.7312581,0.0091407,0.00030531414,0.6820395,0.71633524,-7.848939e-10,2.6020643e-09,0.6977563,1
2408666850,2408662759,0.73122805,0.009217568,0.00032441365,0.68207073,0.71633524,-7.848939e-10,2.6020643e-09,0.6977563,1
2408669027,2408668458,0.73125297,0.00923671,0.00030085584,0.68204385,0.71633524,-7.848939e-10,2.6020643e-09,0.6977563,1
2408673155,2408672630,0.73126566,0.009301769,0.00028751497,0.68202937,0.71633524,-7.848939e-10,2.6020643e-09,0.6977563,1
2408678312,2408677676,0.73118496,0.009358773,0.00035671672,0.6821151,0.71633524,-7.848939e-10,2.6020643e-09,0.6977563,1
2408683291,2408682715,0.73122925,0.009387394,0.00031702255,0.68206716,0.71633524,-7.848939e-10,2.6020643e-09,0.6977563,1
2408688385,2408687792,0.73124653,0.009405876,0.0002669949,0.6820484,0.71633524,-7.848939e-10,2.6020643e-09,0.6977563,1
2408693398,2408692827,0.7312137,0.009416734,0.0002676556,0.6820834,0.71633524,-7.848939e-10,2.6020643e-09,0.6977563,1
2408698443,2408697893,0.73127764,0.009409737,0.00018866932,0.68201494,0.71633524,-7.848939e-10,2.6020643e-09,0.6977563,1
2408708552,2408702955,0.7312808,0.009438487,0.0001402953,0.68201125,0.71633524,-7.848939e-10,2.6020643e-09,0.6977563,1
2408710672,2408708015,0.7312706,0.009411278,0.00010082094,0.6820225,0.71633524,-7.848939e-10,2.6020643e-09,0.6977563,1
2408713603,2408713123,0.7313092,0.009404536,6.646506e-06,0.6819813,0.71633524,-7.848939e-10,2.6020643e-09,0.6977563,1
2408718814,2408718257,0.73134327,0.009397878,-3.9130264e-06,0.68194485,0.71633524,-7.848939e-10,2.6020643e-09,0.6977563,1
2408723672,2408723157,0.731334,0.009373973,-3.3534696e-05,0.68195516,0.71633524,-7.848939e-10,2.6020643e-09,0.6977563,1
2408733924,2408733356,0.7314046,0.00935735,-6.4365675e-05,0.6818796,0.71633524,-7.848939e-10,2.6020643e-09,0.6977563,1
2408738902,2408738301,0.731355,0.009355794,-9.730069e-05,0.6819328,0.71633524,-7.848939e-10,2.6020643e-09,0.6977563,1
2408751048,2408748406,0.73143566,0.009346425,-9.045835e-05,0.6818465,0.71633524,-7.848939e-10,2.6020643e-09,0.6977563,1
2408754050,2408753460,0.73140097,0.009357817,-0.0001144617,0.6818835,0.71633524,-7.848939e-10,2.6020643e-09,0.6977563,1
2408759105,2408758546,0.7314963,0.00936042,-9.5609495e-05,0.68178123,0.71633524,-7.848939e-10,2.6020643e-09,0.6977563,1
2408767943,2408763550,0.7315149,0.009352547,-0.000103839244,0.6817613,0.71633524,-7.848939e-10,2.6020643e-09,0.6977563,1
2408769877,2408769392,0.73148304,0.009384728,-0.00010995267,0.681795,0.71633524,-7.848939e-10,2.6020643e-09,0.6977563,1
2408774562,2408773752,0.7315208,0.00940432,-0.000105209365,0.68175435,0.71633524,-7.848939e-10,2.6020643e-09,0.6977563,1
2408785516,2408785069,0.73156554,0.009485035,-0.00013541184,0.68170524,0.71633524,-7.848939e-10,2.6020643e-09,0.6977563,1
2408790725,2408790117,0.73156244,0.009454416,-0.00016988491,0.68170893,0.71633524,-7.848939e-10,2.6020643e-09,0.6977563,1
2408802454,2408801539,0.7316137,0.009500548,-0.00019756462,0.6816532,0.71633524,-7.848939e-10,2.6020643e-09,0.6977563,1
2408807078,2408806564,0.73164266,0.009527818,-0.00021477665,0.68162173,0.71633524,-7.848939e-10,2.6020643e-09,0.6977563,1
2408817661,2408816671,0.7316888,0.009450622,-0.0002638033,0.68157333,0.71633524,-7.848939e-10,2.6020643e-09,0.6977563,1
2408827520,2408826812,0.73171496,0.009405383,-0.00027553632,0.68154585,0.71633524,-7.848939e-10,2.6020643e-09,0.6977563,1
2408832359,2408831786,0.73176146,0.009401371,-0.0003024774,0.68149596,0.71633524,-7.848939e-10,2.6020643e-09,0.6977563,1
2408837414,2408836836,0.7317346,0.009484451,-0.0002811841,0.68152374,0.71633524,-7.848939e-10,2.6020643e-09,0.6977563,1
2408842495,2408841895,0.7317614,0.009457109,-0.00028355524,0.6814953,0.71633524,-7.848939e-10,2.6020643e-09,0.6977563,1
2408852650,2408852223,0.73182267,0.009620616,-0.00030133128,0.6814272,0.71633524,-7.848939e-10,2.6020643e-09,0.6977563,1
2408857705,2408857099,0.73184717,0.009598927,-0.0002881174,0.6814012,0.71633524,-7.848939e-10,2.6020643e-09,0.6977563,1
2408867701,2408862074,0.7318733,0.009689838,-0.00031816174,0.68137187,0.71633524,-7.848939e-10,2.6020643e-09,0.6977563,1
2408872887,2408872194,0.731878,0.009773031,-0.00035056475,0.68136567,0.71633524,-7.848939e-10,2.6020643e-09,0.6977563,1
2408877893,2408877226,0.73190504,0.009812666,-0.0003661335,0.6813359,0.71633524,-7.848939e-10,2.6020643e-09,0.6977563,1
2408882896,2408882373,0.73189133,0.009816862,-0.0003673983,0.6813506,0.71633524,-7.848939e-10,2.6020643e-09,0.6977563,1
2408893024,2408887410,0.731928,0.009855019,-0.00039746833,0.68131065,0.71633524,-7.848939e-10,2.6020643e-09,0.6977563,1
2408899373,2408898695,0.731983,0.009858216,-0.00036409707,0.6812516,0.71633524,-7.848939e-10,2.6020643e-09,0.6977563,1
2408904658,2408903763,0.73202574,0.009844365,-0.00031226026,0.68120575,0.71633524,-7.848939e-10,2.6020643e-09,0.6977563,1
2408915173,2408914376,0.7320563,0.009789299,-0.00027371506,0.6811738,0.71633524,-7.848939e-10,2.6020643e-09,0.6977563,1
2408924644,2408924013,0.732046,0.0097195795,-0.00027303223,0.6811859,0.71633524,-7.848939e-10,2.6020643e-09,0.6977563,1
2408934668,2408934065,0.7320996,0.009700797,-0.00029253092,0.68112856,0.71633524,-7.848939e-10,2.6020643e-09,0.6977563,1
2408945856,2408944219,0.7321816,0.009747483,-0.00032431717,0.68103963,0.71633524,-7.848939e-10,2.6020643e-09,0.6977563,1
2408957771,2408957269,0.73221725,0.009751371,-0.0003593511,0.6810013,0.71633524,-7.848939e-10,2.6020643e-09,0.6977563,1
2408962402,2408961880,0.7322376,0.009785261,-0.00035308488,0.68097895,0.71633524,-7.848939e-10,2.6020643e-09,0.6977563,1
2408972734,2408972139,0.73228884,0.009789675,-0.0003852378,0.68092376,0.71633524,-7.848939e-10,2.6020643e-09,0.6977563,1
2408982745,2408978701,0.73231655,0.009790875,-0.00036122694,0.68089396,0.71633524,-7.848939e-10,2.6020643e-09,0.6977563,1
2408987726,2408987137,0.732375,0.009796698,-0.0003835614,0.680831,0.71633524,-7.848939e-10,2.6020643e-09,0.6977563,1
2408992852,2408992220,0.7323992,0.009893672,-0.000385025,0.6808035,0.71633524,-7.848939e-10,2.6020643e-09,0.6977563,1
2409002966,2409002334,0.7324678,0.009903404,-0.00035404292,0.6807296,0.71633524,-7.848939e-10,2.6020643e-09,0.6977563,1
2409007975,2409007377,0.73245156,0.00997227,-0.0003111535,0.680746,0.71633524,-7.848939e-10,2.6020643e-09,0.6977563,1
2409013021,2409012477,0.73247784,0.00992638,-0.00029234902,0.6807184,0.71633524,-7.848939e-10,2.6020643e-09,0.6977563,1
2409017977,2409017440,0.73252434,0.00998226,-0.00031069954,0.6806676,0.71633524,-7.848939e-10,2.6020643e-09,0.6977563,1
2409023038,2409022494,0.73251635,0.009970484,-0.00027586927,0.68067646,0.71633524,-7.848939e-10,2.6020643e-09,0.6977563,1
2409033094,2409032651,0.7325864,0.009917755,-0.00026878985,0.6806018,0.71633524,-7.848939e-10,2.6020643e-09,0.6977563,1
2409038349,2409037676,0.73256385,0.009873144,-0.00022235962,0.6806267,0.71633524,-7.848939e-10,2.6020643e-09,0.6977563,1
2409043262,2409042731,0.7326147,0.00987413,-0.00026077023,0.6805719,0.71633524,-7.848939e-10,2.6020643e-09,0.6977563,1
2409053459,2409047762,0.7326476,0.009940125,-0.00027657344,0.6805356,0.71633524,-7.848939e-10,2.6020643e-09,0.6977563,1
2409058374,2409052812,0.73263496,0.009893469,-0.00029737467,0.68054986,0.71633524,-7.848939e-10,2.6020643e-09,0.6977563,1
2409060139,2409059308,0.7326976,0.009936432,-0.00038463794,0.68048173,0.71633524,-7.848939e-10,2.6020643e-09,0.6977563,1
2409064717,2409064217,0.732697,0.009947646,-0.00046611135,0.6804822,0.71633524,-7.848939e-10,2.6020643e-09,0.6977563,1
2409076382,2409075594,0.7327904,0.010019456,-0.00064839947,0.68038046,0.71633524,-7.848939e-10,2.6020643e-09,0.6977563,1
2409081150,2409080597,0.7328387,0.010045554,-0.0007036716,0.680328,0.71633524,-7.848939e-10,2.6020643e-09,0.6977563,1
2409089974,2409089469,0.7328901,0.010062995,-0.00075550505,0.6802722,0.71633524,-7.848939e-10,2.6020643e-09,0.6977563,1
2409098812,2409094642,0.73284763,0.010019331,-0.0008066345,0.6803186,0.71633524,-7.848939e-10,2.6020643e-09,0.6977563,1
2409105573,2409104663,0.73288673,0.009955857,-0.0008419952,0.6802774,0.71633524,-7.848939e-10,2.6020643e-09,0.6977563,1
2409114072,2409113465,0.73291796,0.00985932,-0.0009030887,0.68024504,0.71633524,-7.848939e-10,2.6020643e-09,0.6977563,1
2409124231,2409122337,0.7329776,0.009817434,-0.0009253128,0.6801813,0.71633524,-7.848939e-10,2.6020643e-09,0.6977563,1
2409128192,2409127610,0.7329606,0.0097846305,-0.0009501233,0.6802001,0.71633524,-7.848939e-10,2.6020643e-09,0.6977563,1
2409133103,2409132415,0.7330372,0.00980812,-0.00096549967,0.6801172,0.71633524,-7.848939e-10,2.6020643e-09,0.6977563,1
2409145601,2409144904,0.7331235,0.009804511,-0.0009661758,0.6800242,0.71633524,-7.848939e-10,2.6020643e-09,0.6977563,1
2409154457,2409152660,0.73312986,0.009779943,-0.0009603995,0.68001777,0.71633524,-7.848939e-10,2.6020643e-09,0.6977563,1
2409158349,2409157680,0.73316747,0.009831787,-0.000955248,0.67997646,0.71633524,-7.848939e-10,2.6020643e-09,0.6977563,1
2409163317,2409162752,0.73319936,0.009788529,-0.00095399615,0.6799426,0.71633524,-7.848939e-10,2.6020643e-09,0.6977563,1
2409168365,2409167795,0.7332174,0.009718661,-0.00095367775,0.67992413,0.71633524,-7.848939e-10,2.6020643e-09,0.6977563,1
2409173430,2409172875,0.7332288,0.009748874,-0.0009952852,0.6799114,0.71633524,-7.848939e-10,2.6020643e-09,0.6977563,1
2409178557,2409178039,0.73326194,0.009702247,-0.0010104618,0.6798763,0.71633524,-7.848939e-10,2.6020643e-09,0.6977563,1
2409183401,2409182926,0.7332896,0.009663208,-0.0010414581,0.679847,0.71633524,-7.848939e-10,2.6020643e-09,0.6977563,1
2409192302,2409187983,0.733305,0.009717576,-0.001104429,0.6798296,0.71633524,-7.848939e-10,2.6020643e-09,0.6977563,1
2409193494,2409193067,0.73334783,0.009627863,-0.0011078905,0.6797846,0.71633524,-7.848939e-10,2.6020643e-09,0.6977563,1
2409203633,2409203177,0.73340607,0.009551886,-0.0011819043,0.6797227,0.71633524,-7.848939e-10,2.6020643e-09,0.6977563,1
2409215030,2409214595,0.7334433,0.00944462,-0.001210383,0.6796839,0.71633524,-7.848939e-10,2.6020643e-09,0.6977563,1
2409225207,2409219562,0.73347104,0.009324112,-0.0012024938,0.6796557,0.71633524,-7.848939e-10,2.6020643e-09,0.6977563,1
2409230430,2409229691,0.7335194,0.009292068,-0.0012360606,0.67960393,0.71633524,-7.848939e-10,2.6020643e-09,0.6977563,1
2409235571,2409234925,0.73353994,0.009242032,-0.0012384099,0.6795824,0.71633524,-7.848939e-10,2.6020643e-09,0.6977563,1
2409240436,2409239766,0.73358804,0.009263155,-0.00126155,0.67953014,0.71633524,-7.848939e-10,2.6020643e-09,0.6977563,1
2409245587,2409244872,0.7335671,0.009247634,-0.0012173023,0.67955303,0.71633524,-7.848939e-10,2.6020643e-09,0.6977563,1
2409250479,2409249919,0.7335926,0.0092201,-0.001259784,0.67952585,0.71633524,-7.848939e-10,2.6020643e-09,0.6977563,1
2409259511,2409255022,0.7336815,0.00930008,-0.0013132419,0.6794287,0.71633524,-7.848939e-10,2.6020643e-09,0.6977563,1
2409265725,2409265022,0.73372185,0.009294511,-0.0014038584,0.679385,0.71633524,-7.848939e-10,2.6020643e-09,0.6977563,1
2409270720,2409270165,0.73376673,0.009327358,-0.0014093011,0.6793361,0.71633524,-7.848939e-10,2.6020643e-09,0.6977563,1
2409275652,2409275138,0.73375267,0.00929461,-0.0014163338,0.6793517,0.71633524,-7.848939e-10,2.6020643e-09,0.6977563,1
2409284631,2409280342,0.73387337,0.00929539,-0.0014251523,0.6792213,0.71633524,-7.848939e-10,2.6020643e-09,0.6977563,1
2409293593,2409292633,0.73399526,0.0091945315,-0.0013300742,0.67909104,0.71633524,-7.848939e-10,2.6020643e-09,0.6977563,1
2409297194,2409296665,0.7339792,0.009149378,-0.001318972,0.67910904,0.71633524,-7.848939e-10,2.6020643e-09,0.6977563,1
2409302240,2409301656,0.7340055,0.009115862,-0.0013233767,0.67908114,0.71633524,-7.848939e-10,2.6020643e-09,0.6977563,1
2409307297,2409306731,0.7340608,0.00909176,-0.0013251575,0.67902166,0.71633524,-7.848939e-10,2.6020643e-09,0.6977563,1
2409322356,2409321885,0.7341359,0.009116129,-0.0014967797,0.67893976,0.71633524,-7.848939e-10,2.6020643e-09,0.6977563,1
2409327487,2409326961,0.7341469,0.009133016,-0.0016258562,0.67892736,0.71633524,-7.848939e-10,2.6020643e-09,0.6977563,1
2409332860,2409332251,0.73420614,0.009209484,-0.0017669334,0.6788619,0.71633524,-7.848939e-10,2.6020643e-09,0.6977563,1
2409337765,2409337073,0.7342346,0.009224145,-0.0018837465,0.6788307,0.71633524,-7.848939e-10,2.6020643e-09,0.6977563,1
2409342989,2409342325,0.7342298,0.0092926305,-0.002089462,0.6788342,0.71633524,-7.848939e-10,2.6020643e-09,0.6977563,1
2409347741,2409347257,0.7342695,0.009332901,-0.002226814,0.67879033,0.71633524,-7.848939e-10,2.6020643e-09,0.6977563,1
2409357979,2409352214,0.73430353,0.009296627,-0.0023284154,0.6787537,0.71633524,-7.848939e-10,2.6020643e-09,0.6977563,1
2409362778,2409357265,0.7343134,0.009333538,-0.0024573067,0.67874193,0.71633524,-7.848939e-10,2.6020643e-09,0.6977563,1
2409365246,2409362318,0.73434,0.009306472,-0.0025161423,0.6787133,0.71633524,-7.848939e-10,2.6020643e-09,0.6977563,1
2409368275,2409367674,0.73438346,0.009230634,-0.0026089791,0.678667,0.71633524,-7.848939e-10,2.6020643e-09,0.6977563,1
2409379252,2409378791,0.73442495,0.0091542965,-0.0026777512,0.67862296,0.71633524,-7.848939e-10,2.6020643e-09,0.6977563,1
2409384500,2409383855,0.73441756,0.009208021,-0.0027412807,0.67863,0.71633524,-7.848939e-10,2.6020643e-09,0.6977563,1
2409394543,2409393896,0.7344679,0.009177081,-0.0028398288,0.67857546,0.71633524,-7.848939e-10,2.6020643e-09,0.6977563,1
2409404492,2409403990,0.73449945,0.009212174,-0.0029738182,0.67854035,0.71633524,-7.848939e-10,2.6020643e-09,0.6977563,1
2409409612,2409409020,0.7345093,0.009230979,-0.0031415138,0.67852867,0.71633524,-7.848939e-10,2.6020643e-09,0.6977563,1
2409421793,2409421205,0.73456717,0.0092579005,-0.0034904513,0.6784639,0.71633524,-7.848939e-10,2.6020643e-09,0.6977563,1
2409426150,2409425624,0.73459685,0.009258329,-0.003593609,0.6784312,0.71633524,-7.848939e-10,2.6020643e-09,0.6977563,1
2409436303,2409434333,0.73465645,0.009199839,-0.003874023,0.6783659,0.71633524,-7.848939e-10,2.6020643e-09,0.6977563,1
2409439920,2409439393,0.7347005,0.009229033,-0.003994849,0.67831707,0.71633524,-7.848939e-10,2.6020643e-09,0.6977563,1
2409450140,2409449449,0.73474675,0.00915306,-0.004130385,0.67826724,0.71633524,-7.848939e-10,2.6020643e-09,0.6977563,1
2409454999,2409454495,0.7347963,0.009168576,-0.0041654664,0.6782132,0.71633524,-7.848939e-10,2.6020643e-09,0.6977563,1
2409465129,2409464686,0.73485345,0.009120393,-0.0042649717,0.6781513,0.71633524,-7.848939e-10,2.6020643e-09,0.6977563,1
2409470552,2409469753,0.73486626,0.009151642,-0.004263959,0.67813694,0.71633524,-7.848939e-10,2.6020643e-09,0.6977563,1
2409475336,2409474742,0.73488826,0.009123855,-0.004327832,0.67811304,0.71633524,-7.848939e-10,2.6020643e-09,0.6977563,1
2409484112,2409479950,0.7349488,0.009154307,-0.0043665627,0.67804676,0.71633524,-7.848939e-10,2.6020643e-09,0.6977563,1
2409492450,2409491661,0.73500484,0.009173795,-0.0044896393,0.67798495,0.71633524,-7.848939e-10,2.6020643e-09,0.6977563,1
2409496934,2409496191,0.73500836,0.009175733,-0.0045615416,0.67798066,0.71633524,-7.848939e-10,2.6020643e-09,0.6977563,1
2409502080,2409501418,0.7350574,0.009187216,-0.0046580415,0.67792666,0.71633524,-7.848939e-10,2.6020643e-09,0.6977563,1
2409506888,2409506308,0.73508316,0.009194,-0.0047016204,0.6778983,0.71633524,-7.848939e-10,2.6020643e-09,0.6977563,1
2409515667,2409511510,0.73504186,0.009195544,-0.004824228,0.6779423,0.71633524,-7.848939e-10,2.6020643e-09,0.6977563,1
2409522025,2409521468,0.7351063,0.009162369,-0.0049586296,0.67787194,0.71633524,-7.848939e-10,2.6020643e-09,0.6977563,1
2409532058,2409531651,0.73515415,0.009107259,-0.0051005813,0.67781967,0.71633524,-7.848939e-10,2.6020643e-09,0.6977563,1
2409540990,2409540396,0.73512584,0.009004388,-0.0051171626,0.6778516,0.71633524,-7.848939e-10,2.6020643e-09,0.6977563,1
2409546114,2409545465,0.73515385,0.009021477,-0.005197872,0.67782044,0.71633524,-7.848939e-10,2.6020643e-09,0.6977563,1
2409551378,2409550524,0.7351809,0.0089751845,-0.005178989,0.67779183,0.71633524,-7.848939e-10,2.6020643e-09,0.6977563,1
2409556167,2409555640,0.73520714,0.008972773,-0.0052640927,0.6777627,0.71633524,-7.848939e-10,2.6020643e-09,0.6977563,1
2409566417,2409565738,0.73526496,0.008919881,-0.005367868,0.6776999,0.71633524,-7.848939e-10,2.6020643e-09,0.6977563,1
2409571420,2409570714,0.7353098,0.0088896975,-0.005478475,0.67765075,0.71633524,-7.848939e-10,2.6020643e-09,0.6977563,1
2409576355,2409575805,0.7353317,0.008844721,-0.0055609215,0.6776269,0.71633524,-7.848939e-10,2.6020643e-09,0.6977563,1
2409581531,2409580863,0.7353608,0.00873585,-0.0056052436,0.6775964,0.71633524,-7.848939e-10,2.6020643e-09,0.6977563,1
2409593452,2409590921,0.7353879,0.008681856,-0.0057596047,0.6775663,0.71633524,-7.848939e-10,2.6020643e-09,0.6977563,1
2409596677,2409595980,0.7354498,0.0086277155,-0.0058425027,0.6774992,0.71633524,-7.848939e-10,2.6020643e-09,0.6977563,1
2409601615,2409601068,0.7354627,0.0086678425,-0.005962074,0.6774836,0.71633524,-7.848939e-10,2.6020643e-09,0.6977563,1
2409606847,2409606226,0.73547477,0.00858829,-0.005949281,0.67747164,0.71633524,-7.848939e-10,2.6020643e-09,0.6977563,1
2409611758,2409611158,0.7355799,0.008535053,-0.0060336697,0.6773574,0.71633524,-7.848939e-10,2.6020643e-09,0.6977563,1
2409620539,2409616399,0.7355792,0.008531156,-0.0060776,0.6773578,0.71633524,-7.848939e-10,2.6020643e-09,0.6977563,1
2409622315,2409621283,0.73557454,0.008446246,-0.0060735033,0.677364,0.71633524,-7.848939e-10,2.6020643e-09,0.6977563,1
2409626897,2409626320,0.7356232,0.00843047,-0.0061757737,0.67731047,0.71633524,-7.848939e-10,2.6020643e-09,0.6977563,1
2409632034,2409631366,0.73558813,0.008398227,-0.0061845435,0.67734885,0.71633524,-7.848939e-10,2.6020643e-09,0.6977563,1
2409637068,2409636497,0.73561424,0.008329771,-0.006246531,0.67732066,0.71633524,-7.848939e-10,2.6020643e-09,0.6977563,1
2409642266,2409641576,0.7356933,0.008349212,-0.0064054085,0.6772331,0.71633524,-7.848939e-10,2.6020643e-09,0.6977563,1
2409654473,2409651643,0.7357147,0.008225806,-0.006551801,0.67721003,0.71633524,-7.848939e-10,2.6020643e-09,0.6977563,1
2409657179,2409656633,0.73572844,0.008137608,-0.006595151,0.6771957,0.71633524,-7.848939e-10,2.6020643e-09,0.6977563,1
2409667221,2409666776,0.73573875,0.00794452,-0.006725953,0.6771855,0.71633524,-7.848939e-10,2.6020643e-09,0.6977563,1
2409676294,2409671942,0.73578745,0.007849565,-0.00678625,0.6771331,0.71633524,-7.848939e-10,2.6020643e-09,0.6977563,1
2409682454,2409677062,0.73578644,0.00779752,-0.006880023,0.6771338,0.71633524,-7.848939e-10,2.6020643e-09,0.6977563,1
2409684301,2409683211,0.73584294,0.0077262037,-0.006940466,0.67707264,0.71633524,-7.848939e-10,2.6020643e-09,0.6977563,1
2409693932,2409693258,0.73589396,0.0076580155,-0.007073431,0.6770166,0.71633524,-7.848939e-10,2.6020643e-09,0.6977563,1
2409704192,2409703408,0.7359313,0.0075736605,-0.00715084,0.6769762,0.71633524,-7.848939e-10,2.6020643e-09,0.6977563,1
2409714138,2409713490,0.7359866,0.007431195,-0.00719132,0.6769172,0.71633524,-7.848939e-10,2.6020643e-09,0.6977563,1
2409719228,2409718530,0.73600185,0.00740818,-0.0072278827,0.6769005,0.71633524,-7.848939e-10,2.6020643e-09,0.6977563,1
2409724511,2409723586,0.73601687,0.0072829714,-0.0072084935,0.6768857,0.71633524,-7.848939e-10,2.6020643e-09,0.6977563,1
2409739498,2409738775,0.73605275,0.0070848744,-0.0072951335,0.6768478,0.71633524,-7.848939e-10,2.6020643e-09,0.6977563,1
2409749538,2409743807,0.7360955,0.0070534046,-0.0073515936,0.6768011,0.71633524,-7.848939e-10,2.6020643e-09,0.6977563,1
2409754697,2409751582,0.73609495,0.00728393,-0.0077855308,0.67679435,0.71633524,-7.848939e-10,2.6020643e-09,0.6977563,1
2409755752,2409755192,0.736113,0.0076498636,-0.0082877735,0.6767648,0.71633524,-7.848939e-10,2.6020643e-09,0.6977563,1
2409760897,2409760225,0.73601854,0.00839944,-0.009464937,0.6768431,0.71633524,-7.848939e-10,2.6020643e-09,0.6977563,1
2409770963,2409770312,0.7357646,0.010860233,-0.0135809155,0.67701405,0.71633524,-7.848939e-10,2.6020643e-09,0.6977563,1
2409776198,2409775434,0.73554605,0.012539455,-0.016717702,0.6771524,0.71633524,-7.848939e-10,2.6020643e-09,0.6977563,1
2409787722,2409785533,0.7349353,0.016494403,-0.025036803,0.67747414,0.71633524,-7.848939e-10,2.6020643e-09,0.6977563,1
2409796236,2409795583,0.7343071,0.02095132,-0.035825253,0.6775476,0.71633524,-7.848939e-10,2.6020643e-09,0.6977563,1
2409806387,2409803236,0.7337825,0.024320276,-0.045455534,0.67742574,0.71633524,-7.848939e-10,2.6020643e-09,0.6977563,1
2409813924,2409813288,0.7330432,0.028116679,-0.0593954,0.67700034,0.71633524,-7.848939e-10,2.6020643e-09,0.6977563,1
2409818951,2409818318,0.73267305,0.029665962,-0.06660159,0.6766642,0.71633524,-7.848939e-10,2.6020643e-09,0.6977563,1
2409828846,2409828428,0.73194134,0.03153244,-0.08122738,0.67577344,0.71633524,-7.848939e-10,2.6020643e-09,0.6977563,1
2409838046,2409837368,0.7311973,0.03206228,-0.093471564,0.6749708,0.71633524,-7.848939e-10,2.6020643e-09,0.6977563,1
2409843090,2409842542,0.7307956,0.031974852,-0.100009955,0.67447263,0.71633524,-7.848939e-10,2.6020643e-09,0.6977563,1
2409852858,2409852443,0.729938,0.031183554,-0.11125004,0.67367774,0.71633524,-7.848939e-10,2.6020643e-09,0.6977563,1
2409863134,2409862708,0.72913593,0.029866723,-0.121018544,0.6729214,0.71633524,-7.848939e-10,2.6020643e-09,0.6977563,1
2409873438,2409872768,0.72847134,0.028507423,-0.12881285,0.67225295,0.71633524,-7.848939e-10,2.6020643e-09,0.6977563,1
2409878350,2409877733,0.72819984,0.027836861,-0.13202271,0.6719524,0.71633524,-7.848939e-10,2.6020643e-09,0.6977563,1
2409883402,2409882871,0.72787476,0.027322216,-0.13495037,0.6717443,0.71633524,-7.848939e-10,2.6020643e-09,0.6977563,1
2409893626,2409887797,0.7276111,0.02684038,-0.1373785,0.6715571,0.71633524,-7.848939e-10,2.6020643e-09,0.6977563,1
2409895711,2409894305,0.72727996,0.026421867,-0.1400704,0.6713763,0.71633524,-7.848939e-10,2.6020643e-09,0.6977563,1
2409904925,2409902952,0.72679913,0.026069028,-0.14309138,0.6712737,0.71633524,-7.848939e-10,2.6020643e-09,0.6977563,1
2409908845,2409908210,0.7264806,0.025936391,-0.14469197,0.6712805,0.71633524,-7.848939e-10,2.6020643e-09,0.6977563,1
2409914099,2409913162,0.7261854,0.025851429,-0.1461873,0.67127925,0.71633524,-7.848939e-10,2.6020643e-09,0.6977563,1
2409918773,2409918178,0.72581303,0.025815709,-0.147686,0.67135537,0.71633524,-7.848939e-10,2.6020643e-09,0.6977563,1
2409928994,2409923150,0.7254137,0.025697647,-0.14921239,0.6714539,0.71633524,-7.848939e-10,2.6020643e-09,0.6977563,1
2409930906,2409929839,0.72498035,0.025470162,-0.1513412,0.6714542,0.71633524,-7.848939e-10,2.6020643e-09,0.6977563,1
2409935735,2409934507,0.7246123,0.025199993,-0.15285462,0.67151886,0.71633524,-7.848939e-10,2.6020643e-09,0.6977563,1
2409940331,2409939617,0.72430813,0.024909312,-0.15450726,0.67147964,0.71633524,-7.848939e-10,2.6020643e-09,0.6977563,1
2409945216,2409944655,0.72397256,0.024489582,-0.15610659,0.6714871,0.71633524,-7.848939e-10,2.6020643e-09,0.6977563,1
2409950344,2409949749,0.7236269,0.024003852,-0.15760241,0.6715277,0.71633524,-7.848939e-10,2.6020643e-09,0.6977563,1
2409955383,2409954874,0.7233493,0.02343924,-0.15894733,0.67152977,0.71633524,-7.848939e-10,2.6020643e-09,0.6977563,1
2409960349,2409959799,0.72309226,0.022802958,-0.16004929,0.6715667,0.71633524,-7.848939e-10,2.6020643e-09,0.6977563,1
2409971159,2409970309,0.72253084,0.02138864,-0.16175184,0.6718096,0.71633524,-7.848939e-10,2.6020643e-09,0.6977563,1
2409975878,2409975271,0.7223441,0.020704571,-0.16228262,0.6719037,0.71633524,-7.848939e-10,2.6020643e-09,0.6977563,1
2409980826,2409980218,0.72212034,0.020023564,-0.16265388,0.67207515,0.71633524,-7.848939e-10,2.6020643e-09,0.6977563,1
2409985560,2409985044,0.72187036,0.019404843,-0.1629056,0.67230093,0.71633524,-7.848939e-10,2.6020643e-09,0.6977563,1
2409990682,2409990114,0.7216628,0.018781506,-0.16305165,0.672506,0.71633524,-7.848939e-10,2.6020643e-09,0.6977563,1
2410003040,2410000279,0.7212116,0.017599659,-0.16301253,0.6730313,0.71633524,-7.848939e-10,2.6020643e-09,0.6977563,1
2410012826,2410010315,0.7208526,0.016409837,-0.16255988,0.67355525,0.71633524,-7.848939e-10,2.6020643e-09,0.6977563,1
2410020972,2410020410,0.7204243,0.015173812,-0.16184808,0.6742135,0.71633524,-7.848939e-10,2.6020643e-09,0.6977563,1
2410032212,2410031812,0.72002596,0.013710139,-0.16071779,0.6749403,0.71633524,-7.848939e-10,2.6020643e-09,0.6977563,1
2410037526,2410036817,0.7199087,0.013110829,-0.16002999,0.67524064,0.71633524,-7.848939e-10,2.6020643e-09,0.6977563,1
2410047674,2410046928,0.71955895,0.011639903,-0.15835676,0.67603445,0.71633524,-7.848939e-10,2.6020643e-09,0.6977563,1
2410056246,2410052245,0.7194099,0.010802404,-0.15730678,0.67645204,0.71633524,-7.848939e-10,2.6020643e-09,0.6977563,1
2410057663,2410057199,0.7192441,0.010060722,-0.15622304,0.6768907,0.71633524,-7.848939e-10,2.6020643e-09,0.6977563,1
2410068023,2410067167,0.7190134,0.00858988,-0.15367734,0.67773837,0.71633524,-7.848939e-10,2.6020643e-09,0.6977563,1
2410072756,2410072204,0.71889585,0.007879352,-0.15227202,0.6781888,0.71633524,-7.848939e-10,2.6020643e-09,0.6977563,1
2410081697,2410077276,0.7187765,0.007082691,-0.15075737,0.6786622,0.71633524,-7.848939e-10,2.6020643e-09,0.6977563,1
2410087991,2410087430,0.7185759,0.005544228,-0.14753844,0.67959577,0.71633524,-7.848939e-10,2.6020643e-09,0.6977563,1
2410097022,2410092973,0.7184465,0.0046201996,-0.14574316,0.68012667,0.71633524,-7.848939e-10,2.6020643e-09,0.6977563,1
2410097914,2410097474,0.718364,0.003982819,-0.14417213,0.6805526,0.71633524,-7.848939e-10,2.6020643e-09,0.6977563,1
2410107063,2410106294,0.7181522,0.0027068541,-0.1410316,0.6814398,0.71633524,-7.848939e-10,2.6020643e-09,0.6977563,1
2410111883,2410111374,0.7180543,0.0020520184,-0.13916014,0.6819299,0.71633524,-7.848939e-10,2.6020643e-09,0.6977563,1
2410117253,2410116536,0.7179458,0.0013728891,-0.13716084,0.6824506,0.71633524,-7.848939e-10,2.6020643e-09,0.6977563,1
2410122122,2410121508,0.7178493,0.0007806532,-0.13524063,0.6829361,0.71633524,-7.848939e-10,2.6020643e-09,0.6977563,1
2410132292,2410126521,0.7177368,0.00022742432,-0.13323265,0.6834493,0.71633524,-7.848939e-10,2.6020643e-09,0.6977563,1
2410137232,2410136641,0.71749955,-0.0008646295,-0.12905657,0.6844984,0.71633524,-7.848939e-10,2.6020643e-09,0.6977563,1
2410157544,2410156863,0.7169799,-0.0027821383,-0.12002435,0.6866777,0.71633524,-7.848939e-10,2.6020643e-09,0.6977563,1
2410162606,2410161955,0.7168411,-0.0031464614,-0.11767761,0.687227,0.71633524,-7.848939e-10,2.6020643e-09,0.6977563,1
2410173094,2410172651,0.7165389,-0.0038519816,-0.11268485,0.6883744,0.71633524,-7.848939e-10,2.6020643e-09,0.6977563,1
2410177730,2410177073,0.716404,-0.0041572424,-0.11059581,0.6888517,0.71633524,-7.848939e-10,2.6020643e-09,0.6977563,1
2410182717,2410182098,0.71626836,-0.004406981,-0.10819843,0.68937176,0.71633524,-7.848939e-10,2.6020643e-09,0.6977563,1
2410192726,2410192185,0.71593684,-0.004951481,-0.10335119,0.69045526,0.71633524,-7.848939e-10,2.6020643e-09,0.6977563,1
2410201699,2410197445,0.7157788,-0.0050739176,-0.1007445,0.69100326,0.71633524,-7.848939e-10,2.6020643e-09,0.6977563,1
2410208043,2410206157,0.71547675,-0.005465943,-0.09656837,0.6919088,0.71633524,-7.848939e-10,2.6020643e-09,0.6977563,1
2410216850,2410216260,0.71510476,-0.005707085,-0.09168031,0.69295555,0.71633524,-7.848939e-10,2.6020643e-09,0.6977563,1
2410226891,2410221224,0.71490985,-0.0058674095,-0.0892849,0.6934679,0.71633524,-7.848939e-10,2.6020643e-09,0.6977563,1
2410228959,2410226341,0.7146949,-0.005982567,-0.0867911,0.6940049,0.71633524,-7.848939e-10,2.6020643e-09,0.6977563,1
2410232240,2410231586,0.7144596,-0.006226723,-0.08427896,0.6945544,0.71633524,-7.848939e-10,2.6020643e-09,0.6977563,1
2410237084,2410236476,0.71425486,-0.0063412166,-0.081913725,0.6950467,0.71633524,-7.848939e-10,2.6020643e-09,0.6977563,1
2410242013,2410241457,0.71399844,-0.006490294,-0.079500325,0.6955889,0.71633524,-7.848939e-10,2.6020643e-09,0.6977563,1
2410247176,2410246543,0.71378237,-0.006595659,-0.07704943,0.6960853,0.71633524,-7.848939e-10,2.6020643e-09,0.6977563,1
2410252295,2410251662,0.713513,-0.0066642193,-0.074568525,0.69663066,0.71633524,-7.848939e-10,2.6020643e-09,0.6977563,1
2410263490,2410262964,0.7129106,-0.0067713927,-0.069027446,0.69781655,0.71633524,-7.848939e-10,2.6020643e-09,0.6977563,1
2410272469,2410271866,0.71243227,-0.0067187003,-0.06467725,0.69872177,0.71633524,-7.848939e-10,2.6020643e-09,0.6977563,1
2410282464,2410276872,0.71213394,-0.006712119,-0.062196754,0.6992509,0.71633524,-7.848939e-10,2.6020643e-09,0.6977563,1
2410284575,2410283314,0.7117503,-0.006600685,-0.059024714,0.69991714,0.71633524,-7.848939e-10,2.6020643e-09,0.6977563,1
2410288852,2410288238,0.7114616,-0.0065162475,-0.056637395,0.7004086,0.71633524,-7.848939e-10,2.6020643e-09,0.6977563,1
2410299016,2410298292,0.71079206,-0.0062400564,-0.051835477,0.701462,0.71633524,-7.848939e-10,2.6020643e-09,0.6977563,1
2410307747,2410307220,0.71023405,-0.005918175,-0.04771016,0.7023221,0.71633524,-7.848939e-10,2.6020643e-09,0.6977563,1
2410313030,2410312332,0.70981157,-0.005705168,-0.045311183,0.7029096,0.71633524,-7.848939e-10,2.6020643e-09,0.6977563,1
2410317868,2410317283,0.70947784,-0.00552822,-0.0430565,0.7033895,0.71633524,-7.848939e-10,2.6020643e-09,0.6977563,1
2410327902,2410327422,0.7087274,-0.0051107462,-0.03854544,0.70441014,0.71633524,-7.848939e-10,2.6020643e-09,0.6977563,1
2410336927,2410332680,0.70836544,-0.0048833955,-0.036248595,0.7048976,0.71633524,-7.848939e-10,2.6020643e-09,0.6977563,1
2410343232,2410342538,0.7076136,-0.004485245,-0.03191907,0.7058641,0.71633524,-7.848939e-10,2.6020643e-09,0.6977563,1
2410352113,2410347958,0.7072518,-0.00424142,-0.0295862,0.70632964,0.71633524,-7.848939e-10,2.6020643e-09,0.6977563,1
2410358270,2410357776,0.7065297,-0.003834607,-0.02536942,0.7072182,0.71633524,-7.848939e-10,2.6020643e-09,0.6977563,1
2410363368,2410362769,0.7061421,-0.0036944887,-0.023229048,0.7076794,0.71633524,-7.848939e-10,2.6020643e-09,0.6977563,1
2410368466,2410367817,0.7057704,-0.003528434,-0.021089572,0.70811796,0.71633524,-7.848939e-10,2.6020643e-09,0.6977563,1
2410373580,2410372851,0.70540315,-0.0033051425,-0.018966988,0.7085448,0.71633524,-7.848939e-10,2.6020643e-09,0.6977563,1
2410378553,2410377887,0.7049981,-0.0031555488,-0.01684894,0.7090021,0.71633524,-7.848939e-10,2.6020643e-09,0.6977563,1
2410387503,2410383034,0.7046094,-0.002816952,-0.014749382,0.70943654,0.71633524,-7.848939e-10,2.6020643e-09,0.6977563,1
2410399977,2410399343,0.70331204,-0.0018005151,-0.0082613835,0.710831,0.71633524,-7.848939e-10,2.6020643e-09,0.6977563,1
2410408845,2410408247,0.7026712,-0.0011738896,-0.004893896,0.7114969,0.71633524,-7.848939e-10,2.6020643e-09,0.6977563,1
2410414017,2410413270,0.70224184,-0.00077779195,-0.0030238386,0.71193165,0.71633524,-7.848939e-10,2.6020643e-09,0.6977563,1
2410425186,2410424646,0.7012952,-7.072741e-05,0.0011386408,0.7128701,0.71633524,-7.848939e-10,2.6020643e-09,0.6977563,1
2410434193,2410433567,0.7006237,0.0005335004,0.0043050307,0.7135178,0.71633524,-7.848939e-10,2.6020643e-09,0.6977563,1
2410439214,2410438576,0.7002435,0.0009104197,0.0060021416,0.71387833,0.71633524,-7.848939e-10,2.6020643e-09,0.6977563,1
2410449585,2410448731,0.69942695,0.001594533,0.00942841,0.7146402,0.71633524,-7.848939e-10,2.6020643e-09,0.6977563,1
2410454598,2410453868,0.69899005,0.0019492508,0.011115229,0.71504235,0.71633524,-7.848939e-10,2.6020643e-09,0.6977563,1
2410459540,2410458961,0.6985937,0.0023387347,0.01275251,0.7154012,0.71633524,-7.848939e-10,2.6020643e-09,0.6977563,1
2410464441,2410463799,0.69831914,0.002698497,0.014282397,0.71563894,0.71633524,-7.848939e-10,2.6020643e-09,0.6977563,1
2410469483,2410468859,0.6979019,0.0030758462,0.015874425,0.71601087,0.71633524,-7.848939e-10,2.6020643e-09,0.6977563,1
2410474485,2410473884,0.69754255,0.003467399,0.017425878,0.7163231,0.71633524,-7.848939e-10,2.6020643e-09,0.6977563,1
2410479587,2410479001,0.6971948,0.0038487632,0.018989021,0.71661985,0.71633524,-7.848939e-10,2.6020643e-09,0.6977563,1
2410484616,2410484047,0.6967793,0.0041690436,0.020502565,0.7169804,0.71633524,-7.848939e-10,2.6020643e-09,0.6977563,1
2410493278,2410489523,0.69639194,0.0046613,0.022094734,0.7173064,0.71633524,-7.848939e-10,2.6020643e-09,0.6977563,1
2410494782,2410494353,0.6960416,0.004956406,0.023481011,0.71760035,0.71633524,-7.848939e-10,2.6020643e-09,0.6977563,1
2410499759,2410499204,0.6956787,0.0052883755,0.024825899,0.71790457,0.71633524,-7.848939e-10,2.6020643e-09,0.6977563,1
2410508628,2410504475,0.69531703,0.0056828945,0.026226677,0.71820205,0.71633524,-7.848939e-10,2.6020643e-09,0.6977563,1
2410517108,2410515747,0.6945416,0.006474276,0.029177273,0.7188316,0.71633524,-7.848939e-10,2.6020643e-09,0.6977563,1
2410526536,2410524524,0.6939724,0.0070397416,0.031470176,0.71927917,0.71633524,-7.848939e-10,2.6020643e-09,0.6977563,1
2410530323,2410529728,0.693693,0.0074583585,0.03273472,0.71948797,0.71633524,-7.848939e-10,2.6020643e-09,0.6977563,1
2410541682,2410539706,0.69307864,0.008037029,0.03519483,0.7199575,0.71633524,-7.848939e-10,2.6020643e-09,0.6977563,1
2410545393,2410544700,0.69279885,0.008434642,0.03632413,0.7201661,0.71633524,-7.848939e-10,2.6020643e-09,0.6977563,1
2410559162,2410558534,0.69191235,0.009294181,0.03950035,0.7208402,0.71633524,-7.848939e-10,2.6020643e-09,0.6977563,1
2410569057,2410568638,0.6913525,0.010009519,0.04165716,0.7212463,0.71633524,-7.848939e-10,2.6020643e-09,0.6977563,1
2410579285,2410577466,0.69094455,0.010572127,0.04347087,0.7215221,0.71633524,-7.848939e-10,2.6020643e-09,0.6977563,1
2410583141,2410582571,0.6906733,0.010897286,0.044497054,0.72171444,0.71633524,-7.848939e-10,2.6020643e-09,0.6977563,1
2410588106,2410587558,0.6904007,0.011172511,0.045474444,0.72191006,0.71633524,-7.848939e-10,2.6020643e-09,0.6977563,1
2410593266,2410592645,0.69019836,0.011486566,0.046405923,0.72203934,0.71633524,-7.848939e-10,2.6020643e-09,0.6977563,1
2410598308,2410597662,0.689959,0.011745594,0.047330175,0.7222039,0.71633524,-7.848939e-10,2.6020643e-09,0.6977563,1
2410609338,2410608226,0.68952256,0.01228179,0.04911243,0.72249275,0.71633524,-7.848939e-10,2.6020643e-09,0.6977563,1
2410613522,2410612926,0.68931127,0.01253043,0.049916897,0.72263503,0.71633524,-7.848939e-10,2.6020643e-09,0.6977563,1
2410618506,2410617913,0.6890653,0.012747935,0.050695457,0.72281164,0.71633524,-7.848939e-10,2.6020643e-09,0.6977563,1
2410628810,2410622992,0.6889132,0.012974273,0.05149939,0.7228956,0.71633524,-7.848939e-10,2.6020643e-09,0.6977563,1
2410634053,2410633492,0.6885214,0.013497207,0.05304875,0.7231473,0.71633524,-7.848939e-10,2.6020643e-09,0.6977563,1
2410644880,2410644442,0.6881721,0.014083905,0.054529767,0.72335833,0.71633524,-7.848939e-10,2.6020643e-09,0.6977563,1
2410650105,2410649514,0.68807244,0.014328592,0.0552069,0.723397,0.71633524,-7.848939e-10,2.6020643e-09,0.6977563,1
2410655118,2410654531,0.68791187,0.014641281,0.055813577,0.7234969,0.71633524,-7.848939e-10,2.6020643e-09,0.6977563,1
2410663955,2410659604,0.68776953,0.014918174,0.05640108,0.72358096,0.71633524,-7.848939e-10,2.6020643e-09,0.6977563,1
2410670270,2410669666,0.68754125,0.015402065,0.05754828,0.7236975,0.71633524,-7.848939e-10,2.6020643e-09,0.6977563,1
2410679146,2410678511,0.6873048,0.015865333,0.05845749,0.7238392,0.71633524,-7.848939e-10,2.6020643e-09,0.6977563,1
2410684225,2410683612,0.6872235,0.01601834,0.05900947,0.72386825,0.71633524,-7.848939e-10,2.6020643e-09,0.6977563,1
2410689428,2410688607,0.6871163,0.016232524,0.059472434,0.7239274,0.71633524,-7.848939e-10,2.6020643e-09,0.6977563,1
2410694138,2410693667,0.6870022,0.01646247,0.059906125,0.7239947,0.71633524,-7.848939e-10,2.6020643e-09,0.6977563,1
2410705725,2410703845,0.6868875,0.016816305,0.060787603,0.72402185,0.71633524,-7.848939e-10,2.6020643e-09,0.6977563,1
2410709813,2410709193,0.68681383,0.017057624,0.061223075,0.7240494,0.71633524,-7.848939e-10,2.6020643e-09,0.6977563,1
2410714435,2410713914,0.6867681,0.017224059,0.061563984,0.7240599,0.71633524,-7.848939e-10,2.6020643e-09,0.6977563,1
2410719527,2410718932,0.6867177,0.01744294,0.061900903,0.7240738,0.71633524,-7.848939e-10,2.6020643e-09,0.6977563,1
2410724484,2410723981,0.6866703,0.017717244,0.06222682,0.7240842,0.71633524,-7.848939e-10,2.6020643e-09,0.6977563,1
2410733363,2410729609,0.68661875,0.01790329,0.062627755,0.724094,0.71633524,-7.848939e-10,2.6020643e-09,0.6977563,1
2410741845,2410740917,0.68656665,0.018474119,0.06322806,0.7240768,0.71633524,-7.848939e-10,2.6020643e-09,0.6977563,1
2410745951,2410745436,0.68655896,0.01868893,0.0634234,0.7240615,0.71633524,-7.848939e-10,2.6020643e-09,0.6977563,1
2410756140,2410755750,0.6865259,0.019104797,0.063890174,0.7240409,0.71633524,-7.848939e-10,2.6020643e-09,0.6977563,1
2410766504,2410765716,0.686515,0.019408543,0.064296365,0.72400725,0.71633524,-7.848939e-10,2.6020643e-09,0.6977563,1
2410771188,2410770717,0.68648267,0.019439692,0.064507015,0.7240184,0.71633524,-7.848939e-10,2.6020643e-09,0.6977563,1
2410780334,2410775839,0.686579,0.019576492,0.064648,0.72391075,0.71633524,-7.848939e-10,2.6020643e-09,0.6977563,1
2410786426,2410785869,0.68659914,0.01972925,0.06490252,0.7238647,0.71633524,-7.848939e-10,2.6020643e-09,0.6977563,1
2410791533,2410790954,0.6866679,0.019857924,0.06492094,0.7237942,0.71633524,-7.848939e-10,2.6020643e-09,0.6977563,1
2410796450,2410795970,0.6866587,0.019974032,0.06496625,0.7237957,0.71633524,-7.848939e-10,2.6020643e-09,0.6977563,1
2410806618,2410806141,0.686778,0.02028084,0.06486573,0.723683,0.71633524,-7.848939e-10,2.6020643e-09,0.6977563,1
2410811873,2410811182,0.68673265,0.020486943,0.06481783,0.7237246,0.71633524,-7.848939e-10,2.6020643e-09,0.6977563,1
2410821929,2410816357,0.68683666,0.020669196,0.06472114,0.72362936,0.71633524,-7.848939e-10,2.6020643e-09,0.6977563,1
2410824185,2410823632,0.68683136,0.020898066,0.06463114,0.7236358,0.71633524,-7.848939e-10,2.6020643e-09,0.6977563,1
2410833413,2410832633,0.68697387,0.021167062,0.06449084,0.7235052,0.71633524,-7.848939e-10,2.6020643e-09,0.6977563,1
2410843310,2410842735,0.6870499,0.021274576,0.06436791,0.72344077,0.71633524,-7.848939e-10,2.6020643e-09,0.6977563,1
2410854022,2410852931,0.6871564,0.0212799,0.06418272,0.72335595,0.71633524,-7.848939e-10,2.6020643e-09,0.6977563,1
2410863612,2410863002,0.6873556,0.021267036,0.06399998,0.7231833,0.71633524,-7.848939e-10,2.6020643e-09,0.6977563,1
2410868635,2410868022,0.68736935,0.02127737,0.063851826,0.723183,0.71633524,-7.848939e-10,2.6020643e-09,0.6977563,1
2410873726,2410873069,0.68750274,0.0212963,0.06369594,0.72306937,0.71633524,-7.848939e-10,2.6020643e-09,0.6977563,1
2410878766,2410878171,0.6875615,0.021330487,0.063537695,0.72302645,0.71633524,-7.848939e-10,2.6020643e-09,0.6977563,1
2410883737,2410883188,0.6876367,0.021386914,0.06330906,0.7229733,0.71633524,-7.848939e-10,2.6020643e-09,0.6977563,1
2410895095,2410893258,0.68789226,0.021455983,0.06282931,0.72277,0.71633524,-7.848939e-10,2.6020643e-09,0.6977563,1
2410905080,2410904675,0.6881581,0.021463754,0.06219871,0.7225712,0.71633524,-7.848939e-10,2.6020643e-09,0.6977563,1
2410910234,2410909684,0.6882414,0.021453695,0.061830558,0.72252375,0.71633524,-7.848939e-10,2.6020643e-09,0.6977563,1
2410915466,2410914755,0.6884184,0.02138164,0.061515816,0.7223841,0.71633524,-7.848939e-10,2.6020643e-09,0.6977563,1
2410926671,2410926161,0.6887054,0.021218374,0.06070287,0.72218406,0.71633524,-7.848939e-10,2.6020643e-09,0.6977563,1
2410931756,2410931176,0.6888364,0.021113845,0.060390156,0.7220884,0.71633524,-7.848939e-10,2.6020643e-09,0.6977563,1
2410936797,2410936233,0.68895656,0.021028578,0.06005019,0.7220046,0.71633524,-7.848939e-10,2.6020643e-09,0.6977563,1
2410941916,2410941310,0.6891521,0.020903364,0.05977969,0.721844,0.71633524,-7.848939e-10,2.6020643e-09,0.6977563,1
2410951875,2410946318,0.6892551,0.020791452,0.059458535,0.7217754,0.71633524,-7.848939e-10,2.6020643e-09,0.6977563,1
2410954449,2410953809,0.6895137,0.020650666,0.05899878,0.7215702,0.71633524,-7.848939e-10,2.6020643e-09,0.6977563,1
2410958202,2410957672,0.68959963,0.020593403,0.058722742,0.72151226,0.71633524,-7.848939e-10,2.6020643e-09,0.6977563,1
2410963361,2410962758,0.6896993,0.020575054,0.058342107,0.7214484,0.71633524,-7.848939e-10,2.6020643e-09,0.6977563,1
2410968341,2410967785,0.68985933,0.020506829,0.05799074,0.72132564,0.71633524,-7.848939e-10,2.6020643e-09,0.6977563,1
2410977238,2410972852,0.6899443,0.020416304,0.057578832,0.7212799,0.71633524,-7.848939e-10,2.6020643e-09,0.6977563,1
2410983510,2410977908,0.69008976,0.020397322,0.05716401,0.72117436,0.71633524,-7.848939e-10,2.6020643e-09,0.6977563,1
2410985214,2410984738,0.6902788,0.02026274,0.056597866,0.7210418,0.71633524,-7.848939e-10,2.6020643e-09,0.6977563,1
2410989791,2410989275,0.69040257,0.020202069,0.056207545,0.7209556,0.71633524,-7.848939e-10,2.6020643e-09,0.6977563,1
2410994964,2410994334,0.69052213,0.02000593,0.055811044,0.72087735,0.71633524,-7.848939e-10,2.6020643e-09,0.6977563,1
2411000099,2410999343,0.69066507,0.01986387,0.055382513,0.7207774,0.71633524,-7.848939e-10,2.6020643e-09,0.6977563,1
2411009068,2411005084,0.69082737,0.019744026,0.05486368,0.72066486,0.71633524,-7.848939e-10,2.6020643e-09,0.6977563,1
2411009896,2411009452,0.69094485,0.019565204,0.05449749,0.7205848,0.71633524,-7.848939e-10,2.6020643e-09,0.6977563,1
2411020287,2411017149,0.6911677,0.019283606,0.053800628,0.720431,0.71633524,-7.848939e-10,2.6020643e-09,0.6977563,1
2411022855,2411022326,0.6913372,0.019128738,0.05329292,0.7203102,0.71633524,-7.848939e-10,2.6020643e-09,0.6977563,1
2411031567,2411027201,0.69149697,0.019019814,0.052834816,0.7201935,0.71633524,-7.848939e-10,2.6020643e-09,0.6977563,1
2411032645,2411032214,0.6916173,0.018814541,0.05244453,0.72011185,0.71633524,-7.848939e-10,2.6020643e-09,0.6977563,1
2411041577,2411041037,0.6919486,0.018530171,0.05162539,0.71986014,0.71633524,-7.848939e-10,2.6020643e-09,0.6977563,1
2411050429,2411049906,0.6921466,0.018224642,0.050908044,0.71972865,0.71633524,-7.848939e-10,2.6020643e-09,0.6977563,1
2411055511,2411054946,0.69231266,0.018020825,0.050472833,0.7196048,0.71633524,-7.848939e-10,2.6020643e-09,0.6977563,1
2411060560,2411060007,0.69249696,0.017912026,0.049952425,0.7194664,0.71633524,-7.848939e-10,2.6020643e-09,0.6977563,1
2411069351,2411065094,0.6925946,0.017751278,0.04952596,0.7194059,0.71633524,-7.848939e-10,2.6020643e-09,0.6977563,1
2411077541,2411075223,0.6929178,0.017477974,0.04851764,0.71917003,0.71633524,-7.848939e-10,2.6020643e-09,0.6977563,1
2411080728,2411080193,0.6930251,0.017348615,0.048064824,0.7191002,0.71633524,-7.848939e-10,2.6020643e-09,0.6977563,1
2411089596,2411089023,0.69324726,0.017109085,0.047153775,0.7189521,0.71633524,-7.848939e-10,2.6020643e-09,0.6977563,1
2411099796,2411094068,0.6934441,0.01696926,0.046624023,0.7188002,0.71633524,-7.848939e-10,2.6020643e-09,0.6977563,1
2411101522,2411100499,0.6935862,0.016747916,0.045940302,0.7187123,0.71633524,-7.848939e-10,2.6020643e-09,0.6977563,1
2411111169,2411110488,0.69391406,0.016369622,0.04487465,0.71847177,0.71633524,-7.848939e-10,2.6020643e-09,0.6977563,1
2411116140,2411115592,0.6940525,0.016164077,0.044313587,0.71837753,0.71633524,-7.848939e-10,2.6020643e-09,0.6977563,1
2411121081,2411120591,0.6942447,0.015925879,0.043777253,0.71822995,0.71633524,-7.848939e-10,2.6020643e-09,0.6977563,1
2411130103,2411125756,0.69441587,0.015685527,0.043256577,0.7181013,0.71633524,-7.848939e-10,2.6020643e-09,0.6977563,1
2411136441,2411135774,0.6947423,0.015172923,0.042173814,0.717861,0.71633524,-7.848939e-10,2.6020643e-09,0.6977563,1
2411141502,2411140896,0.69485724,0.014906831,0.041641776,0.7177864,0.71633524,-7.848939e-10,2.6020643e-09,0.6977563,1
2411152039,2411151555,0.69521797,0.014379412,0.040508162,0.7175126,0.71633524,-7.848939e-10,2.6020643e-09,0.6977563,1
2411161623,2411161056,0.6954987,0.013959844,0.039453734,0.7173075,0.71633524,-7.848939e-10,2.6020643e-09,0.6977563,1
2411170428,2411166587,0.6957562,0.013742876,0.038839348,0.71709555,0.71633524,-7.848939e-10,2.6020643e-09,0.6977563,1
2411176772,2411176203,0.69602066,0.0134072965,0.03774609,0.71690357,0.71633524,-7.848939e-10,2.6020643e-09,0.6977563,1
2411182009,2411181381,0.6961854,0.013157824,0.037183687,0.7167776,0.71633524,-7.848939e-10,2.6020643e-09,0.6977563,1
2411192610,2411191520,0.69646657,0.012722297,0.035971582,0.71657425,0.71633524,-7.848939e-10,2.6020643e-09,0.6977563,1
2411202243,2411200474,0.6967178,0.0122968145,0.0349507,0.7163879,0.71633524,-7.848939e-10,2.6020643e-09,0.6977563,1
2411205939,2411205369,0.69687295,0.0120328395,0.034351632,0.7162704,0.71633524,-7.848939e-10,2.6020643e-09,0.6977563,1
2411210892,2411210328,0.6970091,0.0118090045,0.033758387,0.71616983,0.71633524,-7.848939e-10,2.6020643e-09,0.6977563,1
2411222223,2411221690,0.697303,0.011174919,0.03249508,0.7159524,0.71633524,-7.848939e-10,2.6020643e-09,0.6977563,1
2411232334,2411231785,0.69752026,0.010548583,0.031417444,0.7157983,0.71633524,-7.848939e-10,2.6020643e-09,0.6977563,1
2411237416,2411236829,0.6976368,0.010290773,0.030852128,0.7157131,0.71633524,-7.848939e-10,2.6020643e-09,0.6977563,1
2411242591,2411241925,0.69775444,0.009983449,0.030329732,0.71562505,0.71633524,-7.848939e-10,2.6020643e-09,0.6977563,1
2411247659,2411246971,0.6979019,0.009683206,0.029745921,0.7155099,0.71633524,-7.848939e-10,2.6020643e-09,0.6977563,1
2411256579,2411252196,0.69805056,0.009401501,0.029202797,0.71539104,0.71633524,-7.848939e-10,2.6020643e-09,0.6977563,1
2411257517,2411257104,0.6981472,0.009080926,0.02869475,0.7153214,0.71633524,-7.848939e-10,2.6020643e-09,0.6977563,1
2411262673,2411262098,0.6982839,0.008744865,0.028156959,0.71521354,0.71633524,-7.848939e-10,2.6020643e-09,0.6977563,1
2411267749,2411267219,0.69842815,0.008441609,0.027641011,0.7150965,0.71633524,-7.848939e-10,2.6020643e-09,0.6977563,1
2411277746,2411277263,0.6986666,0.0078102173,0.02661592,0.7149096,0.71633524,-7.848939e-10,2.6020643e-09,0.6977563,1
2411286659,2411282323,0.6988123,0.007529546,0.026070135,0.7147903,0.71633524,-7.848939e-10,2.6020643e-09,0.6977563,1
2411293065,2411292399,0.6990123,0.006878648,0.02503631,0.71463823,0.71633524,-7.848939e-10,2.6020643e-09,0.6977563,1
2411301817,2411297498,0.6991484,0.006571733,0.024504276,0.7145264,0.71633524,-7.848939e-10,2.6020643e-09,0.6977563,1
2411303192,2411302689,0.6991819,0.0062369616,0.023986744,0.71451414,0.71633524,-7.848939e-10,2.6020643e-09,0.6977563,1
2411313457,2411312607,0.6994851,0.0056429887,0.022940593,0.71425664,0.71633524,-7.848939e-10,2.6020643e-09,0.6977563,1
2411318275,2411317735,0.69954544,0.005320212,0.022418747,0.71421665,0.71633524,-7.848939e-10,2.6020643e-09,0.6977563,1
2411329530,2411329112,0.6998302,0.0046075764,0.021289196,0.71397716,0.71633524,-7.848939e-10,2.6020643e-09,0.6977563,1
2411339786,2411339218,0.7000923,0.003936404,0.020340761,0.7137518,0.71633524,-7.848939e-10,2.6020643e-09,0.6977563,1
2411344795,2411344214,0.7001662,0.0036425753,0.019837337,0.713695,0.71633524,-7.848939e-10,2.6020643e-09,0.6977563,1
2411350149,2411349237,0.70025927,0.0033594372,0.01931178,0.7136195,0.71633524,-7.848939e-10,2.6020643e-09,0.6977563,1
2411359887,2411354277,0.7003663,0.0029866982,0.018850459,0.71352845,0.71633524,-7.848939e-10,2.6020643e-09,0.6977563,1
2411364946,2411364402,0.70053464,0.0023594864,0.017789066,0.7133928,0.71633524,-7.848939e-10,2.6020643e-09,0.6977563,1
2411370025,2411369479,0.7006544,0.0020007396,0.017306061,0.7132881,0.71633524,-7.848939e-10,2.6020643e-09,0.6977563,1
2411375163,2411374631,0.7007344,0.0017255388,0.016689293,0.713225,0.71633524,-7.848939e-10,2.6020643e-09,0.6977563,1
2411380174,2411379593,0.7008164,0.00149077,0.016216997,0.71315587,0.71633524,-7.848939e-10,2.6020643e-09,0.6977563,1
2411385151,2411384601,0.7009051,0.0011975005,0.015728887,0.7130801,0.71633524,-7.848939e-10,2.6020643e-09,0.6977563,1
2411396152,2411395606,0.70110065,0.00078942935,0.014627639,0.7129119,0.71633524,-7.848939e-10,2.6020643e-09,0.6977563,1
2411400360,2411399783,0.7011716,0.00057958555,0.014235467,0.71285033,0.71633524,-7.848939e-10,2.6020643e-09,0.6977563,1
2411410429,2411404841,0.7013054,0.0003813469,0.0137349935,0.71272856,0.71633524,-7.848939e-10,2.6020643e-09,0.6977563,1
2411411783,2411411193,0.7013446,4.7997575e-05,0.01320372,0.71270007,0.71633524,-7.848939e-10,2.6020643e-09,0.6977563,1
2411417077,2411416317,0.70151836,-0.00014764252,0.012695461,0.71253824,0.71633524,-7.848939e-10,2.6020643e-09,0.6977563,1
2411421804,2411421261,0.70158327,-0.00040298697,0.0122851515,0.71248156,0.71633524,-7.848939e-10,2.6020643e-09,0.6977563,1
2411430678,2411426461,0.7016281,-0.00069680595,0.011861452,0.7124444,0.71633524,-7.848939e-10,2.6020643e-09,0.6977563,1
2411431768,2411431356,0.7017633,-0.00093887455,0.011446508,0.7123177,0.71633524,-7.848939e-10,2.6020643e-09,0.6977563,1
2411437058,2411436436,0.70181364,-0.0012203928,0.0110500995,0.71227384,0.71633524,-7.848939e-10,2.6020643e-09,0.6977563,1
2411442473,2411441812,0.7018514,-0.0015137467,0.010604547,0.71224284,0.71633524,-7.848939e-10,2.6020643e-09,0.6977563,1
2411447671,2411446714,0.70202446,-0.0017382557,0.0101762125,0.71207803,0.71633524,-7.848939e-10,2.6020643e-09,0.6977563,1
2411452118,2411451603,0.7020659,-0.002001613,0.009792131,0.71204185,0.71633524,-7.848939e-10,2.6020643e-09,0.6977563,1
2411457338,2411456636,0.7021168,-0.0022266244,0.009373084,0.71199673,0.71633524,-7.848939e-10,2.6020643e-09,0.6977563,1
2411467308,2411461898,0.70223093,-0.0024422277,0.008903148,0.71188945,0.71633524,-7.848939e-10,2.6020643e-09,0.6977563,1
2411472225,2411471784,0.70232147,-0.0027569958,0.008016943,0.71180946,0.71633524,-7.848939e-10,2.6020643e-09,0.6977563,1
2411477468,2411476860,0.70241505,-0.0029474753,0.0075843553,0.7117212,0.71633524,-7.848939e-10,2.6020643e-09,0.6977563,1
2411482516,2411481913,0.7024908,-0.0031347328,0.0071816463,0.7116497,0.71633524,-7.848939e-10,2.6020643e-09,0.6977563,1
2411491329,2411486965,0.70252955,-0.0032629243,0.0067093736,0.71161556,0.71633524,-7.848939e-10,2.6020643e-09,0.6977563,1
2411497574,2411497022,0.70268106,-0.0036111593,0.0058874395,0.7114715,0.71633524,-7.848939e-10,2.6020643e-09,0.6977563,1
2411502620,2411502081,0.70272607,-0.0037539396,0.005418821,0.71143,0.71633524,-7.848939e-10,2.6020643e-09,0.6977563,1
2411507745,2411507173,0.70277554,-0.0038871516,0.005068475,0.711383,0.71633524,-7.848939e-10,2.6020643e-09,0.6977563,1
2411512745,2411512210,0.702857,-0.004097701,0.0046247365,0.7113044,0.71633524,-7.848939e-10,2.6020643e-09,0.6977563,1
2411517792,2411517233,0.7029514,-0.004193197,0.0041477834,0.71121347,0.71633524,-7.848939e-10,2.6020643e-09,0.6977563,1
2411526771,2411522337,0.7029898,-0.004350522,0.0037615316,0.71117663,0.71633524,-7.848939e-10,2.6020643e-09,0.6977563,1
2411534101,2411532409,0.7031288,-0.004667531,0.002909412,0.7110413,0.71633524,-7.848939e-10,2.6020643e-09,0.6977563,1
2411538346,2411537658,0.7031581,-0.0048892316,0.00255905,0.7110122,0.71633524,-7.848939e-10,2.6020643e-09,0.6977563,1
2411543343,2411542651,0.7032178,-0.0050783767,0.0021817281,0.71095306,0.71633524,-7.848939e-10,2.6020643e-09,0.6977563,1
2411554360,2411552611,0.70334494,-0.0053837197,0.001422394,0.7108269,0.71633524,-7.848939e-10,2.6020643e-09,0.6977563,1
2411564657,2411564171,0.7034566,-0.005764193,0.00056129403,0.71071464,0.71633524,-7.848939e-10,2.6020643e-09,0.6977563,1
2411574643,2411574096,0.7035567,-0.0060407477,-0.000117603,0.7106135,0.71633524,-7.848939e-10,2.6020643e-09,0.6977563,1
2411579760,2411579175,0.7035284,-0.006191382,-0.00041915686,0.71064013,0.71633524,-7.848939e-10,2.6020643e-09,0.6977563,1
2411589797,2411589284,0.7036299,-0.006367623,-0.0010976358,0.71053725,0.71633524,-7.848939e-10,2.6020643e-09,0.6977563,1
2411598615,2411594332,0.70359427,-0.0064978967,-0.0013899659,0.7105709,0.71633524,-7.848939e-10,2.6020643e-09,0.6977563,1
2411600132,2411599622,0.70362073,-0.0064843893,-0.0017632555,0.71054393,0.71633524,-7.848939e-10,2.6020643e-09,0.6977563,1
2411604997,2411604412,0.70365196,-0.0065423585,-0.0020368875,0.7105118,0.71633524,-7.848939e-10,2.6020643e-09,0.6977563,1
2411610048,2411609461,0.7036599,-0.006562866,-0.002346685,0.71050274,0.71633524,-7.848939e-10,2.6020643e-09,0.6977563,1
2411619937,2411619574,0.70368916,-0.00656316,-0.0029403204,0.71047163,0.71633524,-7.848939e-10,2.6020643e-09,0.6977563,1
2411625259,2411624718,0.7037219,-0.0065550474,-0.0032839414,0.7104378,0.71633524,-7.848939e-10,2.6020643e-09,0.6977563,1
2411635403,2411629721,0.7037182,-0.006544544,-0.0035942574,0.71044,0.71633524,-7.848939e-10,2.6020643e-09,0.6977563,1
2411637224,2411634798,0.7037444,-0.0065523204,-0.0038592508,0.71041256,0.71633524,-7.848939e-10,2.6020643e-09,0.6977563,1
2411640587,2411639827,0.7037588,-0.0066026584,-0.0041727913,0.71039605,0.71633524,-7.848939e-10,2.6020643e-09,0.6977563,1
2411645495,2411644843,0.70378053,-0.006605923,-0.0044799554,0.7103726,0.71633524,-7.848939e-10,2.6020643e-09,0.6977563,1
2411655588,2411649881,0.70378464,-0.006662076,-0.004742223,0.71036637,0.71633524,-7.848939e-10,2.6020643e-09,0.6977563,1
2411657321,2411655022,0.7038136,-0.006737358,-0.0050345818,0.7103349,0.71633524,-7.848939e-10,2.6020643e-09,0.6977563,1
2411664698,2411663764,0.70385486,-0.0067541613,-0.005551759,0.7102901,0.71633524,-7.848939e-10,2.6020643e-09,0.6977563,1
2411669496,2411668913,0.7038491,-0.006791421,-0.0057909633,0.7102935,0.71633524,-7.848939e-10,2.6020643e-09,0.6977563,1
2411674598,2411673981,0.7038577,-0.006848886,-0.006041025,0.7102823,0.71633524,-7.848939e-10,2.6020643e-09,0.6977563,1
2411679710,2411679055,0.7039256,-0.00683741,-0.0063333707,0.7102126,0.71633524,-7.848939e-10,2.6020643e-09,0.6977563,1
2411689600,2411683988,0.70389456,-0.0068459623,-0.006541862,0.71024144,0.71633524,-7.848939e-10,2.6020643e-09,0.6977563,1
2411691630,2411690602,0.7039955,-0.0068250047,-0.0068814857,0.7101383,0.71633524,-7.848939e-10,2.6020643e-09,0.6977563,1
2411696472,2411695653,0.7039633,-0.0068342243,-0.0070714857,0.71016836,0.71633524,-7.848939e-10,2.6020643e-09,0.6977563,1
2411700988,2411700427,0.7039427,-0.00686407,-0.0072602066,0.7101865,0.71633524,-7.848939e-10,2.6020643e-09,0.6977563,1
2411712290,2411711652,0.7039406,-0.006908653,-0.0076340064,0.71018434,0.71633524,-7.848939e-10,2.6020643e-09,0.6977563,1
2411716339,2411715580,0.7039204,-0.0069140447,-0.0077691083,0.71020275,0.71633524,-7.848939e-10,2.6020643e-09,0.6977563,1
2411721172,2411720616,0.7039659,-0.006927351,-0.007947176,0.71015555,0.71633524,-7.848939e-10,2.6020643e-09,0.6977563,1
2411726411,2411725745,0.7039832,-0.006926907,-0.008118974,0.71013653,0.71633524,-7.848939e-10,2.6020643e-09,0.6977563,1
2411736282,2411735857,0.7039899,-0.0068627647,-0.008596484,0.7101248,0.71633524,-7.848939e-10,2.6020643e-09,0.6977563,1
2411746997,2411745887,0.7039956,-0.0068332287,-0.009061499,0.7101137,0.71633524,-7.848939e-10,2.6020643e-09,0.6977563,1
2411756695,2411751028,0.704021,-0.0067923577,-0.009257088,0.7100864,0.71633524,-7.848939e-10,2.6020643e-09,0.6977563,1
2411757729,2411757309,0.70404476,-0.006762898,-0.009545824,0.7100592,0.71633524,-7.848939e-10,2.6020643e-09,0.6977563,1
2411766700,2411766092,0.70405906,-0.0066516306,-0.0098412335,0.71004206,0.71633524,-7.848939e-10,2.6020643e-09,0.6977563,1
2411776870,2411776210,0.70410943,-0.0066866213,-0.010109403,0.709988,0.71633524,-7.848939e-10,2.6020643e-09,0.6977563,1
2411786734,2411786341,0.7041081,-0.0066819466,-0.010288991,0.7099868,0.71633524,-7.848939e-10,2.6020643e-09,0.6977563,1
2411796010,2411795149,0.7041856,-0.006621878,-0.010515798,0.70990723,0.71633524,-7.848939e-10,2.6020643e-09,0.6977563,1
2411800917,2411800309,0.7042049,-0.006576132,-0.0106556695,0.7098864,0.71633524,-7.848939e-10,2.6020643e-09,0.6977563,1
2411811149,2411810462,0.70430046,-0.0064958595,-0.010843033,0.70978945,0.71633524,-7.848939e-10,2.6020643e-09,0.6977563,1
2411821108,2411820381,0.7043318,-0.006369197,-0.011153115,0.70975477,0.71633524,-7.848939e-10,2.6020643e-09,0.6977563,1
2411831340,2411829719,0.70450664,-0.006235277,-0.011547029,0.70957613,0.71633524,-7.848939e-10,2.6020643e-09,0.6977563,1
2411840144,2411839408,0.7045422,-0.006159871,-0.011869678,0.7095361,0.71633524,-7.848939e-10,2.6020643e-09,0.6977563,1
2411845337,2411844631,0.70458484,-0.006070445,-0.012078319,0.7094911,0.71633524,-7.848939e-10,2.6020643e-09,0.6977563,1
2411850175,2411849489,0.70464545,-0.0060684145,-0.01216278,0.7094294,0.71633524,-7.848939e-10,2.6020643e-09,0.6977563,1
2411858852,2411854509,0.70465136,-0.0059703654,-0.012334128,0.7094214,0.71633524,-7.848939e-10,2.6020643e-09,0.6977563,1
2411865245,2411861229,0.70472443,-0.0058926004,-0.012437697,0.7093477,0.71633524,-7.848939e-10,2.6020643e-09,0.6977563,1
2411871954,2411870905,0.70475745,-0.005714012,-0.012597328,0.7093135,0.71633524,-7.848939e-10,2.6020643e-09,0.6977563,1
2411876674,2411876054,0.7048262,-0.005661766,-0.012595398,0.7092457,0.71633524,-7.848939e-10,2.6020643e-09,0.6977563,1
2411881770,2411881083,0.7048371,-0.005577471,-0.012646779,0.70923454,0.71633524,-7.848939e-10,2.6020643e-09,0.6977563,1
2411892632,2411891267,0.70485455,-0.0053586927,-0.0126730185,0.70921844,0.71633524,-7.848939e-10,2.6020643e-09,0.6977563,1
2411901993,2411900075,0.704888,-0.0052031605,-0.012786621,0.70918435,0.71633524,-7.848939e-10,2.6020643e-09,0.6977563,1
2411910807,2411910114,0.7048901,-0.0049799266,-0.012892562,0.7091819,0.71633524,-7.848939e-10,2.6020643e-09,0.6977563,1
2411915873,2411915252,0.7049535,-0.004848012,-0.012982807,0.7091182,0.71633524,-7.848939e-10,2.6020643e-09,0.6977563,1
2411927215,2411926755,0.7050081,-0.004490493,-0.013147459,0.70906323,0.71633524,-7.848939e-10,2.6020643e-09,0.6977563,1
2411932347,2411931684,0.7050492,-0.004278417,-0.013235016,0.70902205,0.71633524,-7.848939e-10,2.6020643e-09,0.6977563,1
2411937402,2411936769,0.7050204,-0.004097536,-0.013230228,0.7090518,0.71633524,-7.848939e-10,2.6020643e-09,0.6977563,1
2411948697,2411948063,0.7050394,-0.0036621687,-0.013252342,0.7090349,0.71633524,-7.848939e-10,2.6020643e-09,0.6977563,1
2411953909,2411953059,0.7051037,-0.0034324895,-0.013264788,0.70897186,0.71633524,-7.848939e-10,2.6020643e-09,0.6977563,1
2411958692,2411958081,0.7051165,-0.0032182538,-0.013238438,0.70896065,0.71633524,-7.848939e-10,2.6020643e-09,0.6977563,1
2411963766,2411963152,0.7050019,-0.0030456127,-0.013185008,0.70907634,0.71633524,-7.848939e-10,2.6020643e-09,0.6977563,1
2411968756,2411968197,0.7050698,-0.002825877,-0.013194103,0.7090096,0.71633524,-7.848939e-10,2.6020643e-09,0.6977563,1
2411978685,2411978287,0.70506966,-0.0024366633,-0.013148109,0.70901203,0.71633524,-7.848939e-10,2.6020643e-09,0.6977563,1
2411984019,2411983409,0.70510936,-0.00219233,-0.01320694,0.7089722,0.71633524,-7.848939e-10,2.6020643e-09,0.6977563,1
2411995321,2411994735,0.7051363,-0.0018510247,-0.013147109,0.7089475,0.71633524,-7.848939e-10,2.6020643e-09,0.6977563,1
2411999276,2411998684,0.7051275,-0.001710902,-0.013151547,0.7089566,0.71633524,-7.848939e-10,2.6020643e-09,0.6977563,1
2412010534,2412009963,0.7051395,-0.0014085086,-0.013067664,0.7089468,0.71633524,-7.848939e-10,2.6020643e-09,0.6977563,1
2412020701,2412020023,0.70522034,-0.0011519152,-0.012879648,0.7088703,0.71633524,-7.848939e-10,2.6020643e-09,0.6977563,1
2412029565,2412025116,0.70522064,-0.0009823384,-0.012796209,0.7088718,0.71633524,-7.848939e-10,2.6020643e-09,0.6977563,1
2412031751,2412030737,0.7052533,-0.00080024457,-0.012689448,0.7088415,0.71633524,-7.848939e-10,2.6020643e-09,0.6977563,1
2412035775,2412035188,0.70524967,-0.00066803675,-0.012630223,0.7088463,0.71633524,-7.848939e-10,2.6020643e-09,0.6977563,1
2412040811,2412040205,0.7052548,-0.0004324024,-0.012564224,0.70884246,0.71633524,-7.848939e-10,2.6020643e-09,0.6977563,1
2412045777,2412045293,0.7052523,-0.00029566718,-0.012468817,0.70884675,0.71633524,-7.848939e-10,2.6020643e-09,0.6977563,1
2412050959,2412050347,0.7052819,-0.00014660276,-0.012417136,0.7088182,0.71633524,-7.848939e-10,2.6020643e-09,0.6977563,1
2412056035,2412055383,0.70529443,4.9859547e-05,-0.012382333,0.70880634,0.71633524,-7.848939e-10,2.6020643e-09,0.6977563,1
2412061072,2412060443,0.7052749,0.00018183485,-0.0122884475,0.7088275,0.71633524,-7.848939e-10,2.6020643e-09,0.6977563,1
2412066146,2412065510,0.7053086,0.00032863228,-0.012232541,0.70879483,0.71633524,-7.848939e-10,2.6020643e-09,0.6977563,1
2412071290,2412070641,0.70534223,0.0005271146,-0.012195295,0.70876193,0.71633524,-7.848939e-10,2.6020643e-09,0.6977563,1
2412076192,2412075586,0.705308,0.0006409551,-0.012094831,0.7087975,0.71633524,-7.848939e-10,2.6020643e-09,0.6977563,1
2412081168,2412080615,0.7053076,0.00076164864,-0.012012096,0.7087992,0.71633524,-7.848939e-10,2.6020643e-09,0.6977563,1
2412092594,2412090757,0.70531875,0.0010677336,-0.011863469,0.7087902,0.71633524,-7.848939e-10,2.6020643e-09,0.6977563,1
2412096429,2412095845,0.7053281,0.0011576269,-0.011761751,0.7087825,0.71633524,-7.848939e-10,2.6020643e-09,0.6977563,1
2412106865,2412106496,0.7053534,0.0014328578,-0.011526099,0.7087607,0.71633524,-7.848939e-10,2.6020643e-09,0.6977563,1
2412111601,2412110991,0.7053758,0.0015748275,-0.01145877,0.70873916,0.71633524,-7.848939e-10,2.6020643e-09,0.6977563,1
2412116703,2412116182,0.70541227,0.0017091514,-0.01135646,0.70870423,0.71633524,-7.848939e-10,2.6020643e-09,0.6977563,1
2412121641,2412121054,0.70540506,0.0018175634,-0.011211983,0.7087134,0.71633524,-7.848939e-10,2.6020643e-09,0.6977563,1
2412130484,2412126085,0.7053776,0.0019693205,-0.011123102,0.70874184,0.71633524,-7.848939e-10,2.6020643e-09,0.6977563,1
2412132822,2412132282,0.70548725,0.0021115625,-0.010970868,0.7086345,0.71633524,-7.848939e-10,2.6020643e-09,0.6977563,1
2412141836,2412136270,0.7055094,0.0022278323,-0.010886233,0.70861346,0.71633524,-7.848939e-10,2.6020643e-09,0.6977563,1
2412143937,2412141327,0.70547646,0.0023375803,-0.0107653765,0.7086478,0.71633524,-7.848939e-10,2.6020643e-09,0.6977563,1
2412147181,2412146654,0.7055645,0.0025139523,-0.010629659,0.70856154,0.71633524,-7.848939e-10,2.6020643e-09,0.6977563,1
2412158274,2412157712,0.70557237,0.0028557456,-0.0103594195,0.70855635,0.71633524,-7.848939e-10,2.6020643e-09,0.6977563,1
2412163472,2412162808,0.70555055,0.002975179,-0.010183257,0.70858026,0.71633524,-7.848939e-10,2.6020643e-09,0.6977563,1
2412174488,2412173110,0.70557797,0.0033552304,-0.0099036135,0.70855516,0.71633524,-7.848939e-10,2.6020643e-09,0.6977563,1
2412178574,2412177878,0.7055856,0.0034739333,-0.00974688,0.7085492,0.71633524,-7.848939e-10,2.6020643e-09,0.6977563,1
2412183708,2412182980,0.70558196,0.0036613997,-0.009647751,0.70855325,0.71633524,-7.848939e-10,2.6020643e-09,0.6977563,1
2412188569,2412188011,0.7056327,0.0037724515,-0.0095115295,0.70850396,0.71633524,-7.848939e-10,2.6020643e-09,0.6977563,1
2412193794,2412193065,0.70566183,0.0038590112,-0.009349005,0.70847666,0.71633524,-7.848939e-10,2.6020643e-09,0.6977563,1
2412199031,2412198445,0.7056637,0.0040077427,-0.009236205,0.7084755,0.71633524,-7.848939e-10,2.6020643e-09,0.6977563,1
2412204024,2412203198,0.7057009,0.0041170483,-0.00910735,0.7084394,0.71633524,-7.848939e-10,2.6020643e-09,0.6977563,1
2412213942,2412208197,0.70573,0.004213563,-0.008938264,0.70841205,0.71633524,-7.848939e-10,2.6020643e-09,0.6977563,1
2412219979,2412219576,0.7057912,0.0044316337,-0.008618388,0.70835364,0.71633524,-7.848939e-10,2.6020643e-09,0.6977563,1
2412229034,2412228414,0.70585436,0.0046740924,-0.008437976,0.7082914,0.71633524,-7.848939e-10,2.6020643e-09,0.6977563,1
2412238030,2412233848,0.70587146,0.0048042196,-0.008251148,0.70827574,0.71633524,-7.848939e-10,2.6020643e-09,0.6977563,1
2412244330,2412243697,0.70596194,0.0050501763,-0.007996736,0.7081866,0.71633524,-7.848939e-10,2.6020643e-09,0.6977563,1
2412249245,2412248646,0.70599407,0.005165754,-0.007840789,0.7081556,0.71633524,-7.848939e-10,2.6020643e-09,0.6977563,1
2412254379,2412253846,0.7060468,0.0052380953,-0.0077056005,0.70810395,0.71633524,-7.848939e-10,2.6020643e-09,0.6977563,1
2412259471,2412258729,0.706101,0.0053133434,-0.0075997775,0.7080505,0.71633524,-7.848939e-10,2.6020643e-09,0.6977563,1
2412268125,2412263957,0.70615333,0.0054081534,-0.007434526,0.70799935,0.71633524,-7.848939e-10,2.6020643e-09,0.6977563,1
2412270196,2412269669,0.7061832,0.0054132733,-0.007263298,0.7079713,0.71633524,-7.848939e-10,2.6020643e-09,0.6977563,1
2412274538,2412273954,0.7062474,0.005477764,-0.0071420386,0.7079079,0.71633524,-7.848939e-10,2.6020643e-09,0.6977563,1
2412279565,2412278902,0.70629776,0.0055727237,-0.0070230025,0.70785815,0.71633524,-7.848939e-10,2.6020643e-09,0.6977563,1
2412290827,2412289494,0.7064524,0.005681781,-0.006706077,0.70770603,0.71633524,-7.848939e-10,2.6020643e-09,0.6977563,1
2412294591,2412294102,0.7064779,0.0057401657,-0.006550598,0.7076816,0.71633524,-7.848939e-10,2.6020643e-09,0.6977563,1
2412299738,2412299163,0.7065107,0.0057643726,-0.0063557033,0.7076504,0.71633524,-7.848939e-10,2.6020643e-09,0.6977563,1
2412310713,2412309319,0.70670986,0.0059170895,-0.0060385726,0.7074531,0.71633524,-7.848939e-10,2.6020643e-09,0.6977563,1
2412315009,2412314360,0.7067038,0.00595422,-0.005859063,0.7074603,0.71633524,-7.848939e-10,2.6020643e-09,0.6977563,1
2412324909,2412324476,0.7068131,0.006102215,-0.0055551603,0.7073523,0.71633524,-7.848939e-10,2.6020643e-09,0.6977563,1
2412330364,2412329438,0.706777,0.0061565437,-0.0054003387,0.7073891,0.71633524,-7.848939e-10,2.6020643e-09,0.6977563,1
2412340176,2412334533,0.7069005,0.0062585887,-0.005277077,0.70726573,0.71633524,-7.848939e-10,2.6020643e-09,0.6977563,1
2412342215,2412341588,0.70693356,0.0064062355,-0.00510343,0.7072326,0.71633524,-7.848939e-10,2.6020643e-09,0.6977563,1
2412351716,2412351008,0.7069767,0.0065876553,-0.00483702,0.7071897,0.71633524,-7.848939e-10,2.6020643e-09,0.6977563,1
2412364093,2412363471,0.7070639,0.0068812193,-0.0045578494,0.70710146,0.71633524,-7.848939e-10,2.6020643e-09,0.6977563,1
2412368009,2412367459,0.70707905,0.0070054154,-0.004485818,0.7070856,0.71633524,-7.848939e-10,2.6020643e-09,0.6977563,1
2412373116,2412372526,0.70713633,0.0070485137,-0.0043059997,0.70702904,0.71633524,-7.848939e-10,2.6020643e-09,0.6977563,1
2412378041,2412377479,0.7071691,0.007124681,-0.004181261,0.7069962,0.71633524,-7.848939e-10,2.6020643e-09,0.6977563,1
2412383082,2412382516,0.7071421,0.007305119,-0.0041782856,0.70702136,0.71633524,-7.848939e-10,2.6020643e-09,0.6977563,1
2412393885,2412392714,0.7072278,0.007398505,-0.0039192596,0.70693624,0.71633524,-7.848939e-10,2.6020643e-09,0.6977563,1
2412398233,2412397689,0.70723194,0.0074864402,-0.00386106,0.70693153,0.71633524,-7.848939e-10,2.6020643e-09,0.6977563,1
2412408255,2412407781,0.70731044,0.007569284,-0.003575498,0.7068536,0.71633524,-7.848939e-10,2.6020643e-09,0.6977563,1
2412413469,2412412852,0.70733076,0.007685518,-0.0034947784,0.7068323,0.71633524,-7.848939e-10,2.6020643e-09,0.6977563,1
2412418499,2412417902,0.7073317,0.00774429,-0.003306488,0.7068317,0.71633524,-7.848939e-10,2.6020643e-09,0.6977563,1
2412423514,2412422900,0.7073632,0.007772629,-0.0031674232,0.70680046,0.71633524,-7.848939e-10,2.6020643e-09,0.6977563,1
2412435161,2412434344,0.7073853,0.007941593,-0.002793112,0.706778,0.71633524,-7.848939e-10,2.6020643e-09,0.6977563,1
2412438663,2412438125,0.7074146,0.007952121,-0.0026647188,0.706749,0.71633524,-7.848939e-10,2.6020643e-09,0.6977563,1
2412443905,2412443238,0.7074654,0.008096379,-0.002586637,0.70669687,0.71633524,-7.848939e-10,2.6020643e-09,0.6977563,1
2412453883,2412448251,0.70747864,0.008151306,-0.0024307326,0.7066836,0.71633524,-7.848939e-10,2.6020643e-09,0.6977563,1
2412455421,2412453285,0.7074958,0.008187827,-0.0022872267,0.70666647,0.71633524,-7.848939e-10,2.6020643e-09,0.6977563,1
2412459204,2412458666,0.7075669,0.0082664285,-0.0021887587,0.7065947,0.71633524,-7.848939e-10,2.6020643e-09,0.6977563,1
2412464401,2412463725,0.70751226,0.008273607,-0.0020085368,0.70664984,0.71633524,-7.848939e-10,2.6020643e-09,0.6977563,1
2412468987,2412468412,0.7075389,0.008290894,-0.0018661104,0.7066233,0.71633524,-7.848939e-10,2.6020643e-09,0.6977563,1
2412479390,2412478525,0.7076739,0.008405312,-0.0016383153,0.70648736,0.71633524,-7.848939e-10,2.6020643e-09,0.6977563,1
2412489199,2412483605,0.7076991,0.008430352,-0.0015012,0.7064621,0.71633524,-7.848939e-10,2.6020643e-09,0.6977563,1
2412490496,2412488620,0.7077687,0.00849078,-0.0014043734,0.70639193,0.71633524,-7.848939e-10,2.6020643e-09,0.6977563,1
2412499437,2412497569,0.70777315,0.008516476,-0.0010851043,0.7063877,0.71633524,-7.848939e-10,2.6020643e-09,0.6977563,1
2412503199,2412502628,0.7077778,0.0085474895,-0.000966286,0.70638275,0.71633524,-7.848939e-10,2.6020643e-09,0.6977563,1
2412519672,2412518961,0.7079408,0.008570546,-0.000647232,0.7062195,0.71633524,-7.848939e-10,2.6020643e-09,0.6977563,1
2412524635,2412523992,0.70795846,0.008595019,-0.0005534835,0.7062016,0.71633524,-7.848939e-10,2.6020643e-09,0.6977563,1
2412529697,2412529173,0.70796376,0.0086356215,-0.0004891075,0.70619583,0.71633524,-7.848939e-10,2.6020643e-09,0.6977563,1
2412534839,2412534173,0.7080523,0.008711857,-0.00041341598,0.70610625,0.71633524,-7.848939e-10,2.6020643e-09,0.6977563,1
2412540039,2412539351,0.7080917,0.008751558,-0.00030393654,0.7060662,0.71633524,-7.848939e-10,2.6020643e-09,0.6977563,1
2412549791,2412544241,0.7080926,0.008804482,-0.00020775935,0.70606476,0.71633524,-7.848939e-10,2.6020643e-09,0.6977563,1
2412552076,2412550631,0.7081786,0.008877626,-6.2488994e-05,0.70597756,0.71633524,-7.848939e-10,2.6020643e-09,0.6977563,1
2412556311,2412555630,0.70812213,0.008974297,5.385601e-05,0.70603293,0.71633524,-7.848939e-10,2.6020643e-09,0.6977563,1
2412566516,2412560678,0.70819116,0.0090791285,0.00020357712,0.7059624,0.71633524,-7.848939e-10,2.6020643e-09,0.6977563,1
2412571457,2412570705,0.70824975,0.009204966,0.00049026735,0.70590186,0.71633524,-7.848939e-10,2.6020643e-09,0.6977563,1
2412576426,2412575801,0.7083107,0.009286954,0.0006159536,0.7058395,0.71633524,-7.848939e-10,2.6020643e-09,0.6977563,1
2412585232,2412584631,0.7083594,0.0093318075,0.00086164195,0.70578974,0.71633524,-7.848939e-10,2.6020643e-09,0.6977563,1
2412590398,2412589720,0.70838195,0.009358676,0.000957763,0.7057667,0.71633524,-7.848939e-10,2.6020643e-09,0.6977563,1
2412595434,2412594794,0.7084164,0.009392235,0.0010705243,0.7057315,0.71633524,-7.848939e-10,2.6020643e-09,0.6977563,1
2412600470,2412599896,0.7084608,0.009325716,0.0012590166,0.7056875,0.71633524,-7.848939e-10,2.6020643e-09,0.6977563,1
2412605488,2412604844,0.7084858,0.00939715,0.0013135795,0.70566136,0.71633524,-7.848939e-10,2.6020643e-09,0.6977563,1
2412610545,2412609889,0.7084999,0.009431609,0.001389121,0.7056466,0.71633524,-7.848939e-10,2.6020643e-09,0.6977563,1
2412621548,2412620283,0.70858896,0.009522745,0.0015153298,0.7055557,0.71633524,-7.848939e-10,2.6020643e-09,0.6977563,1
2412625550,2412625045,0.7086333,0.009549174,0.0016124519,0.7055105,0.71633524,-7.848939e-10,2.6020643e-09,0.6977563,1
2412630806,2412630155,0.70868844,0.009549871,0.0017723116,0.7054547,0.71633524,-7.848939e-10,2.6020643e-09,0.6977563,1
2412639553,2412635266,0.70874125,0.009616903,0.0017945699,0.7054007,0.71633524,-7.848939e-10,2.6020643e-09,0.6977563,1
2412645878,2412645266,0.7088056,0.009652393,0.0020323098,0.70533496,0.71633524,-7.848939e-10,2.6020643e-09,0.6977563,1
2412661088,2412660464,0.7089602,0.009684947,0.0022000335,0.7051787,0.71633524,-7.848939e-10,2.6020643e-09,0.6977563,1
2412673346,2412672387,0.70904756,0.009644545,0.002265731,0.7050911,0.71633524,-7.848939e-10,2.6020643e-09,0.6977563,1
2412677640,2412676847,0.7090858,0.00960573,0.0022566584,0.70505315,0.71633524,-7.848939e-10,2.6020643e-09,0.6977563,1
2412682505,2412681913,0.7091481,0.0096053025,0.0022719703,0.7049905,0.71633524,-7.848939e-10,2.6020643e-09,0.6977563,1
2412687624,2412686956,0.7091451,0.009569728,0.0023101894,0.70499384,0.71633524,-7.848939e-10,2.6020643e-09,0.6977563,1
2412692601,2412692030,0.70926756,0.009537883,0.0023181685,0.7048711,0.71633524,-7.848939e-10,2.6020643e-09,0.6977563,1
2412702762,2412697030,0.7093334,0.009558082,0.0023662664,0.70480436,0.71633524,-7.848939e-10,2.6020643e-09,0.6977563,1
2412704301,2412702092,0.709332,0.009499884,0.002461045,0.70480627,0.71633524,-7.848939e-10,2.6020643e-09,0.6977563,1
2412712896,2412708523,0.70949554,0.009519344,0.0025124948,0.7046412,0.71633524,-7.848939e-10,2.6020643e-09,0.6977563,1
2412714976,2412714471,0.7094839,0.009450352,0.0026276316,0.7046534,0.71633524,-7.848939e-10,2.6020643e-09,0.6977563,1
2412724254,2412723604,0.7095989,0.009433882,0.0026885464,0.70453763,0.71633524,-7.848939e-10,2.6020643e-09,0.6977563,1
2412729277,2412728637,0.70960736,0.009438015,0.0027251786,0.7045289,0.71633524,-7.848939e-10,2.6020643e-09,0.6977563,1
2412739737,2412738789,0.7097461,0.00947603,0.002727955,0.7043885,0.71633524,-7.848939e-10,2.6020643e-09,0.6977563,1
2412749458,2412748889,0.7098623,0.009547916,0.0027149746,0.7042706,0.71633524,-7.848939e-10,2.6020643e-09,0.6977563,1
2412758288,2412753940,0.70993334,0.009564754,0.0027544901,0.70419854,0.71633524,-7.848939e-10,2.6020643e-09,0.6977563,1
2412764703,2412762845,0.70998925,0.009645275,0.0027483439,0.7041411,0.71633524,-7.848939e-10,2.6020643e-09,0.6977563,1
2412773589,2412772914,0.7101278,0.009737555,0.0028166247,0.70399994,0.71633524,-7.848939e-10,2.6020643e-09,0.6977563,1
2412778381,2412777878,0.7101777,0.009789506,0.0027721776,0.703949,0.71633524,-7.848939e-10,2.6020643e-09,0.6977563,1
2412788544,2412787970,0.7102912,0.009859807,0.0027991065,0.7038334,0.71633524,-7.848939e-10,2.6020643e-09,0.6977563,1
2412793618,2412793002,0.7103328,0.009899447,0.00275593,0.70379096,0.71633524,-7.848939e-10,2.6020643e-09,0.6977563,1
2412798673,2412798089,0.71035373,0.009909596,0.0027859127,0.70376956,0.71633524,-7.848939e-10,2.6020643e-09,0.6977563,1
2412810714,2412809555,0.7104661,0.009879035,0.0028493023,0.7036564,0.71633524,-7.848939e-10,2.6020643e-09,0.6977563,1
2412820104,2412819552,0.7105508,0.009778027,0.0029015995,0.7035721,0.71633524,-7.848939e-10,2.6020643e-09,0.6977563,1
2412825203,2412824600,0.7105939,0.0097533455,0.0029767575,0.7035285,0.71633524,-7.848939e-10,2.6020643e-09,0.6977563,1
2412830339,2412829688,0.71062994,0.009674371,0.003027902,0.70349294,0.71633524,-7.848939e-10,2.6020643e-09,0.6977563,1
2412835264,2412834747,0.7106881,0.00962062,0.003042083,0.7034349,0.71633524,-7.848939e-10,2.6020643e-09,0.6977563,1
2412846692,2412844795,0.710775,0.009557499,0.0030425084,0.7033479,0.71633524,-7.848939e-10,2.6020643e-09,0.6977563,1
2412850595,2412850007,0.71085995,0.009541142,0.003009797,0.7032625,0.71633524,-7.848939e-10,2.6020643e-09,0.6977563,1
2412855424,2412854906,0.7108896,0.009516048,0.002984033,0.70323306,0.71633524,-7.848939e-10,2.6020643e-09,0.6977563,1
2412864465,2412860034,0.7108782,0.009432965,0.0030117373,0.7032455,0.71633524,-7.848939e-10,2.6020643e-09,0.6977563,1
2412870745,2412868841,0.71098876,0.009365675,0.002932292,0.7031349,0.71633524,-7.848939e-10,2.6020643e-09,0.6977563,1
2412874824,2412874101,0.7110076,0.009335576,0.002886955,0.7031165,0.71633524,-7.848939e-10,2.6020643e-09,0.6977563,1
2412884445,2412878924,0.71099144,0.009245485,0.0028702521,0.70313406,0.71633524,-7.848939e-10,2.6020643e-09,0.6977563,1
2412889593,2412889042,0.7111538,0.009198108,0.0027253428,0.702971,0.71633524,-7.848939e-10,2.6020643e-09,0.6977563,1
2412899759,2412899180,0.71129125,0.009077851,0.0026581571,0.7028337,0.71633524,-7.848939e-10,2.6020643e-09,0.6977563,1
2412905061,2412904358,0.71132725,0.008986107,0.002639598,0.7027986,0.71633524,-7.848939e-10,2.6020643e-09,0.6977563,1
2412909993,2412909328,0.71132123,0.00890969,0.0026331192,0.7028057,0.71633524,-7.848939e-10,2.6020643e-09,0.6977563,1
2412914974,2412914397,0.71140885,0.00884756,0.002558102,0.7027181,0.71633524,-7.848939e-10,2.6020643e-09,0.6977563,1
2412924894,2412924405,0.7114692,0.008680768,0.0025074529,0.70265925,0.71633524,-7.848939e-10,2.6020643e-09,0.6977563,1
2412933844,2412929586,0.71158797,0.008573296,0.0024929878,0.70254034,0.71633524,-7.848939e-10,2.6020643e-09,0.6977563,1
2412942356,2412941786,0.7117148,0.008423586,0.0024288313,0.7024139,0.71633524,-7.848939e-10,2.6020643e-09,0.6977563,1
2412946743,2412945877,0.7117724,0.008373244,0.0024066826,0.7023563,0.71633524,-7.848939e-10,2.6020643e-09,0.6977563,1
2412951619,2412951017,0.7117931,0.008344512,0.0023215613,0.7023359,0.71633524,-7.848939e-10,2.6020643e-09,0.6977563,1
2412956633,2412956039,0.71185416,0.008277115,0.0023075037,0.70227486,0.71633524,-7.848939e-10,2.6020643e-09,0.6977563,1
2412966692,2412961023,0.7119133,0.008182252,0.002275795,0.7022161,0.71633524,-7.848939e-10,2.6020643e-09,0.6977563,1
2412968080,2412967536,0.7119657,0.008155662,0.002213479,0.70216346,0.71633524,-7.848939e-10,2.6020643e-09,0.6977563,1
2412976815,2412976183,0.71210223,0.0079408,0.0021319338,0.7020277,0.71633524,-7.848939e-10,2.6020643e-09,0.6977563,1
2412988074,2412987453,0.7122011,0.0078022596,0.002003663,0.70192933,0.71633524,-7.848939e-10,2.6020643e-09,0.6977563,1
2412997576,2412996437,0.7122923,0.0075944755,0.0018972943,0.7018393,0.71633524,-7.848939e-10,2.6020643e-09,0.6977563,1
2413007490,2413006497,0.712387,0.007307069,0.0018828224,0.7017463,0.71633524,-7.848939e-10,2.6020643e-09,0.6977563,1
2413012514,2413011881,0.7124709,0.0071986807,0.0018267699,0.7016624,0.71633524,-7.848939e-10,2.6020643e-09,0.6977563,1
2413017200,2413016668,0.7124893,0.007076963,0.0018268859,0.701645,0.71633524,-7.848939e-10,2.6020643e-09,0.6977563,1
2413026226,2413022060,0.7125087,0.006850907,0.001828381,0.70162755,0.71633524,-7.848939e-10,2.6020643e-09,0.6977563,1
2413032312,2413031779,0.7125676,0.006632721,0.0017844894,0.7015699,0.71633524,-7.848939e-10,2.6020643e-09,0.6977563,1
2413041458,2413040671,0.71260434,0.0063163172,0.0017672047,0.7015356,0.71633524,-7.848939e-10,2.6020643e-09,0.6977563,1
2413046270,2413045690,0.71267074,0.006233115,0.0016884139,0.70146894,0.71633524,-7.848939e-10,2.6020643e-09,0.6977563,1
2413051364,2413050717,0.7125924,0.0060840314,0.0017067573,0.7015498,0.71633524,-7.848939e-10,2.6020643e-09,0.6977563,1
2413056349,2413055775,0.7126403,0.005988312,0.0016562011,0.7015022,0.71633524,-7.848939e-10,2.6020643e-09,0.6977563,1
2413061533,2413060855,0.7127362,0.0059160823,0.0015820593,0.70140547,0.71633524,-7.848939e-10,2.6020643e-09,0.6977563,1
2413072652,2413072020,0.71270627,0.0057078116,0.0015497808,0.7014377,0.71633524,-7.848939e-10,2.6020643e-09,0.6977563,1
2413083655,2413082420,0.7127451,0.005499464,0.0015225243,0.70140004,0.71633524,-7.848939e-10,2.6020643e-09,0.6977563,1
2413088072,2413087548,0.71279836,0.00539574,0.0015376017,0.7013467,0.71633524,-7.848939e-10,2.6020643e-09,0.6977563,1
2413099264,2413098738,0.71282053,0.0050751544,0.0016131188,0.7013264,0.71633524,-7.848939e-10,2.6020643e-09,0.6977563,1
2413109380,2413108817,0.712804,0.004756703,0.0016560719,0.70134526,0.71633524,-7.848939e-10,2.6020643e-09,0.6977563,1
2413118211,2413117666,0.71286654,0.00443872,0.0017057983,0.70128363,0.71633524,-7.848939e-10,2.6020643e-09,0.6977563,1
2413127136,2413122829,0.71290284,0.004279281,0.0017087405,0.7012477,0.71633524,-7.848939e-10,2.6020643e-09,0.6977563,1
2413133566,2413132812,0.71292865,0.0040370496,0.0016747006,0.701223,0.71633524,-7.848939e-10,2.6020643e-09,0.6977563,1
2413142276,2413141699,0.7129696,0.003801031,0.001636971,0.7011828,0.71633524,-7.848939e-10,2.6020643e-09,0.6977563,1
2413153329,2413152726,0.71298224,0.0035928849,0.0015765594,0.70117116,0.71633524,-7.848939e-10,2.6020643e-09,0.6977563,1
2413157456,2413156895,0.7129947,0.0034518903,0.0015534553,0.7011593,0.71633524,-7.848939e-10,2.6020643e-09,0.6977563,1
2413166630,2413161922,0.71304095,0.003371152,0.0014831262,0.7011128,0.71633524,-7.848939e-10,2.6020643e-09,0.6977563,1
2413168276,2413167557,0.71302736,0.003255325,0.0014291862,0.7011273,0.71633524,-7.848939e-10,2.6020643e-09,0.6977563,1
2413172584,2413171985,0.7130489,0.003162029,0.0014033115,0.70110583,0.71633524,-7.848939e-10,2.6020643e-09,0.6977563,1
2413177654,2413177060,0.71311367,0.0030609884,0.0013311305,0.7010405,0.71633524,-7.848939e-10,2.6020643e-09,0.6977563,1
2413187785,2413182130,0.71311074,0.0029590467,0.0013124101,0.70104396,0.71633524,-7.848939e-10,2.6020643e-09,0.6977563,1
2413190072,2413188470,0.713163,0.0028104966,0.0012389589,0.7009916,0.71633524,-7.848939e-10,2.6020643e-09,0.6977563,1
2413199126,2413197266,0.71318835,0.0026223743,0.0011724399,0.7009666,0.71633524,-7.848939e-10,2.6020643e-09,0.6977563,1
2413202900,2413202304,0.713243,0.0024842205,0.0011059813,0.7009116,0.71633524,-7.848939e-10,2.6020643e-09,0.6977563,1
2413211790,2413211163,0.7133259,0.0022939018,0.000957113,0.70082814,0.71633524,-7.848939e-10,2.6020643e-09,0.6977563,1
2413221866,2413221240,0.71335113,0.0021086952,0.0008094792,0.7008032,0.71633524,-7.848939e-10,2.6020643e-09,0.6977563,1
2413230799,2413226411,0.7134089,0.002030513,0.0007177435,0.7007447,0.71633524,-7.848939e-10,2.6020643e-09,0.6977563,1
2413237006,2413236403,0.7134121,0.0018981367,0.0005987922,0.700742,0.71633524,-7.848939e-10,2.6020643e-09,0.6977563,1
2413245885,2413241703,0.7134568,0.001821105,0.00057206146,0.70069665,0.71633524,-7.848939e-10,2.6020643e-09,0.6977563,1
2413252215,2413251628,0.71346223,0.0016833094,0.0005382719,0.70069146,0.71633524,-7.848939e-10,2.6020643e-09,0.6977563,1
2413257188,2413256609,0.7135158,0.0016552692,0.00055188354,0.700637,0.71633524,-7.848939e-10,2.6020643e-09,0.6977563,1
2413262327,2413261696,0.7135217,0.0015895042,0.0005283598,0.7006312,0.71633524,-7.848939e-10,2.6020643e-09,0.6977563,1
2413267455,2413266829,0.713502,0.0015363444,0.00048801868,0.70065135,0.71633524,-7.848939e-10,2.6020643e-09,0.6977563,1
2413279508,2413278438,0.7135478,0.001442075,0.0004602976,0.7006049,0.71633524,-7.848939e-10,2.6020643e-09,0.6977563,1
2413283705,2413283175,0.7135663,0.0014091096,0.0004187277,0.7005862,0.71633524,-7.848939e-10,2.6020643e-09,0.6977563,1
2413288961,2413288325,0.7135738,0.001244471,0.00045349897,0.7005788,0.71633524,-7.848939e-10,2.6020643e-09,0.6977563,1
2413293965,2413293473,0.71361476,0.0011891657,0.00036065147,0.7005372,0.71633524,-7.848939e-10,2.6020643e-09,0.6977563,1
2413303795,2413303394,0.7136425,0.0010327917,0.00031395044,0.7005093,0.71633524,-7.848939e-10,2.6020643e-09,0.6977563,1
2413313992,2413308372,0.71371627,0.0009811675,0.000198749,0.70043427,0.71633524,-7.848939e-10,2.6020643e-09,0.6977563,1
2413319098,2413318521,0.71372974,0.0008808817,0.00014775402,0.70042074,0.71633524,-7.848939e-10,2.6020643e-09,0.6977563,1
2413328070,2413327433,0.7138305,0.0008053903,2.575448e-05,0.70031816,0.71633524,-7.848939e-10,2.6020643e-09,0.6977563,1
2413333127,2413332455,0.71381056,0.00076474436,4.016848e-05,0.7003385,0.71633524,-7.848939e-10,2.6020643e-09,0.6977563,1
2413344319,2413343872,0.71382177,0.0006143459,5.5362638e-05,0.70032716,0.71633524,-7.848939e-10,2.6020643e-09,0.6977563,1
2413354464,2413352619,0.71383214,0.00057136884,2.3569637e-05,0.7003166,0.71633524,-7.848939e-10,2.6020643e-09,0.6977563,1
2413363428,2413362715,0.7139412,0.00053898577,3.689093e-05,0.70020545,0.71633524,-7.848939e-10,2.6020643e-09,0.6977563,1
2413368452,2413367816,0.7138735,0.00058001693,-3.4549175e-05,0.70027447,0.71633524,-7.848939e-10,2.6020643e-09,0.6977563,1
2413373443,2413372828,0.7139428,0.00057566917,-4.398937e-05,0.7002038,0.71633524,-7.848939e-10,2.6020643e-09,0.6977563,1
2413383538,2413377860,0.71396744,0.00057663064,-7.959121e-05,0.7001787,0.71633524,-7.848939e-10,2.6020643e-09,0.6977563,1
2413386185,2413385470,0.71404064,0.0006025743,-0.00013225256,0.700104,0.71633524,-7.848939e-10,2.6020643e-09,0.6977563,1
2413389813,2413389228,0.71408695,0.00060305244,-0.00016284536,0.70005673,0.71633524,-7.848939e-10,2.6020643e-09,0.6977563,1
2413398873,2413398335,0.7141019,0.00057643966,-0.00030216807,0.7000415,0.71633524,-7.848939e-10,2.6020643e-09,0.6977563,1
2413403739,2413403156,0.7141441,0.0005773004,-0.00037566866,0.6999984,0.71633524,-7.848939e-10,2.6020643e-09,0.6977563,1
2413408867,2413408216,0.7141789,0.00052415096,-0.00044485647,0.69996285,0.71633524,-7.848939e-10,2.6020643e-09,0.6977563,1
2413413817,2413413264,0.7141942,0.00048590495,-0.0005364991,0.6999473,0.71633524,-7.848939e-10,2.6020643e-09,0.6977563,1
2413418914,2413418332,0.71423995,0.00049362256,-0.0006443187,0.69990045,0.71633524,-7.848939e-10,2.6020643e-09,0.6977563,1
2413423979,2413423373,0.71426624,0.0004193576,-0.0007024476,0.6998736,0.71633524,-7.848939e-10,2.6020643e-09,0.6977563,1
2413433807,2413433487,0.7142982,0.00045510958,-0.00090721727,0.69984084,0.71633524,-7.848939e-10,2.6020643e-09,0.6977563,1
2413439218,2413438603,0.71429724,0.00039466284,-0.0009474473,0.6998418,0.71633524,-7.848939e-10,2.6020643e-09,0.6977563,1
2413444008,2413443561,0.7143564,0.00042992458,-0.0010358803,0.69978124,0.71633524,-7.848939e-10,2.6020643e-09,0.6977563,1
2413453284,2413449112,0.71431583,0.0004917211,-0.0010953514,0.69982255,0.71633524,-7.848939e-10,2.6020643e-09,0.6977563,1
2413461247,2413458737,0.7144137,0.00059447356,-0.0013155879,0.6997221,0.71633524,-7.848939e-10,2.6020643e-09,0.6977563,1
2413464501,2413463929,0.7143994,0.0006380138,-0.0014250824,0.6997365,0.71633524,-7.848939e-10,2.6020643e-09,0.6977563,1
2413469588,2413469019,0.71443856,0.00061950326,-0.0015257406,0.6996963,0.71633524,-7.848939e-10,2.6020643e-09,0.6977563,1
2413474564,2413474000,0.7144904,0.0006736035,-0.0017052877,0.6996429,0.71633524,-7.848939e-10,2.6020643e-09,0.6977563,1
2413483259,2413479516,0.7144526,0.00062693836,-0.0017899232,0.6996813,0.71633524,-7.848939e-10,2.6020643e-09,0.6977563,1
2413484557,2413484114,0.7144897,0.00062502746,-0.0019111926,0.6996431,0.71633524,-7.848939e-10,2.6020643e-09,0.6977563,1
2413495779,2413495381,0.7146082,0.0005964101,-0.0021951187,0.69952124,0.71633524,-7.848939e-10,2.6020643e-09,0.6977563,1
2413505862,2413505486,0.7147375,0.0005269243,-0.0023786877,0.6993886,0.71633524,-7.848939e-10,2.6020643e-09,0.6977563,1
2413511120,2413510535,0.71475,0.0004832349,-0.0024865977,0.69937545,0.71633524,-7.848939e-10,2.6020643e-09,0.6977563,1
2413516133,2413515613,0.71481985,0.000431003,-0.0025415248,0.699304,0.71633524,-7.848939e-10,2.6020643e-09,0.6977563,1
2413526026,2413525669,0.7148479,0.00038158122,-0.00274566,0.6992746,0.71633524,-7.848939e-10,2.6020643e-09,0.6977563,1
2413535094,2413531313,0.7149573,0.00040585976,-0.0028259838,0.69916236,0.71633524,-7.848939e-10,2.6020643e-09,0.6977563,1
2413536330,2413535846,0.71497655,0.00042576884,-0.0029211808,0.6991423,0.71633524,-7.848939e-10,2.6020643e-09,0.6977563,1
2413546517,2413544734,0.7150206,0.0005079031,-0.0030842219,0.69909644,0.71633524,-7.848939e-10,2.6020643e-09,0.6977563,1
2413550120,2413549657,0.71508473,0.0005233299,-0.0031180915,0.69903064,0.71633524,-7.848939e-10,2.6020643e-09,0.6977563,1
2413555345,2413554714,0.7151064,0.00059285434,-0.0032180296,0.6990079,0.71633524,-7.848939e-10,2.6020643e-09,0.6977563,1
2413565457,2413559780,0.7151344,0.0006687376,-0.003280077,0.698979,0.71633524,-7.848939e-10,2.6020643e-09,0.6977563,1
2413570573,2413569962,0.71521163,0.0007533092,-0.0034331742,0.6988991,0.71633524,-7.848939e-10,2.6020643e-09,0.6977563,1
2413580765,2413578715,0.7152494,0.0008613432,-0.0035444703,0.69885975,0.71633524,-7.848939e-10,2.6020643e-09,0.6977563,1
2413589428,2413587800,0.7152741,0.00090674177,-0.003625969,0.69883406,0.71633524,-7.848939e-10,2.6020643e-09,0.6977563,1
2413598264,2413597685,0.71531284,0.0010270671,-0.003716137,0.69879377,0.71633524,-7.848939e-10,2.6020643e-09,0.6977563,1
2413603226,2413602707,0.7153099,0.0010216216,-0.003722292,0.69879675,0.71633524,-7.848939e-10,2.6020643e-09,0.6977563,1
2413608422,2413607925,0.7154205,0.0010835694,-0.0037913625,0.6986831,0.71633524,-7.848939e-10,2.6020643e-09,0.6977563,1
2413613517,2413612913,0.7154059,0.0011497004,-0.0038473806,0.6986977,0.71633524,-7.848939e-10,2.6020643e-09,0.6977563,1
2413622195,2413618058,0.71538246,0.0010755641,-0.00382007,0.69872195,0.71633524,-7.848939e-10,2.6020643e-09,0.6977563,1
2413623687,2413623140,0.7154313,0.0011598318,-0.003904082,0.6986712,0.71633524,-7.848939e-10,2.6020643e-09,0.6977563,1
2413638670,2413638117,0.7154527,0.0013952799,-0.0040010205,0.6986484,0.71633524,-7.848939e-10,2.6020643e-09,0.6977563,1
2413643807,2413643255,0.71541196,0.0014782682,-0.0040108026,0.6986899,0.71633524,-7.848939e-10,2.6020643e-09,0.6977563,1
2413649032,2413648341,0.7154063,0.001570428,-0.0040498707,0.6986953,0.71633524,-7.848939e-10,2.6020643e-09,0.6977563,1
2413653901,2413653350,0.71547127,0.0016764362,-0.0041176234,0.69862807,0.71633524,-7.848939e-10,2.6020643e-09,0.6977563,1
2413665056,2413664646,0.7155158,0.001882101,-0.004211329,0.69858146,0.71633524,-7.848939e-10,2.6020643e-09,0.6977563,1
2413675148,2413674757,0.71548724,0.0020837993,-0.0042561856,0.69860977,0.71633524,-7.848939e-10,2.6020643e-09,0.6977563,1
2413685641,2413684825,0.71551657,0.0022603062,-0.0043300805,0.6985787,0.71633524,-7.848939e-10,2.6020643e-09,0.6977563,1
2413690750,2413689878,0.7155284,0.0023560333,-0.0044009136,0.6985658,0.71633524,-7.848939e-10,2.6020643e-09,0.6977563,1
2413699372,2413695278,0.71557295,0.0023893418,-0.00438306,0.69852024,0.71633524,-7.848939e-10,2.6020643e-09,0.6977563,1
2413700558,2413699990,0.7155535,0.002440934,-0.004419577,0.6985397,0.71633524,-7.848939e-10,2.6020643e-09,0.6977563,1
2413705666,2413705029,0.7155396,0.0024840469,-0.004459609,0.69855356,0.71633524,-7.848939e-10,2.6020643e-09,0.6977563,1
2413714640,2413710081,0.7155919,0.0024832205,-0.004446156,0.69850004,0.71633524,-7.848939e-10,2.6020643e-09,0.6977563,1
2413716695,2413715182,0.7155691,0.0025285431,-0.0044914125,0.69852304,0.71633524,-7.848939e-10,2.6020643e-09,0.6977563,1
2413720792,2413720225,0.7155451,0.0025649378,-0.004515384,0.69854736,0.71633524,-7.848939e-10,2.6020643e-09,0.6977563,1
2413730957,2413730418,0.71559656,0.0026459983,-0.0045259814,0.6984942,0.71633524,-7.848939e-10,2.6020643e-09,0.6977563,1
2413735922,2413735372,0.7156098,0.0027069976,-0.0045253164,0.69848037,0.71633524,-7.848939e-10,2.6020643e-09,0.6977563,1
2413741516,2413740441,0.71562505,0.0027445734,-0.0045218198,0.6984647,0.71633524,-7.848939e-10,2.6020643e-09,0.6977563,1
2413751169,2413745506,0.715596,0.0027873302,-0.0045097475,0.6984943,0.71633524,-7.848939e-10,2.6020643e-09,0.6977563,1
2413756373,2413755704,0.71559554,0.0029021672,-0.004482061,0.6984945,0.71633524,-7.848939e-10,2.6020643e-09,0.6977563,1
2413761500,2413760676,0.715571,0.002969569,-0.0044810004,0.69851935,0.71633524,-7.848939e-10,2.6020643e-09,0.6977563,1
2413772480,2413772021,0.7155848,0.003162483,-0.0044868137,0.69850427,0.71633524,-7.848939e-10,2.6020643e-09,0.6977563,1
2413782890,2413782081,0.71555007,0.0033241613,-0.0045077596,0.698539,0.71633524,-7.848939e-10,2.6020643e-09,0.6977563,1
2413787765,2413787157,0.71555215,0.0033900375,-0.004536983,0.6985364,0.71633524,-7.848939e-10,2.6020643e-09,0.6977563,1
2413793050,2413792405,0.71554947,0.003511631,-0.004604138,0.6985381,0.71633524,-7.848939e-10,2.6020643e-09,0.6977563,1
2413804125,2413803458,0.71554863,0.003649721,-0.004652207,0.69853795,0.71633524,-7.848939e-10,2.6020643e-09,0.6977563,1
2413814827,2413812428,0.71550024,0.003742509,-0.004609118,0.6985873,0.71633524,-7.848939e-10,2.6020643e-09,0.6977563,1
2413823254,2413822598,0.7155403,0.0039236117,-0.0046359254,0.69854516,0.71633524,-7.848939e-10,2.6020643e-09,0.6977563,1
2413828200,2413827587,0.71551985,0.0039941864,-0.0045724427,0.6985661,0.71633524,-7.848939e-10,2.6020643e-09,0.6977563,1
2413838430,2413837679,0.7155282,0.0041469876,-0.00453446,0.6985569,0.71633524,-7.848939e-10,2.6020643e-09,0.6977563,1
2413848740,2413847853,0.71545213,0.004305533,-0.004475267,0.6986342,0.71633524,-7.848939e-10,2.6020643e-09,0.6977563,1
2413858623,2413857899,0.7154513,0.0045299493,-0.0044686766,0.69863373,0.71633524,-7.848939e-10,2.6020643e-09,0.6977563,1
2413863685,2413862936,0.7154569,0.004639276,-0.004474181,0.6986272,0.71633524,-7.848939e-10,2.6020643e-09,0.6977563,1
2413873643,2413873180,0.7154444,0.0048916927,-0.004513583,0.698638,0.71633524,-7.848939e-10,2.6020643e-09,0.6977563,1
2413878908,2413878313,0.7154777,0.0050321687,-0.0045712623,0.69860256,0.71633524,-7.848939e-10,2.6020643e-09,0.6977563,1
2413883818,2413883199,0.7155228,0.0050999406,-0.0045988183,0.6985557,0.71633524,-7.848939e-10,2.6020643e-09,0.6977563,1
2413895219,2413894650,0.7155435,0.0052317535,-0.0046425094,0.69853324,0.71633524,-7.848939e-10,2.6020643e-09,0.6977563,1
2413904178,2413903344,0.7155263,0.0053055077,-0.004621531,0.69855046,0.71633524,-7.848939e-10,2.6020643e-09,0.6977563,1
2413909042,2413908414,0.7155275,0.005377158,-0.004619884,0.6985487,0.71633524,-7.848939e-10,2.6020643e-09,0.6977563,1
2413914094,2413913480,0.71559083,0.0054107253,-0.004572131,0.6984838,0.71633524,-7.848939e-10,2.6020643e-09,0.6977563,1
2413919064,2413918525,0.7155912,0.005459758,-0.004558061,0.69848317,0.71633524,-7.848939e-10,2.6020643e-09,0.6977563,1
2413929368,2413923565,0.71558475,0.005583857,-0.0045877974,0.6984886,0.71633524,-7.848939e-10,2.6020643e-09,0.6977563,1
2413934385,2413933722,0.7156124,0.00577327,-0.004593091,0.6984586,0.71633524,-7.848939e-10,2.6020643e-09,0.6977563,1
2413944529,2413942537,0.7155818,0.006079898,-0.0046996484,0.69848675,0.71633524,-7.848939e-10,2.6020643e-09,0.6977563,1
2413953265,2413952656,0.7155894,0.0062600244,-0.004637241,0.69847775,0.71633524,-7.848939e-10,2.6020643e-09,0.6977563,1
2413964343,2413963786,0.71555,0.0064847795,-0.0045244745,0.6985168,0.71633524,-7.848939e-10,2.6020643e-09,0.6977563,1
2413968503,2413967933,0.715545,0.0065567987,-0.0045009037,0.6985214,0.71633524,-7.848939e-10,2.6020643e-09,0.6977563,1
2413973596,2413972958,0.7155373,0.006692674,-0.0044820667,0.6985281,0.71633524,-7.848939e-10,2.6020643e-09,0.6977563,1
2413978599,2413977912,0.71549916,0.0067829005,-0.004414666,0.69856673,0.71633524,-7.848939e-10,2.6020643e-09,0.6977563,1
2413990658,2413988039,0.71548116,0.007001118,-0.004375722,0.6985833,0.71633524,-7.848939e-10,2.6020643e-09,0.6977563,1
2413998964,2413998117,0.71542466,0.007135362,-0.004309969,0.6986402,0.71633524,-7.848939e-10,2.6020643e-09,0.6977563,1
2414003754,2414003123,0.7154339,0.0072307186,-0.0043105064,0.6986298,0.71633524,-7.848939e-10,2.6020643e-09,0.6977563,1
2414015579,2414014763,0.71540034,0.007400335,-0.0043147877,0.6986623,0.71633524,-7.848939e-10,2.6020643e-09,0.6977563,1
2414025349,2414024724,0.7153268,0.0074511133,-0.0043258774,0.69873697,0.71633524,-7.848939e-10,2.6020643e-09,0.6977563,1
2414030417,2414029715,0.71543854,0.007554534,-0.0044323,0.6986208,0.71633524,-7.848939e-10,2.6020643e-09,0.6977563,1
2414035290,2414034764,0.7153584,0.0075782356,-0.004410195,0.69870275,0.71633524,-7.848939e-10,2.6020643e-09,0.6977563,1
2414045347,2414044906,0.7153524,0.007632377,-0.0044872276,0.6987078,0.71633524,-7.848939e-10,2.6020643e-09,0.6977563,1
2414055649,2414050046,0.7152966,0.0076208957,-0.0044775126,0.6987651,0.71633524,-7.848939e-10,2.6020643e-09,0.6977563,1
2414056657,2414056254,0.7153022,0.007637393,-0.0045122807,0.6987589,0.71633524,-7.848939e-10,2.6020643e-09,0.6977563,1
2414065663,2414065018,0.7152143,0.007652162,-0.0044726566,0.69884896,0.71633524,-7.848939e-10,2.6020643e-09,0.6977563,1
2414075905,2414073985,0.7151348,0.0077378578,-0.0044986163,0.6989292,0.71633524,-7.848939e-10,2.6020643e-09,0.6977563,1
2414080036,2414079399,0.7152152,0.007834772,-0.004476963,0.69884604,0.71633524,-7.848939e-10,2.6020643e-09,0.6977563,1
2414089783,2414087765,0.71513915,0.0080322595,-0.004520647,0.6989213,0.71633524,-7.848939e-10,2.6020643e-09,0.6977563,1
2414093533,2414092966,0.7150383,0.008171647,-0.004569851,0.6990226,0.71633524,-7.848939e-10,2.6020643e-09,0.6977563,1
2414098462,2414097877,0.7150289,0.008314066,-0.0046040164,0.6990303,0.71633524,-7.848939e-10,2.6020643e-09,0.6977563,1
2414103614,2414103010,0.7149944,0.008430232,-0.004650726,0.6990639,0.71633524,-7.848939e-10,2.6020643e-09,0.6977563,1
2414109043,2414108438,0.714891,0.0085601015,-0.0047221924,0.69916767,0.71633524,-7.848939e-10,2.6020643e-09,0.6977563,1
2414113822,2414113150,0.71490604,0.008625748,-0.004760071,0.69915116,0.71633524,-7.848939e-10,2.6020643e-09,0.6977563,1
2414118980,2414118252,0.7148728,0.008674133,-0.00479017,0.6991844,0.71633524,-7.848939e-10,2.6020643e-09,0.6977563,1
2414123790,2414123172,0.71477944,0.008720949,-0.004862325,0.69927865,0.71633524,-7.848939e-10,2.6020643e-09,0.6977563,1
2414133954,2414128234,0.71478343,0.008752282,-0.004919907,0.6992738,0.71633524,-7.848939e-10,2.6020643e-09,0.6977563,1
2414138979,2414138420,0.71469593,0.008756209,-0.005017882,0.6993626,0.71633524,-7.848939e-10,2.6020643e-09,0.6977563,1
2414150113,2414148384,0.7146656,0.0087293,-0.0050998977,0.6993933,0.71633524,-7.848939e-10,2.6020643e-09,0.6977563,1
2414154080,2414153509,0.7146076,0.0087695625,-0.0052340757,0.699451,0.71633524,-7.848939e-10,2.6020643e-09,0.6977563,1
2414164178,2414158634,0.71454924,0.008762061,-0.0052762227,0.69951046,0.71633524,-7.848939e-10,2.6020643e-09,0.6977563,1
2414166470,2414165033,0.71452516,0.008731847,-0.005354454,0.69953483,0.71633524,-7.848939e-10,2.6020643e-09,0.6977563,1
2414170463,2414169891,0.71445835,0.008772547,-0.0054237386,0.69960195,0.71633524,-7.848939e-10,2.6020643e-09,0.6977563,1
2414179310,2414178717,0.7144004,0.008775433,-0.0055277133,0.69966024,0.71633524,-7.848939e-10,2.6020643e-09,0.6977563,1
2414188412,2414183857,0.7143689,0.008817669,-0.0056252778,0.6996912,0.71633524,-7.848939e-10,2.6020643e-09,0.6977563,1
2414194473,2414193922,0.71427953,0.008926616,-0.005719405,0.6997803,0.71633524,-7.848939e-10,2.6020643e-09,0.6977563,1
2414204617,2414204069,0.7142489,0.00898228,-0.005791474,0.6998102,0.71633524,-7.848939e-10,2.6020643e-09,0.6977563,1
2414215920,2414214203,0.71413034,0.008978492,-0.005745433,0.6999317,0.71633524,-7.848939e-10,2.6020643e-09,0.6977563,1
2414224970,2414224215,0.71406317,0.008951024,-0.0057454742,0.7000006,0.71633524,-7.848939e-10,2.6020643e-09,0.6977563,1
2414235005,2414234342,0.7140397,0.008890951,-0.0058419732,0.7000244,0.71633524,-7.848939e-10,2.6020643e-09,0.6977563,1
2414239907,2414239348,0.71399003,0.008829546,-0.005834808,0.7000759,0.71633524,-7.848939e-10,2.6020643e-09,0.6977563,1
2414250193,2414249549,0.71389407,0.008785063,-0.005978285,0.7001731,0.71633524,-7.848939e-10,2.6020643e-09,0.6977563,1
2414258963,2414258354,0.71385443,0.008802502,-0.0059844875,0.70021325,0.71633524,-7.848939e-10,2.6020643e-09,0.6977563,1
2414269147,2414263416,0.7137495,0.008793286,-0.00600921,0.70032007,0.71633524,-7.848939e-10,2.6020643e-09,0.6977563,1
2414271370,2414269681,0.71376026,0.0088169575,-0.006033847,0.7003087,0.71633524,-7.848939e-10,2.6020643e-09,0.6977563,1
2414275288,2414274732,0.7136424,0.008817439,-0.0060447217,0.70042866,0.71633524,-7.848939e-10,2.6020643e-09,0.6977563,1
2414280444,2414279857,0.71366125,0.00891065,-0.006068654,0.70040804,0.71633524,-7.848939e-10,2.6020643e-09,0.6977563,1
2414290731,2414289962,0.7135787,0.008973061,-0.006054329,0.70049155,0.71633524,-7.848939e-10,2.6020643e-09,0.6977563,1
2414299480,2414298909,0.7135431,0.009031159,-0.0061095585,0.7005265,0.71633524,-7.848939e-10,2.6020643e-09,0.6977563,1
2414304457,2414303856,0.7135424,0.009038714,-0.006117145,0.700527,0.71633524,-7.848939e-10,2.6020643e-09,0.6977563,1
2414313298,2414309151,0.7134618,0.009027856,-0.0061447383,0.7006091,0.71633524,-7.848939e-10,2.6020643e-09,0.6977563,1
2414328491,2414324607,0.7133938,0.008971321,-0.006194168,0.70067865,0.71633524,-7.848939e-10,2.6020643e-09,0.6977563,1
2414330193,2414329742,0.7133327,0.008974515,-0.0062453533,0.7007403,0.71633524,-7.848939e-10,2.6020643e-09,0.6977563,1
2414334957,2414334357,0.71333534,0.008888678,-0.006228671,0.70073885,0.71633524,-7.848939e-10,2.6020643e-09,0.6977563,1
2414346315,2414345456,0.7133299,0.008759934,-0.0062241997,0.7007461,0.71633524,-7.848939e-10,2.6020643e-09,0.6977563,1
2414355030,2414354369,0.71334517,0.008647584,-0.0062432983,0.70073175,0.71633524,-7.848939e-10,2.6020643e-09,0.6977563,1
2414363941,2414363249,0.7132844,0.008591504,-0.0063155415,0.7007937,0.71633524,-7.848939e-10,2.6020643e-09,0.6977563,1
2414369030,2414368518,0.71326953,0.008631806,-0.0063849115,0.7008077,0.71633524,-7.848939e-10,2.6020643e-09,0.6977563,1
2414380131,2414379658,0.7132435,0.008557684,-0.0064745015,0.7008342,0.71633524,-7.848939e-10,2.6020643e-09,0.6977563,1
2414385579,2414384682,0.7132279,0.008493786,-0.0064730155,0.70085084,0.71633524,-7.848939e-10,2.6020643e-09,0.6977563,1
2414395416,2414393452,0.7132145,0.008495261,-0.006606934,0.70086324,0.71633524,-7.848939e-10,2.6020643e-09,0.6977563,1
2414399491,2414398699,0.7131865,0.008504991,-0.006659345,0.70089114,0.71633524,-7.848939e-10,2.6020643e-09,0.6977563,1
2414409239,2414403549,0.7131426,0.00844083,-0.0066618854,0.7009366,0.71633524,-7.848939e-10,2.6020643e-09,0.6977563,1
2414411159,2414409945,0.7131444,0.0084321555,-0.006751798,0.70093393,0.71633524,-7.848939e-10,2.6020643e-09,0.6977563,1
2414415578,2414414988,0.71310043,0.00831326,-0.00671491,0.70098054,0.71633524,-7.848939e-10,2.6020643e-09,0.6977563,1
2414420561,2414419955,0.7131498,0.008274407,-0.006809035,0.7009298,0.71633524,-7.848939e-10,2.6020643e-09,0.6977563,1
2414430029,2414428879,0.7131289,0.008094044,-0.0067586307,0.70095366,0.71633524,-7.848939e-10,2.6020643e-09,0.6977563,1
2414439607,2414433908,0.7131078,0.007987828,-0.0067103463,0.70097685,0.71633524,-7.848939e-10,2.6020643e-09,0.6977563,1
2414444592,2414444043,0.71312165,0.007785071,-0.0066850604,0.7009653,0.71633524,-7.848939e-10,2.6020643e-09,0.6977563,1
2414453536,2414452901,0.7130299,0.007607769,-0.0066277455,0.701061,0.71633524,-7.848939e-10,2.6020643e-09,0.6977563,1
2414458384,2414457905,0.7130441,0.0074893488,-0.006627671,0.7010479,0.71633524,-7.848939e-10,2.6020643e-09,0.6977563,1
2414467338,2414463090,0.7131231,0.0074554323,-0.0066811712,0.70096743,0.71633524,-7.848939e-10,2.6020643e-09,0.6977563,1
2414473713,2414473064,0.71306205,0.007241548,-0.006627333,0.7010323,0.71633524,-7.848939e-10,2.6020643e-09,0.6977563,1
2414483883,2414483171,0.71303576,0.0070617762,-0.0065577147,0.7010614,0.71633524,-7.848939e-10,2.6020643e-09,0.6977563,1
2414488766,2414487705,0.7129859,0.0070318407,-0.0065495833,0.7011125,0.71633524,-7.848939e-10,2.6020643e-09,0.6977563,1
2414492636,2414492067,0.71299374,0.007001957,-0.006578559,0.70110464,0.71633524,-7.848939e-10,2.6020643e-09,0.6977563,1
2414503825,2414503378,0.71300185,0.0069194622,-0.006572532,0.70109725,0.71633524,-7.848939e-10,2.6020643e-09,0.6977563,1
2414512943,2414512342,0.71304667,0.006821845,-0.0065254467,0.701053,0.71633524,-7.848939e-10,2.6020643e-09,0.6977563,1
2414517853,2414517365,0.7130363,0.006725484,-0.0065061664,0.70106465,0.71633524,-7.848939e-10,2.6020643e-09,0.6977563,1
2414526612,2414522934,0.7129762,0.006708882,-0.0065403054,0.7011256,0.71633524,-7.848939e-10,2.6020643e-09,0.6977563,1
2414527912,2414527419,0.7129678,0.0066184653,-0.0065142433,0.70113534,0.71633524,-7.848939e-10,2.6020643e-09,0.6977563,1
2414538138,2414537579,0.7129558,0.0063864915,-0.0064434945,0.7011503,0.71633524,-7.848939e-10,2.6020643e-09,0.6977563,1
2414543552,2414542598,0.71299213,0.006267173,-0.006337662,0.70111537,0.71633524,-7.848939e-10,2.6020643e-09,0.6977563,1
2414553207,2414549112,0.7129609,0.006116591,-0.0062568043,0.70114917,0.71633524,-7.848939e-10,2.6020643e-09,0.6977563,1
2414554894,2414554114,0.71295094,0.0060091196,-0.006128958,0.70116144,0.71633524,-7.848939e-10,2.6020643e-09,0.6977563,1
2414564591,2414562774,0.7129202,0.0058225663,-0.0059066904,0.70119613,0.71633524,-7.848939e-10,2.6020643e-09,0.6977563,1
2414573496,2414572850,0.7128763,0.0056826747,-0.0056659505,0.7012439,0.71633524,-7.848939e-10,2.6020643e-09,0.6977563,1
2414582402,2414581665,0.7128383,0.0055511706,-0.0054244017,0.7012855,0.71633524,-7.848939e-10,2.6020643e-09,0.6977563,1
2414587446,2414586762,0.7128638,0.005541108,-0.0054007987,0.7012599,0.71633524,-7.848939e-10,2.6020643e-09,0.6977563,1
2414598659,2414598126,0.7128032,0.005483735,-0.005223642,0.7013232,0.71633524,-7.848939e-10,2.6020643e-09,0.6977563,1
2414603938,2414603332,0.7127854,0.005436418,-0.0051365253,0.7013422,0.71633524,-7.848939e-10,2.6020643e-09,0.6977563,1
2414608849,2414608199,0.7127567,0.0053746477,-0.0050514587,0.7013726,0.71633524,-7.848939e-10,2.6020643e-09,0.6977563,1
2414618847,2414618372,0.7128359,0.0052708015,-0.004983736,0.7012934,0.71633524,-7.848939e-10,2.6020643e-09,0.6977563,1
2414629461,2414628461,0.71282125,0.005110425,-0.004922517,0.70131,0.71633524,-7.848939e-10,2.6020643e-09,0.6977563,1
2414640374,2414639788,0.71273685,0.0048773023,-0.004823613,0.7013981,0.71633524,-7.848939e-10,2.6020643e-09,0.6977563,1
2414644081,2414643569,0.7127181,0.0048022163,-0.0047977995,0.7014178,0.71633524,-7.848939e-10,2.6020643e-09,0.6977563,1
2414653051,2414648765,0.7127501,0.00469095,-0.004721763,0.7013866,0.71633524,-7.848939e-10,2.6020643e-09,0.6977563,1
2414659369,2414658744,0.7127298,0.0044659115,-0.0045657465,0.7014096,0.71633524,-7.848939e-10,2.6020643e-09,0.6977563,1
2414664301,2414663765,0.7127773,0.0043692724,-0.0044973325,0.7013624,0.71633524,-7.848939e-10,2.6020643e-09,0.6977563,1
2414675686,2414675066,0.71274215,0.004240812,-0.0043752766,0.70139974,0.71633524,-7.848939e-10,2.6020643e-09,0.6977563,1
2414684577,2414684026,0.7127397,0.0040501077,-0.0042365,0.70140415,0.71633524,-7.848939e-10,2.6020643e-09,0.6977563,1
2414689692,2414689113,0.7127038,0.004026053,-0.0042654998,0.70144063,0.71633524,-7.848939e-10,2.6020643e-09,0.6977563,1
2414694605,2414694127,0.712728,0.0038927065,-0.004165581,0.70141745,0.71633524,-7.848939e-10,2.6020643e-09,0.6977563,1
2414703545,2414699268,0.7127334,0.0038000336,-0.0041486244,0.70141256,0.71633524,-7.848939e-10,2.6020643e-09,0.6977563,1
2414711690,2414710615,0.71275324,0.0035884718,-0.0041034906,0.7013937,0.71633524,-7.848939e-10,2.6020643e-09,0.6977563,1
2414716344,2414715557,0.7127562,0.0035525623,-0.0040915883,0.7013909,0.71633524,-7.848939e-10,2.6020643e-09,0.6977563,1
2414726272,2414725675,0.71280783,0.0034264133,-0.0040379083,0.7013394,0.71633524,-7.848939e-10,2.6020643e-09,0.6977563,1
2414735156,2414734533,0.71282554,0.0033694366,-0.0039968337,0.70132196,0.71633524,-7.848939e-10,2.6020643e-09,0.6977563,1
2414745142,2414744692,0.7128345,0.0031862222,-0.0039092856,0.7013143,0.71633524,-7.848939e-10,2.6020643e-09,0.6977563,1
2414754404,2414753719,0.71288794,0.0030978685,-0.0038530843,0.70126057,0.71633524,-7.848939e-10,2.6020643e-09,0.6977563,1
2414759111,2414758577,0.71285146,0.0030112597,-0.0037934736,0.70129836,0.71633524,-7.848939e-10,2.6020643e-09,0.6977563,1
2414764096,2414763516,0.71288687,0.0029340656,-0.003762998,0.7012629,0.71633524,-7.848939e-10,2.6020643e-09,0.6977563,1
2414769183,2414768605,0.7129341,0.0028976249,-0.003716429,0.7012152,0.71633524,-7.848939e-10,2.6020643e-09,0.6977563,1
2414777986,2414773783,0.7128033,0.0027762735,-0.0036099802,0.70134926,0.71633524,-7.848939e-10,2.6020643e-09,0.6977563,1
2414784307,2414778791,0.71285814,0.0027263486,-0.0035710295,0.7012939,0.71633524,-7.848939e-10,2.6020643e-09,0.6977563,1
2414786321,2414785041,0.7128283,0.0026100932,-0.0035148636,0.701325,0.71633524,-7.848939e-10,2.6020643e-09,0.6977563,1
2414795669,2414795131,0.71289486,0.0025293918,-0.0034604066,0.7012579,0.71633524,-7.848939e-10,2.6020643e-09,0.6977563,1
2414804536,2414803989,0.712843,0.0024906427,-0.0033894472,0.70131105,0.71633524,-7.848939e-10,2.6020643e-09,0.6977563,1
2414809604,2414809070,0.7128684,0.0024938993,-0.0033680238,0.70128536,0.71633524,-7.848939e-10,2.6020643e-09,0.6977563,1
2414821000,2414820443,0.71292084,0.0024012697,-0.0031964972,0.7012332,0.71633524,-7.848939e-10,2.6020643e-09,0.6977563,1
2414831086,2414830485,0.7129715,0.0022421044,-0.0030132448,0.7011831,0.71633524,-7.848939e-10,2.6020643e-09,0.6977563,1
2414836369,2414835566,0.712994,0.002159123,-0.0029193258,0.7011608,0.71633524,-7.848939e-10,2.6020643e-09,0.6977563,1
2414841291,2414840649,0.71304166,0.0020407173,-0.0028057625,0.70111316,0.71633524,-7.848939e-10,2.6020643e-09,0.6977563,1
2414846412,2414845733,0.7130363,0.0019528886,-0.00278236,0.70111895,0.71633524,-7.848939e-10,2.6020643e-09,0.6977563,1
2414855115,2414850773,0.7130375,0.0018630873,-0.0027384516,0.7011181,0.71633524,-7.848939e-10,2.6020643e-09,0.6977563,1
2414865260,2414864590,0.71312773,0.0014875202,-0.0025918942,0.70102775,0.71633524,-7.848939e-10,2.6020643e-09,0.6977563,1
2414870235,2414869656,0.7131382,0.0013898438,-0.002542715,0.7010175,0.71633524,-7.848939e-10,2.6020643e-09,0.6977563,1
2414875425,2414874766,0.7131831,0.0012527658,-0.0024523346,0.70097244,0.71633524,-7.848939e-10,2.6020643e-09,0.6977563,1
2414885270,2414879855,0.7132139,0.0011348805,-0.0024066353,0.70094144,0.71633524,-7.848939e-10,2.6020643e-09,0.6977563,1
2414887533,2414886956,0.7132129,0.0009898114,-0.0022781128,0.7009431,0.71633524,-7.848939e-10,2.6020643e-09,0.6977563,1
2414891584,2414891117,0.7132471,0.00092547195,-0.0022180113,0.70090854,0.71633524,-7.848939e-10,2.6020643e-09,0.6977563,1
2414902047,2414901242,0.71324885,0.00078992225,-0.0020299223,0.7009076,0.71633524,-7.848939e-10,2.6020643e-09,0.6977563,1
2414913004,2414912623,0.7133214,0.00061468786,-0.0018037707,0.7008345,0.71633524,-7.848939e-10,2.6020643e-09,0.6977563,1
2414923377,2414921443,0.713444,0.0005154288,-0.001685698,0.70071006,0.71633524,-7.848939e-10,2.6020643e-09,0.6977563,1
2414932076,2414931533,0.7134174,0.00029783003,-0.0014985048,0.70073766,0.71633524,-7.848939e-10,2.6020643e-09,0.6977563,1
2414941346,2414940737,0.7135595,0.00014140565,-0.0014875943,0.7005931,0.71633524,-7.848939e-10,2.6020643e-09,0.6977563,1
2414946141,2414945489,0.71357185,3.4966208e-05,-0.001436769,0.7005806,0.71633524,-7.848939e-10,2.6020643e-09,0.6977563,1
2414951191,2414950584,0.71356803,-8.943272e-05,-0.0014212548,0.7005846,0.71633524,-7.848939e-10,2.6020643e-09,0.6977563,1
2414956044,2414955561,0.71364033,-0.00017521385,-0.0014114382,0.7005109,0.71633524,-7.848939e-10,2.6020643e-09,0.6977563,1
2414961279,2414960700,0.7136532,-0.0002970451,-0.0013371599,0.7004979,0.71633524,-7.848939e-10,2.6020643e-09,0.6977563,1
2414966188,2414965662,0.7136522,-0.00036339508,-0.0013338934,0.7004989,0.71633524,-7.848939e-10,2.6020643e-09,0.6977563,1
2414975145,2414970938,0.71370006,-0.00037549072,-0.001301383,0.7004502,0.71633524,-7.848939e-10,2.6020643e-09,0.6977563,1
2414983094,2414980859,0.7137345,-0.00042300686,-0.0012163388,0.70041525,0.71633524,-7.848939e-10,2.6020643e-09,0.6977563,1
2414986503,2414985884,0.71374524,-0.00042266087,-0.0011497677,0.70040435,0.71633524,-7.848939e-10,2.6020643e-09,0.6977563,1
2414991591,2414990982,0.7137905,-0.00043968525,-0.001095135,0.7003584,0.71633524,-7.848939e-10,2.6020643e-09,0.6977563,1
2414996538,2414996013,0.7137851,-0.00041358432,-0.0010884677,0.7003639,0.71633524,-7.848939e-10,2.6020643e-09,0.6977563,1
2415005443,2415001080,0.7137901,-0.0004321893,-0.0009952193,0.7003588,0.71633524,-7.848939e-10,2.6020643e-09,0.6977563,1
2415006726,2415006276,0.7138295,-0.00046530785,-0.00094901037,0.7003187,0.71633524,-7.848939e-10,2.6020643e-09,0.6977563,1
2415015489,2415011259,0.7138316,-0.00048193193,-0.00094690546,0.70031655,0.71633524,-7.848939e-10,2.6020643e-09,0.6977563,1
2415021930,2415020162,0.7138683,-0.00052703626,-0.00084894703,0.70027924,0.71633524,-7.848939e-10,2.6020643e-09,0.6977563,1
2415030720,2415025071,0.71387917,-0.0005823747,-0.0008267917,0.70026827,0.71633524,-7.848939e-10,2.6020643e-09,0.6977563,1
2415035635,2415035102,0.71392936,-0.00065046485,-0.0007710782,0.7002171,0.71633524,-7.848939e-10,2.6020643e-09,0.6977563,1
2415040801,2415040211,0.7139374,-0.0008025934,-0.0007204982,0.7002087,0.71633524,-7.848939e-10,2.6020643e-09,0.6977563,1
2415049696,2415049097,0.7140036,-0.00086104736,-0.0007589341,0.7001411,0.71633524,-7.848939e-10,2.6020643e-09,0.6977563,1
2415058414,2415054641,0.713956,-0.0009122544,-0.0007351856,0.70018965,0.71633524,-7.848939e-10,2.6020643e-09,0.6977563,1
2415059657,2415059203,0.7139705,-0.0009685283,-0.00078961963,0.70017475,0.71633524,-7.848939e-10,2.6020643e-09,0.6977563,1
2415064733,2415064204,0.71407735,-0.00096489827,-0.00088535104,0.7000656,0.71633524,-7.848939e-10,2.6020643e-09,0.6977563,1
2415069885,2415069303,0.7140611,-0.0009964594,-0.0009268032,0.70008206,0.71633524,-7.848939e-10,2.6020643e-09,0.6977563,1
2415075045,2415074436,0.71400243,-0.001044145,-0.00094424956,0.7001418,0.71633524,-7.848939e-10,2.6020643e-09,0.6977563,1
2415080029,2415079424,0.714101,-0.0010548515,-0.0010027628,0.7000411,0.71633524,-7.848939e-10,2.6020643e-09,0.6977563,1
2415084922,2415084394,0.71405655,-0.0010917943,-0.001008731,0.7000865,0.71633524,-7.848939e-10,2.6020643e-09,0.6977563,1
2415093693,2415089479,0.71407735,-0.0011260802,-0.0009997353,0.70006526,0.71633524,-7.848939e-10,2.6020643e-09,0.6977563,1
2415095314,2415094919,0.7141526,-0.0011751598,-0.0010114947,0.6999884,0.71633524,-7.848939e-10,2.6020643e-09,0.6977563,1
2415100045,2415099538,0.71414226,-0.0012346212,-0.0009789934,0.69999886,0.71633524,-7.848939e-10,2.6020643e-09,0.6977563,1
2415110158,2415104662,0.7141424,-0.0012393801,-0.0009867213,0.69999874,0.71633524,-7.848939e-10,2.6020643e-09,0.6977563,1
2415115251,2415114757,0.71414775,-0.0012867259,-0.00090746814,0.69999325,0.71633524,-7.848939e-10,2.6020643e-09,0.6977563,1
2415120389,2415119766,0.71413153,-0.0012816855,-0.0009130958,0.7000098,0.71633524,-7.848939e-10,2.6020643e-09,0.6977563,1
2415125457,2415124847,0.71415687,-0.001327294,-0.00083548855,0.6999839,0.71633524,-7.848939e-10,2.6020643e-09,0.6977563,1
2415136313,2415134953,0.7141442,-0.0013184799,-0.0007995077,0.69999695,0.71633524,-7.848939e-10,2.6020643e-09,0.6977563,1
2415140727,2415140133,0.7141721,-0.0013525562,-0.00072525186,0.6999684,0.71633524,-7.848939e-10,2.6020643e-09,0.6977563,1
2415145586,2415145009,0.71418506,-0.0013611095,-0.0007530168,0.69995517,0.71633524,-7.848939e-10,2.6020643e-09,0.6977563,1
2415154428,2415150090,0.7141663,-0.0013372373,-0.00080782693,0.6999744,0.71633524,-7.848939e-10,2.6020643e-09,0.6977563,1
2415156449,2415155911,0.7141475,-0.0013583882,-0.0008280426,0.69999343,0.71633524,-7.848939e-10,2.6020643e-09,0.6977563,1
2415165841,2415160242,0.7141683,-0.0013879786,-0.00088546483,0.6999721,0.71633524,-7.848939e-10,2.6020643e-09,0.6977563,1
2415167790,2415166690,0.71415615,-0.0014082952,-0.0009378824,0.69998443,0.71633524,-7.848939e-10,2.6020643e-09,0.6977563,1
2415172106,2415171568,0.7141947,-0.0014795376,-0.0010055754,0.69994485,0.71633524,-7.848939e-10,2.6020643e-09,0.6977563,1
2415181380,2415180469,0.714228,-0.0015157475,-0.0011180238,0.6999106,0.71633524,-7.848939e-10,2.6020643e-09,0.6977563,1
2415186024,2415185434,0.71422696,-0.0015644988,-0.0011186764,0.69991153,0.71633524,-7.848939e-10,2.6020643e-09,0.6977563,1
2415191169,2415190522,0.71423614,-0.0016167971,-0.0011382198,0.69990206,0.71633524,-7.848939e-10,2.6020643e-09,0.6977563,1
2415196057,2415195546,0.7142766,-0.0016367377,-0.0011576518,0.69986063,0.71633524,-7.848939e-10,2.6020643e-09,0.6977563,1
2415205148,2415201035,0.7142528,-0.0016608783,-0.0011226449,0.6998849,0.71633524,-7.848939e-10,2.6020643e-09,0.6977563,1
2415211265,2415205653,0.71426046,-0.0017262539,-0.0011140582,0.69987696,0.71633524,-7.848939e-10,2.6020643e-09,0.6977563,1
2415213576,2415213004,0.7142436,-0.0017125681,-0.001119493,0.6998942,0.71633524,-7.848939e-10,2.6020643e-09,0.6977563,1
2415217675,2415217097,0.714226,-0.0017562831,-0.0011042947,0.6999121,0.71633524,-7.848939e-10,2.6020643e-09,0.6977563,1
2415227858,2415227183,0.7143103,-0.0017669443,-0.001165081,0.69982594,0.71633524,-7.848939e-10,2.6020643e-09,0.6977563,1
2415232893,2415232160,0.71430427,-0.0018073027,-0.0011956455,0.69983196,0.71633524,-7.848939e-10,2.6020643e-09,0.6977563,1
2415238234,2415237611,0.7144406,-0.0018144122,-0.001324411,0.69969255,0.71633524,-7.848939e-10,2.6020643e-09,0.6977563,1
2415242891,2415242359,0.7144324,-0.0018620417,-0.0013815357,0.6997006,0.71633524,-7.848939e-10,2.6020643e-09,0.6977563,1
2415253348,2415252525,0.7144869,-0.0018768825,-0.0015917271,0.6996445,0.71633524,-7.848939e-10,2.6020643e-09,0.6977563,1
2415264648,2415264044,0.7145018,-0.0019249098,-0.0017854028,0.6996288,0.71633524,-7.848939e-10,2.6020643e-09,0.6977563,1
2415274660,2415272763,0.7145228,-0.0019926867,-0.0018827791,0.69960684,0.71633524,-7.848939e-10,2.6020643e-09,0.6977563,1
2415283417,2415282738,0.7145553,-0.002026658,-0.0019948098,0.6995732,0.71633524,-7.848939e-10,2.6020643e-09,0.6977563,1
2415288476,2415287833,0.7145846,-0.0020714921,-0.0020485334,0.69954306,0.71633524,-7.848939e-10,2.6020643e-09,0.6977563,1
2415293350,2415292805,0.714587,-0.0020309093,-0.0021173707,0.6995405,0.71633524,-7.848939e-10,2.6020643e-09,0.6977563,1
2415298512,2415297951,0.7145991,-0.0020767304,-0.002066877,0.69952816,0.71633524,-7.848939e-10,2.6020643e-09,0.6977563,1
2415303494,2415302921,0.71464866,-0.002057994,-0.0020843248,0.6994775,0.71633524,-7.848939e-10,2.6020643e-09,0.6977563,1
2415308600,2415308016,0.71461767,-0.0019437538,-0.0021594365,0.69950926,0.71633524,-7.848939e-10,2.6020643e-09,0.6977563,1
2415319608,2415319070,0.7146985,-0.0018664905,-0.0021545824,0.69942695,0.71633524,-7.848939e-10,2.6020643e-09,0.6977563,1
2415328671,2415323151,0.7147218,-0.0018222505,-0.0021874392,0.69940317,0.71633524,-7.848939e-10,2.6020643e-09,0.6977563,1
2415330870,2415329729,0.7147563,-0.0018249933,-0.0022034962,0.6993678,0.71633524,-7.848939e-10,2.6020643e-09,0.6977563,1
2415335178,2415334518,0.7147931,-0.0017843014,-0.0022333618,0.6993302,0.71633524,-7.848939e-10,2.6020643e-09,0.6977563,1
2415345310,2415344818,0.7148454,-0.0018232508,-0.0023263365,0.69927627,0.71633524,-7.848939e-10,2.6020643e-09,0.6977563,1
2415350465,2415349753,0.7149064,-0.0017435143,-0.002410042,0.69921386,0.71633524,-7.848939e-10,2.6020643e-09,0.6977563,1
2415355389,2415354833,0.7149093,-0.0017735137,-0.0024511912,0.6992107,0.71633524,-7.848939e-10,2.6020643e-09,0.6977563,1
2415360409,2415359821,0.714971,-0.001800762,-0.0025160336,0.69914734,0.71633524,-7.848939e-10,2.6020643e-09,0.6977563,1
2415371339,2415370794,0.7149945,-0.0017737076,-0.0025361099,0.6991232,0.71633524,-7.848939e-10,2.6020643e-09,0.6977563,1
2415375503,2415374938,0.7150206,-0.0017439029,-0.002553587,0.6990966,0.71633524,-7.848939e-10,2.6020643e-09,0.6977563,1
2415385753,2415379965,0.7150818,-0.0016782534,-0.0025719283,0.69903404,0.71633524,-7.848939e-10,2.6020643e-09,0.6977563,1
2415390634,2415390110,0.71510977,-0.0015672221,-0.0025381576,0.69900584,0.71633524,-7.848939e-10,2.6020643e-09,0.6977563,1
2415400666,2415400177,0.7150804,-0.0014221407,-0.0025147488,0.6990363,0.71633524,-7.848939e-10,2.6020643e-09,0.6977563,1
2415409742,2415409170,0.7151648,-0.001239433,-0.002499265,0.69895035,0.71633524,-7.848939e-10,2.6020643e-09,0.6977563,1
2415414696,2415414090,0.7151792,-0.0011508673,-0.0024924057,0.69893575,0.71633524,-7.848939e-10,2.6020643e-09,0.6977563,1
2415424651,2415424214,0.71517795,-0.0009436622,-0.0025155074,0.6989373,0.71633524,-7.848939e-10,2.6020643e-09,0.6977563,1
2415429867,2415429260,0.7152055,-0.0008608481,-0.0025342945,0.69890916,0.71633524,-7.848939e-10,2.6020643e-09,0.6977563,1
2415434930,2415434303,0.71516937,-0.00076146674,-0.002559593,0.6989461,0.71633524,-7.848939e-10,2.6020643e-09,0.6977563,1
2415439937,2415439359,0.715216,-0.00066546805,-0.0026142802,0.6988984,0.71633524,-7.848939e-10,2.6020643e-09,0.6977563,1
2415444997,2415444433,0.71523166,-0.0006228164,-0.002611867,0.69888234,0.71633524,-7.848939e-10,2.6020643e-09,0.6977563,1
2415456329,2415454564,0.7151622,-0.0004178779,-0.002749986,0.698953,0.71633524,-7.848939e-10,2.6020643e-09,0.6977563,1
2415466473,2415465947,0.7151341,-0.00019832127,-0.0028638649,0.6989814,0.71633524,-7.848939e-10,2.6020643e-09,0.6977563,1
2415471532,2415470956,0.71514726,-0.0001689879,-0.0028115695,0.6989682,0.71633524,-7.848939e-10,2.6020643e-09,0.6977563,1
2415480418,2415479771,0.7151475,3.3429005e-05,-0.002872169,0.6989677,0.71633524,-7.848939e-10,2.6020643e-09,0.6977563,1
2415490208,2415489837,0.7151021,0.00021860396,-0.0028383029,0.6990143,0.71633524,-7.848939e-10,2.6020643e-09,0.6977563,1
2415495478,2415494972,0.7151031,0.0003379733,-0.0029223603,0.6990129,0.71633524,-7.848939e-10,2.6020643e-09,0.6977563,1
2415500590,2415500022,0.71506566,0.00041233178,-0.0029060105,0.6990512,0.71633524,-7.848939e-10,2.6020643e-09,0.6977563,1
2415505652,2415505074,0.715082,0.00044736618,-0.002854955,0.69903463,0.71633524,-7.848939e-10,2.6020643e-09,0.6977563,1
2415517791,2415516400,0.71504176,0.00062328106,-0.0028954316,0.6990755,0.71633524,-7.848939e-10,2.6020643e-09,0.6977563,1
2415527122,2415526527,0.71500635,0.00079218426,-0.0029301199,0.6991114,0.71633524,-7.848939e-10,2.6020643e-09,0.6977563,1
2415532188,2415531580,0.7149728,0.000825588,-0.002931756,0.6991457,0.71633524,-7.848939e-10,2.6020643e-09,0.6977563,1
2415543183,2415542385,0.71497977,0.0011212601,-0.0029555645,0.69913805,0.71633524,-7.848939e-10,2.6020643e-09,0.6977563,1
2415547589,2415546966,0.7149376,0.001231496,-0.0029194707,0.6991811,0.71633524,-7.848939e-10,2.6020643e-09,0.6977563,1
2415557366,2415551795,0.7149679,0.0014140886,-0.0029368356,0.69914967,0.71633524,-7.848939e-10,2.6020643e-09,0.6977563,1
2415558729,2415558143,0.71491355,0.0016172117,-0.002875929,0.69920516,0.71633524,-7.848939e-10,2.6020643e-09,0.6977563,1
2415568793,2415568165,0.7149607,0.0019411645,-0.0027796463,0.69915646,0.71633524,-7.848939e-10,2.6020643e-09,0.6977563,1
2415577551,2415576985,0.714877,0.0021503884,-0.002643706,0.699242,0.71633524,-7.848939e-10,2.6020643e-09,0.6977563,1
2415586551,2415582349,0.71492684,0.0022993842,-0.0026545639,0.6991905,0.71633524,-7.848939e-10,2.6020643e-09,0.6977563,1
2415592800,2415592178,0.7148689,0.0025036528,-0.0025927692,0.69924927,0.71633524,-7.848939e-10,2.6020643e-09,0.6977563,1
2415601763,2415601098,0.714905,0.0027637507,-0.0026557387,0.69921106,0.71633524,-7.848939e-10,2.6020643e-09,0.6977563,1
2415606611,2415606095,0.7149276,0.0028660735,-0.002611936,0.6991877,0.71633524,-7.848939e-10,2.6020643e-09,0.6977563,1
2415611770,2415611117,0.71488297,0.0029775302,-0.002622246,0.6992329,0.71633524,-7.848939e-10,2.6020643e-09,0.6977563,1
2415621770,2415616222,0.7148674,0.0031149532,-0.0026607697,0.6992481,0.71633524,-7.848939e-10,2.6020643e-09,0.6977563,1
2415622857,2415622494,0.7148465,0.0032681734,-0.0026715463,0.6992687,0.71633524,-7.848939e-10,2.6020643e-09,0.6977563,1
2415628106,2415627576,0.7147992,0.0034453722,-0.0027374527,0.69931597,0.71633524,-7.848939e-10,2.6020643e-09,0.6977563,1
2415638246,2415632619,0.71483284,0.0036044347,-0.0027254338,0.69928086,0.71633524,-7.848939e-10,2.6020643e-09,0.6977563,1
2415644917,2415644261,0.7148321,0.0040104045,-0.0026920103,0.6992795,0.71633524,-7.848939e-10,2.6020643e-09,0.6977563,1
2415649813,2415649161,0.71482795,0.004160161,-0.0026950438,0.6992829,0.71633524,-7.848939e-10,2.6020643e-09,0.6977563,1
2415658539,2415657998,0.71481484,0.00450912,-0.0026378254,0.69929427,0.71633524,-7.848939e-10,2.6020643e-09,0.6977563,1
2415663790,2415663079,0.7148285,0.0046421224,-0.002575225,0.69927967,0.71633524,-7.848939e-10,2.6020643e-09,0.6977563,1
2415673731,2415668085,0.71482444,0.0047786566,-0.0025756313,0.6992829,0.71633524,-7.848939e-10,2.6020643e-09,0.6977563,1
2415675475,2415674312,0.7148364,0.0049358066,-0.0025282374,0.6992698,0.71633524,-7.848939e-10,2.6020643e-09,0.6977563,1
2415680003,2415679390,0.7148492,0.005063947,-0.0025575408,0.6992557,0.71633524,-7.848939e-10,2.6020643e-09,0.6977563,1
2415685232,2415684585,0.71490365,0.005260708,-0.0026108902,0.69919837,0.71633524,-7.848939e-10,2.6020643e-09,0.6977563,1
2415697235,2415694746,0.71494514,0.00548662,-0.002667439,0.699154,0.71633524,-7.848939e-10,2.6020643e-09,0.6977563,1
2415700189,2415699602,0.71494186,0.0056537963,-0.0027006308,0.6991559,0.71633524,-7.848939e-10,2.6020643e-09,0.6977563,1
2415705271,2415704655,0.71486145,0.0057568597,-0.0026885408,0.69923735,0.71633524,-7.848939e-10,2.6020643e-09,0.6977563,1
2415717983,2415717364,0.71481204,0.0060596634,-0.002679406,0.69928527,0.71633524,-7.848939e-10,2.6020643e-09,0.6977563,1
2415721941,2415721381,0.7148531,0.0062070843,-0.002703014,0.69924194,0.71633524,-7.848939e-10,2.6020643e-09,0.6977563,1
2415726960,2415726286,0.7148767,0.006366546,-0.0027337777,0.69921625,0.71633524,-7.848939e-10,2.6020643e-09,0.6977563,1
2415732286,2415731219,0.7148623,0.006491161,-0.0027155355,0.6992299,0.71633524,-7.848939e-10,2.6020643e-09,0.6977563,1
2415743054,2415742549,0.7149065,0.0067956094,-0.0027679405,0.69918156,0.71633524,-7.848939e-10,2.6020643e-09,0.6977563,1
2415752051,2415751377,0.71499527,0.0069927266,-0.0028284388,0.6990887,0.71633524,-7.848939e-10,2.6020643e-09,0.6977563,1
2415757153,2415756554,0.7150189,0.0070516686,-0.0028035576,0.699064,0.71633524,-7.848939e-10,2.6020643e-09,0.6977563,1
2415762062,2415761466,0.7150062,0.007073323,-0.002767449,0.699077,0.71633524,-7.848939e-10,2.6020643e-09,0.6977563,1
2415767102,2415766558,0.7150561,0.00710982,-0.002761443,0.69902545,0.71633524,-7.848939e-10,2.6020643e-09,0.6977563,1
2415772147,2415771592,0.71507025,0.007090957,-0.0026961314,0.69901145,0.71633524,-7.848939e-10,2.6020643e-09,0.6977563,1
2415782343,2415776587,0.7150921,0.007097571,-0.0026651246,0.6989892,0.71633524,-7.848939e-10,2.6020643e-09,0.6977563,1
2415788552,2415788165,0.7151909,0.0071235653,-0.0025985073,0.6988881,0.71633524,-7.848939e-10,2.6020643e-09,0.6977563,1
2415793591,2415793031,0.7152273,0.0071635074,-0.0026299108,0.69885033,0.71633524,-7.848939e-10,2.6020643e-09,0.6977563,1
2415805961,2415804540,0.7152947,0.0073156087,-0.0026896435,0.6987795,0.71633524,-7.848939e-10,2.6020643e-09,0.6977563,1
2415815203,2415814528,0.7153236,0.0074635874,-0.002760436,0.6987481,0.71633524,-7.848939e-10,2.6020643e-09,0.6977563,1
2415825409,2415823509,0.71540517,0.007642658,-0.0027568233,0.69866264,0.71633524,-7.848939e-10,2.6020643e-09,0.6977563,1
2415829047,2415828467,0.7154539,0.0076983776,-0.0027282375,0.6986122,0.71633524,-7.848939e-10,2.6020643e-09,0.6977563,1
2415839324,2415838516,0.7154723,0.007848653,-0.0026528349,0.698592,0.71633524,-7.848939e-10,2.6020643e-09,0.6977563,1
2415847955,2415847354,0.7155379,0.007907358,-0.0025397956,0.69852453,0.71633524,-7.848939e-10,2.6020643e-09,0.6977563,1
2415856986,2415852428,0.7155301,0.007960539,-0.002515024,0.6985321,0.71633524,-7.848939e-10,2.6020643e-09,0.6977563,1
2415858950,2415857651,0.7155688,0.007982172,-0.0024645263,0.6984924,0.71633524,-7.848939e-10,2.6020643e-09,0.6977563,1
2415863285,2415862700,0.7156047,0.007980029,-0.0024334628,0.6984557,0.71633524,-7.848939e-10,2.6020643e-09,0.6977563,1
2415873201,2415872596,0.715631,0.008013169,-0.0024102957,0.6984285,0.71633524,-7.848939e-10,2.6020643e-09,0.6977563,1
2415878364,2415877682,0.7156556,0.007960771,-0.002395653,0.69840395,0.71633524,-7.848939e-10,2.6020643e-09,0.6977563,1
2415883248,2415882682,0.7156886,0.00795246,-0.0024140754,0.6983701,0.71633524,-7.848939e-10,2.6020643e-09,0.6977563,1
2415892151,2415887730,0.7157196,0.007945456,-0.0024271733,0.6983383,0.71633524,-7.848939e-10,2.6020643e-09,0.6977563,1
2415898414,2415897891,0.71579635,0.007877352,-0.0024167537,0.6982606,0.71633524,-7.848939e-10,2.6020643e-09,0.6977563,1
2415907488,2415903275,0.7157842,0.007936586,-0.002435298,0.6982722,0.71633524,-7.848939e-10,2.6020643e-09,0.6977563,1
2415913897,2415913038,0.71587914,0.0079948865,-0.002455102,0.6981742,0.71633524,-7.848939e-10,2.6020643e-09,0.6977563,1
2415918836,2415918082,0.7158474,0.008004574,-0.0024053927,0.6982068,0.71633524,-7.848939e-10,2.6020643e-09,0.6977563,1
2415928781,2415923095,0.71586883,0.007992799,-0.0023873085,0.69818497,0.71633524,-7.848939e-10,2.6020643e-09,0.6977563,1
2415934040,2415933254,0.7159341,0.008064829,-0.0023823245,0.69811726,0.71633524,-7.848939e-10,2.6020643e-09,0.6977563,1
2415939019,2415938345,0.7159718,0.008061739,-0.0023576685,0.69807875,0.71633524,-7.848939e-10,2.6020643e-09,0.6977563,1
2415943986,2415943402,0.71604264,0.00811573,-0.0023511604,0.6980055,0.71633524,-7.848939e-10,2.6020643e-09,0.6977563,1
2415949033,2415948425,0.7160311,0.008130943,-0.0022949395,0.69801736,0.71633524,-7.848939e-10,2.6020643e-09,0.6977563,1
2415954149,2415953557,0.716084,0.008151432,-0.0022659083,0.6979629,0.71633524,-7.848939e-10,2.6020643e-09,0.6977563,1
2415959194,2415958583,0.7161423,0.008164255,-0.0022452816,0.697903,0.71633524,-7.848939e-10,2.6020643e-09,0.6977563,1
2415970313,2415968587,0.71619046,0.0081466315,-0.0021774697,0.6978539,0.71633524,-7.848939e-10,2.6020643e-09,0.6977563,1
2415974432,2415973849,0.7161821,0.008059437,-0.0021242462,0.6978637,0.71633524,-7.848939e-10,2.6020643e-09,0.6977563,1
2415984291,2415978699,0.7161974,0.008015817,-0.002099915,0.6978486,0.71633524,-7.848939e-10,2.6020643e-09,0.6977563,1
2415986460,2415985332,0.7162846,0.007964742,-0.002102064,0.69775975,0.71633524,-7.848939e-10,2.6020643e-09,0.6977563,1
2415990633,2415990073,0.71630245,0.007941234,-0.0021104706,0.69774157,0.71633524,-7.848939e-10,2.6020643e-09,0.6977563,1
2415995707,2415995123,0.7163479,0.007940436,-0.0021733153,0.6976947,0.71633524,-7.848939e-10,2.6020643e-09,0.6977563,1
2416005947,2416005261,0.7164296,0.0078546265,-0.0021678305,0.69761187,0.71633524,-7.848939e-10,2.6020643e-09,0.6977563,1
2416016174,2416015345,0.7164746,0.007786561,-0.0021538492,0.6975665,0.71633524,-7.848939e-10,2.6020643e-09,0.6977563,1
2416021264,2416020687,0.71648914,0.0077357925,-0.002188719,0.69755197,0.71633524,-7.848939e-10,2.6020643e-09,0.6977563,1
2416031160,2416025511,0.7165213,0.0077025,-0.00217652,0.6975193,0.71633524,-7.848939e-10,2.6020643e-09,0.6977563,1
2416036314,2416035588,0.71661395,0.0075497907,-0.0021684011,0.69742584,0.71633524,-7.848939e-10,2.6020643e-09,0.6977563,1
2416046429,2416044374,0.7166729,0.007461875,-0.002135888,0.69736636,0.71633524,-7.848939e-10,2.6020643e-09,0.6977563,1
2416050348,2416049558,0.7167615,0.0073507726,-0.0021187994,0.6972764,0.71633524,-7.848939e-10,2.6020643e-09,0.6977563,1
2416060118,2416059549,0.7168389,0.007277576,-0.0021484517,0.6971976,0.71633524,-7.848939e-10,2.6020643e-09,0.6977563,1
2416071382,2416070806,0.7169772,0.0072043138,-0.0022321083,0.6970559,0.71633524,-7.848939e-10,2.6020643e-09,0.6977563,1
2416075247,2416074712,0.7170019,0.007179018,-0.0022539417,0.6970306,0.71633524,-7.848939e-10,2.6020643e-09,0.6977563,1
2416080422,2416079810,0.71704334,0.0070698415,-0.002309373,0.696989,0.71633524,-7.848939e-10,2.6020643e-09,0.6977563,1
2416085448,2416084889,0.7171118,0.0070876544,-0.0024428836,0.69691783,0.71633524,-7.848939e-10,2.6020643e-09,0.6977563,1
2416090533,2416089935,0.7171214,0.007077611,-0.0025077986,0.6969079,0.71633524,-7.848939e-10,2.6020643e-09,0.6977563,1
2416095609,2416094984,0.71718293,0.0070412564,-0.00261125,0.6968446,0.71633524,-7.848939e-10,2.6020643e-09,0.6977563,1
2416100672,2416100064,0.71725446,0.0070698294,-0.0027151615,0.6967702,0.71633524,-7.848939e-10,2.6020643e-09,0.6977563,1
2416105861,2416105126,0.71725833,0.0070316787,-0.002749332,0.69676644,0.71633524,-7.848939e-10,2.6020643e-09,0.6977563,1
2416110758,2416110186,0.7173434,0.007044624,-0.002821019,0.69667846,0.71633524,-7.848939e-10,2.6020643e-09,0.6977563,1
2416120974,2416115162,0.71739626,0.0070579806,-0.0028474238,0.69662386,0.71633524,-7.848939e-10,2.6020643e-09,0.6977563,1
2416126397,2416125819,0.71745396,0.007103215,-0.0028694842,0.69656384,0.71633524,-7.848939e-10,2.6020643e-09,0.6977563,1
2416131036,2416130389,0.7174798,0.007090649,-0.0028315175,0.6965375,0.71633524,-7.848939e-10,2.6020643e-09,0.6977563,1
2416135919,2416135407,0.71745384,0.0070789964,-0.0028163744,0.69656444,0.71633524,-7.848939e-10,2.6020643e-09,0.6977563,1
2416141060,2416140441,0.71749896,0.0070459787,-0.0028210524,0.69651824,0.71633524,-7.848939e-10,2.6020643e-09,0.6977563,1
2416149753,2416145719,0.71753913,0.007012657,-0.0027958292,0.6964773,0.71633524,-7.848939e-10,2.6020643e-09,0.6977563,1
2416157291,2416155513,0.7175062,0.006946721,-0.0028600765,0.6965117,0.71633524,-7.848939e-10,2.6020643e-09,0.6977563,1
2416166326,2416160589,0.7175112,0.006913009,-0.0028627939,0.69650686,0.71633524,-7.848939e-10,2.6020643e-09,0.6977563,1
2416171374,2416170749,0.7175414,0.006928386,-0.002940747,0.69647527,0.71633524,-7.848939e-10,2.6020643e-09,0.6977563,1
2416181481,2416180930,0.71754247,0.006938891,-0.0030231234,0.69647366,0.71633524,-7.848939e-10,2.6020643e-09,0.6977563,1
2416186651,2416186024,0.71756345,0.0069682365,-0.0030600452,0.6964516,0.71633524,-7.848939e-10,2.6020643e-09,0.6977563,1
2416191478,2416190945,0.71757984,0.0069420873,-0.0030934007,0.69643486,0.71633524,-7.848939e-10,2.6020643e-09,0.6977563,1
2416200360,2416195994,0.71752393,0.0069784154,-0.0031578792,0.69649184,0.71633524,-7.848939e-10,2.6020643e-09,0.6977563,1
2416206635,2416206075,0.7175787,0.006928754,-0.0032035112,0.6964357,0.71633524,-7.848939e-10,2.6020643e-09,0.6977563,1
2416215660,2416211171,0.71754193,0.006919305,-0.0032671797,0.69647336,0.71633524,-7.848939e-10,2.6020643e-09,0.6977563,1
2416216815,2416216370,0.71756625,0.0068926807,-0.0032679127,0.69644856,0.71633524,-7.848939e-10,2.6020643e-09,0.6977563,1
2416221910,2416221262,0.71755016,0.00681593,-0.0032724051,0.6964658,0.71633524,-7.848939e-10,2.6020643e-09,0.6977563,1
2416230807,2416230074,0.7175499,0.006738295,-0.0032634577,0.6964668,0.71633524,-7.848939e-10,2.6020643e-09,0.6977563,1
2416235901,2416235341,0.7175257,0.006721153,-0.003238238,0.6964921,0.71633524,-7.848939e-10,2.6020643e-09,0.6977563,1
2416240872,2416240224,0.71753603,0.0066114217,-0.0031771674,0.69648284,0.71633524,-7.848939e-10,2.6020643e-09,0.6977563,1
2416249883,2416245451,0.7175606,0.006625261,-0.0031810133,0.6964574,0.71633524,-7.848939e-10,2.6020643e-09,0.6977563,1
2416258290,2416256793,0.71754175,0.0066323723,-0.0031639598,0.69647676,0.71633524,-7.848939e-10,2.6020643e-09,0.6977563,1
2416262243,2416261721,0.7174787,0.0066222386,-0.0030886414,0.69654214,0.71633524,-7.848939e-10,2.6020643e-09,0.6977563,1
2416272487,2416271747,0.717494,0.0066884276,-0.0031006532,0.6965257,0.71633524,-7.848939e-10,2.6020643e-09,0.6977563,1
2416281331,2416280618,0.71740454,0.0067089456,-0.0030301975,0.69661796,0.71633524,-7.848939e-10,2.6020643e-09,0.6977563,1
2416291278,2416290857,0.7174127,0.0067124516,-0.0030191382,0.69660956,0.71633524,-7.848939e-10,2.6020643e-09,0.6977563,1
2416296789,2416295765,0.71735126,0.006681032,-0.0029622484,0.69667333,0.71633524,-7.848939e-10,2.6020643e-09,0.6977563,1
2416306458,2416302613,0.7173817,0.006679986,-0.0029615082,0.69664204,0.71633524,-7.848939e-10,2.6020643e-09,0.6977563,1
2416308919,2416308320,0.7173207,0.006641677,-0.0028970465,0.6967056,0.71633524,-7.848939e-10,2.6020643e-09,0.6977563,1
2416323034,2416322313,0.71724063,0.00666092,-0.0028703918,0.69678783,0.71633524,-7.848939e-10,2.6020643e-09,0.6977563,1
2416334988,2416332524,0.71723014,0.006641474,-0.0028344824,0.696799,0.71633524,-7.848939e-10,2.6020643e-09,0.6977563,1
2416338109,2416337455,0.71717155,0.006652517,-0.0028449334,0.6968591,0.71633524,-7.848939e-10,2.6020643e-09,0.6977563,1
2416346946,2416346273,0.71706855,0.0066794213,-0.0028681501,0.69696474,0.71633524,-7.848939e-10,2.6020643e-09,0.6977563,1
2416355895,2416351810,0.7171119,0.0067093754,-0.002862225,0.69692,0.71633524,-7.848939e-10,2.6020643e-09,0.6977563,1
2416358104,2416356570,0.7170813,0.0066979765,-0.0028501337,0.6969515,0.71633524,-7.848939e-10,2.6020643e-09,0.6977563,1
2416367128,2416366499,0.71701396,0.006664545,-0.0028720356,0.6970211,0.71633524,-7.848939e-10,2.6020643e-09,0.6977563,1
2416372276,2416371588,0.7169291,0.0066594966,-0.002895162,0.6971084,0.71633524,-7.848939e-10,2.6020643e-09,0.6977563,1
2416377416,2416376717,0.71687454,0.0066509405,-0.0029148743,0.69716436,0.71633524,-7.848939e-10,2.6020643e-09,0.6977563,1
2416382317,2416381737,0.71688527,0.006634142,-0.0029109954,0.69715357,0.71633524,-7.848939e-10,2.6020643e-09,0.6977563,1
2416387244,2416386701,0.71684563,0.0065847733,-0.0029063302,0.6971948,0.71633524,-7.848939e-10,2.6020643e-09,0.6977563,1
2416397691,2416397194,0.71677166,0.0066159857,-0.002968142,0.6972702,0.71633524,-7.848939e-10,2.6020643e-09,0.6977563,1
2416402635,2416402052,0.71675384,0.006544209,-0.002933038,0.6972894,0.71633524,-7.848939e-10,2.6020643e-09,0.6977563,1
2416407577,2416407026,0.7167347,0.0065625133,-0.002953425,0.69730884,0.71633524,-7.848939e-10,2.6020643e-09,0.6977563,1
2416412571,2416412025,0.71670866,0.0064988397,-0.0029117898,0.6973364,0.71633524,-7.848939e-10,2.6020643e-09,0.6977563,1
2416421349,2416417013,0.7167046,0.0064238985,-0.0028496874,0.6973415,0.71633524,-7.848939e-10,2.6020643e-09,0.6977563,1
2416423678,2416422918,0.7166789,0.0064365454,-0.0029284996,0.6973675,0.71633524,-7.848939e-10,2.6020643e-09,0.6977563,1
2416427891,2416427244,0.7166586,0.006424635,-0.0028906786,0.69738865,0.71633524,-7.848939e-10,2.6020643e-09,0.6977563,1
2416433168,2416432265,0.7166568,0.0063937544,-0.002879185,0.6973908,0.71633524,-7.848939e-10,2.6020643e-09,0.6977563,1
2416438115,2416437316,0.71666116,0.0063947067,-0.0029370084,0.697386,0.71633524,-7.848939e-10,2.6020643e-09,0.6977563,1
2416447779,2416447413,0.7166041,0.0063447724,-0.0029222392,0.6974453,0.71633524,-7.848939e-10,2.6020643e-09,0.6977563,1
2416458020,2416452453,0.7166407,0.006369464,-0.0030212263,0.69740695,0.71633524,-7.848939e-10,2.6020643e-09,0.6977563,1
2416459182,2416457449,0.71661544,0.0063304687,-0.0029993076,0.69743335,0.71633524,-7.848939e-10,2.6020643e-09,0.6977563,1
2416463554,2416462884,0.7166304,0.006294777,-0.0030619141,0.69741803,0.71633524,-7.848939e-10,2.6020643e-09,0.6977563,1
2416475271,2416472611,0.7165966,0.0062647057,-0.0030452325,0.6974531,0.71633524,-7.848939e-10,2.6020643e-09,0.6977563,1
2416478205,2416477671,0.71654505,0.006252134,-0.0030461433,0.6975062,0.71633524,-7.848939e-10,2.6020643e-09,0.6977563,1
2416488390,2416482744,0.7165708,0.006227789,-0.0030548894,0.6974799,0.71633524,-7.848939e-10,2.6020643e-09,0.6977563,1
2416489737,2416489091,0.71648955,0.0062177973,-0.0030116318,0.69756365,0.71633524,-7.848939e-10,2.6020643e-09,0.6977563,1
2416494650,2416494068,0.7164846,0.0062066205,-0.002986395,0.6975689,0.71633524,-7.848939e-10,2.6020643e-09,0.6977563,1
2416504979,2416504172,0.71639025,0.006154512,-0.0029179289,0.6976666,0.71633524,-7.848939e-10,2.6020643e-09,0.6977563,1
2416513617,2416513011,0.716437,0.0061719823,-0.0029105158,0.6976185,0.71633524,-7.848939e-10,2.6020643e-09,0.6977563,1
2416518686,2416518081,0.716359,0.006150766,-0.0028720815,0.6976989,0.71633524,-7.848939e-10,2.6020643e-09,0.6977563,1
2416523888,2416523280,0.7162159,0.0061307624,-0.002869914,0.69784594,0.71633524,-7.848939e-10,2.6020643e-09,0.6977563,1
2416528922,2416528268,0.71622247,0.0061202277,-0.0028773453,0.6978393,0.71633524,-7.848939e-10,2.6020643e-09,0.6977563,1
2416533883,2416533287,0.71617955,0.006097,-0.002855535,0.69788367,0.71633524,-7.848939e-10,2.6020643e-09,0.6977563,1
2416545354,2416544669,0.7161571,0.0060668397,-0.0028677855,0.6979069,0.71633524,-7.848939e-10,2.6020643e-09,0.6977563,1
2416549157,2416548625,0.7161354,0.0060179667,-0.0028262273,0.6979298,0.71633524,-7.848939e-10,2.6020643e-09,0.6977563,1
2416560181,2416558464,0.71605426,0.0060373945,-0.0028311976,0.6980129,0.71633524,-7.848939e-10,2.6020643e-09,0.6977563,1
2416564123,2416563583,0.7160264,0.0059897504,-0.002782187,0.6980419,0.71633524,-7.848939e-10,2.6020643e-09,0.6977563,1
2416573018,2416568947,0.7159409,0.0060221194,-0.002812615,0.6981293,0.71633524,-7.848939e-10,2.6020643e-09,0.6977563,1
2416575517,2416574848,0.7158872,0.0059981435,-0.0027673794,0.6981847,0.71633524,-7.848939e-10,2.6020643e-09,0.6977563,1
2416579356,2416578775,0.7158728,0.0059856083,-0.0027189264,0.6981998,0.71633524,-7.848939e-10,2.6020643e-09,0.6977563,1
2416584457,2416583805,0.715811,0.0059881937,-0.0027355815,0.698263,0.71633524,-7.848939e-10,2.6020643e-09,0.6977563,1
2416594668,2416593869,0.7157826,0.005913635,-0.0026461172,0.6982932,0.71633524,-7.848939e-10,2.6020643e-09,0.6977563,1
2416605875,2416605422,0.71570003,0.0057289912,-0.0025227452,0.6983798,0.71633524,-7.848939e-10,2.6020643e-09,0.6977563,1
2416611100,2416610501,0.71565694,0.005641236,-0.0024737658,0.6984249,0.71633524,-7.848939e-10,2.6020643e-09,0.6977563,1
2416616022,2416615378,0.7156123,0.0055758143,-0.0024454808,0.69847125,0.71633524,-7.848939e-10,2.6020643e-09,0.6977563,1
2416621152,2416620455,0.7155717,0.005472284,-0.0023926953,0.6985138,0.71633524,-7.848939e-10,2.6020643e-09,0.6977563,1
2416626324,2416625563,0.71555495,0.005393455,-0.0023928043,0.69853157,0.71633524,-7.848939e-10,2.6020643e-09,0.6977563,1
2416636265,2416630519,0.71552294,0.005437115,-0.0023913272,0.698564,0.71633524,-7.848939e-10,2.6020643e-09,0.6977563,1
2416641220,2416640699,0.7154846,0.005314975,-0.0023387372,0.69860435,0.71633524,-7.848939e-10,2.6020643e-09,0.6977563,1
2416646480,2416645672,0.71547705,0.0053117913,-0.0023050327,0.69861233,0.71633524,-7.848939e-10,2.6020643e-09,0.6977563,1
2416658158,2416657029,0.71544605,0.005205313,-0.0021099967,0.6986454,0.71633524,-7.848939e-10,2.6020643e-09,0.6977563,1
2416662689,2416662084,0.71537495,0.005162816,-0.0019564657,0.69871897,0.71633524,-7.848939e-10,2.6020643e-09,0.6977563,1
2416667677,2416667138,0.71539,0.0051512886,-0.0019044939,0.69870377,0.71633524,-7.848939e-10,2.6020643e-09,0.6977563,1
2416677811,2416677223,0.7153822,0.005063636,-0.0017421668,0.6987129,0.71633524,-7.848939e-10,2.6020643e-09,0.6977563,1
2416686571,2416682509,0.71534276,0.0050445884,-0.0017100435,0.6987535,0.71633524,-7.848939e-10,2.6020643e-09,0.6977563,1
2416692972,2416691145,0.71534467,0.0049538244,-0.0015748743,0.69875246,0.71633524,-7.848939e-10,2.6020643e-09,0.6977563,1
2416696707,2416696177,0.7153188,0.0049160994,-0.0014805369,0.6987794,0.71633524,-7.848939e-10,2.6020643e-09,0.6977563,1
2416701724,2416701233,0.7152868,0.004918329,-0.0014075326,0.6988123,0.71633524,-7.848939e-10,2.6020643e-09,0.6977563,1
2416706834,2416706284,0.7153263,0.0049000336,-0.0012880915,0.6987722,0.71633524,-7.848939e-10,2.6020643e-09,0.6977563,1
2416711809,2416711364,0.71528906,0.0049304552,-0.0012323597,0.6988102,0.71633524,-7.848939e-10,2.6020643e-09,0.6977563,1
2416716926,2416716398,0.71529245,0.0049630525,-0.0011811507,0.6988067,0.71633524,-7.848939e-10,2.6020643e-09,0.6977563,1
2416728703,2416727835,0.7153063,0.004983171,-0.001064276,0.6987926,0.71633524,-7.848939e-10,2.6020643e-09,0.6977563,1
2416733799,2416733142,0.71531695,0.0049257437,-0.0010177569,0.69878215,0.71633524,-7.848939e-10,2.6020643e-09,0.6977563,1
2416738481,2416737925,0.71532166,0.0049251853,-0.0009824722,0.6987773,0.71633524,-7.848939e-10,2.6020643e-09,0.6977563,1
2416747199,2416743035,0.7153369,0.0049233027,-0.00097601925,0.6987617,0.71633524,-7.848939e-10,2.6020643e-09,0.6977563,1
2416754759,2416754263,0.7153748,0.0048725754,-0.0008997326,0.69872344,0.71633524,-7.848939e-10,2.6020643e-09,0.6977563,1
2416763688,2416763156,0.71541476,0.004743382,-0.0008092867,0.6986835,0.71633524,-7.848939e-10,2.6020643e-09,0.6977563,1
2416773884,2416773251,0.71547574,0.004729791,-0.000807996,0.69862115,0.71633524,-7.848939e-10,2.6020643e-09,0.6977563,1
2416779085,2416778321,0.7155382,0.0045881527,-0.0007621485,0.6985582,0.71633524,-7.848939e-10,2.6020643e-09,0.6977563,1
2416788867,2416783313,0.71559316,0.0045813443,-0.00079552695,0.6985019,0.71633524,-7.848939e-10,2.6020643e-09,0.6977563,1
2416791259,2416789672,0.7156379,0.0044905446,-0.0007508552,0.6984567,0.71633524,-7.848939e-10,2.6020643e-09,0.6977563,1
2416795114,2416794699,0.71571785,0.004468533,-0.00080454885,0.69837487,0.71633524,-7.848939e-10,2.6020643e-09,0.6977563,1
2416803986,2416803490,0.7157716,0.004377778,-0.0007687289,0.69832027,0.71633524,-7.848939e-10,2.6020643e-09,0.6977563,1
2416812859,2416812367,0.7159012,0.00425097,-0.0007880841,0.69818825,0.71633524,-7.848939e-10,2.6020643e-09,0.6977563,1
2416821728,2416817497,0.715963,0.0042285207,-0.00077990134,0.698125,0.71633524,-7.848939e-10,2.6020643e-09,0.6977563,1
2416823142,2416822652,0.7159645,0.0041292165,-0.00077104894,0.6981241,0.71633524,-7.848939e-10,2.6020643e-09,0.6977563,1
2416828175,2416827515,0.7160089,0.004068596,-0.0007706365,0.69807893,0.71633524,-7.848939e-10,2.6020643e-09,0.6977563,1
2416833140,2416832553,0.71608776,0.00400374,-0.0007699805,0.6979984,0.71633524,-7.848939e-10,2.6020643e-09,0.6977563,1
2416838243,2416837650,0.71609557,0.003947612,-0.00075820094,0.6979907,0.71633524,-7.848939e-10,2.6020643e-09,0.6977563,1
2416843356,2416842737,0.7161982,0.003882026,-0.00076767744,0.6978858,0.71633524,-7.848939e-10,2.6020643e-09,0.6977563,1
2416858476,2416857923,0.71636057,0.003694353,-0.00077450095,0.6977201,0.71633524,-7.848939e-10,2.6020643e-09,0.6977563,1
2416870379,2416869322,0.7164985,0.0035515644,-0.000818233,0.69757915,0.71633524,-7.848939e-10,2.6020643e-09,0.6977563,1
2416874994,2416874439,0.7165516,0.0034644913,-0.00079313613,0.6975251,0.71633524,-7.848939e-10,2.6020643e-09,0.6977563,1
2416879929,2416879359,0.7166064,0.003462029,-0.0008112726,0.6974688,0.71633524,-7.848939e-10,2.6020643e-09,0.6977563,1
2416889915,2416884378,0.71667147,0.003366618,-0.00078444096,0.6974024,0.71633524,-7.848939e-10,2.6020643e-09,0.6977563,1
2416891772,2416890787,0.7167618,0.0033461098,-0.000840097,0.6973096,0.71633524,-7.848939e-10,2.6020643e-09,0.6977563,1
2416901363,2416899582,0.71684694,0.003241199,-0.0008272597,0.69722265,0.71633524,-7.848939e-10,2.6020643e-09,0.6977563,1
2416905225,2416904612,0.7169217,0.0031869248,-0.0008997984,0.6971459,0.71633524,-7.848939e-10,2.6020643e-09,0.6977563,1
2416913895,2416913393,0.71700895,0.0031936544,-0.0010056833,0.69705606,0.71633524,-7.848939e-10,2.6020643e-09,0.6977563,1
2416919136,2416918502,0.7170314,0.0031079345,-0.0010000499,0.6970333,0.71633524,-7.848939e-10,2.6020643e-09,0.6977563,1
2416931394,2416929922,0.71715516,0.0029551948,-0.0010200887,0.69690657,0.71633524,-7.848939e-10,2.6020643e-09,0.6977563,1
2416935449,2416934950,0.71725243,0.002904979,-0.0010925933,0.6968066,0.71633524,-7.848939e-10,2.6020643e-09,0.6977563,1
2416940787,2416939986,0.71727973,0.0028117134,-0.0010813918,0.69677883,0.71633524,-7.848939e-10,2.6020643e-09,0.6977563,1
2416949547,2416948844,0.7173583,0.0026739088,-0.0011619546,0.6966984,0.71633524,-7.848939e-10,2.6020643e-09,0.6977563,1
2416954632,2416953954,0.7174324,0.0025982903,-0.0012194659,0.6966223,0.71633524,-7.848939e-10,2.6020643e-09,0.6977563,1
2416966021,2416963964,0.71748215,0.0024601046,-0.0013149262,0.6965713,0.71633524,-7.848939e-10,2.6020643e-09,0.6977563,1
2416969842,2416969278,0.7175816,0.0023970923,-0.0013497574,0.69646895,0.71633524,-7.848939e-10,2.6020643e-09,0.6977563,1
2416974641,2416974072,0.71757954,0.002350785,-0.0013818146,0.6964713,0.71633524,-7.848939e-10,2.6020643e-09,0.6977563,1
2416979605,2416979128,0.7175932,0.0022874055,-0.0014214625,0.6964573,0.71633524,-7.848939e-10,2.6020643e-09,0.6977563,1
2416989857,2416989424,0.7176965,0.0021521791,-0.0014857888,0.6963511,0.71633524,-7.848939e-10,2.6020643e-09,0.6977563,1
2416994820,2416994255,0.7176998,0.0021371539,-0.0015524578,0.6963476,0.71633524,-7.848939e-10,2.6020643e-09,0.6977563,1
2417003532,2416999701,0.7177936,0.002074673,-0.0015859455,0.6962511,0.71633524,-7.848939e-10,2.6020643e-09,0.6977563,1
2417005462,2417004467,0.71780056,0.002027159,-0.0016714392,0.6962439,0.71633524,-7.848939e-10,2.6020643e-09,0.6977563,1
2417009970,2417009455,0.7178254,0.0020049594,-0.0017323914,0.69621813,0.71633524,-7.848939e-10,2.6020643e-09,0.6977563,1
2417020071,2417014519,0.7179104,0.0019704576,-0.0017550928,0.6961306,0.71633524,-7.848939e-10,2.6020643e-09,0.6977563,1
2417026558,2417025884,0.7179802,0.0019024491,-0.0018761982,0.6960584,0.71633524,-7.848939e-10,2.6020643e-09,0.6977563,1
2417031404,2417030870,0.7180112,0.0018433266,-0.0019313435,0.69602644,0.71633524,-7.848939e-10,2.6020643e-09,0.6977563,1
2417036591,2417035948,0.7180464,0.0019104631,-0.0020237798,0.6959897,0.71633524,-7.848939e-10,2.6020643e-09,0.6977563,1
2417041572,2417040986,0.71804965,0.0018474733,-0.002036813,0.6959865,0.71633524,-7.848939e-10,2.6020643e-09,0.6977563,1
2417046729,2417046030,0.7181146,0.0018464945,-0.0021012141,0.6959193,0.71633524,-7.848939e-10,2.6020643e-09,0.6977563,1
2417057590,2417057056,0.7181395,0.0018507648,-0.0021717167,0.69589335,0.71633524,-7.848939e-10,2.6020643e-09,0.6977563,1
2417066789,2417061219,0.71817094,0.0018609267,-0.0022108855,0.6958608,0.71633524,-7.848939e-10,2.6020643e-09,0.6977563,1
2417071915,2417071365,0.7181976,0.0018709471,-0.0022660845,0.6958331,0.71633524,-7.848939e-10,2.6020643e-09,0.6977563,1
2417080730,2417080205,0.71820796,0.0018688212,-0.0023837478,0.695822,0.71633524,-7.848939e-10,2.6020643e-09,0.6977563,1
2417089580,2417089035,0.7183099,0.001863399,-0.0025797267,0.695716,0.71633524,-7.848939e-10,2.6020643e-09,0.6977563,1
2417101380,2417099298,0.7183514,0.0018134709,-0.0027426505,0.6956727,0.71633524,-7.848939e-10,2.6020643e-09,0.6977563,1
2417109797,2417109198,0.7184408,0.0017269328,-0.0029370654,0.6955799,0.71633524,-7.848939e-10,2.6020643e-09,0.6977563,1
2417114756,2417114243,0.7185336,0.0016793254,-0.0030087999,0.6954838,0.71633524,-7.848939e-10,2.6020643e-09,0.6977563,1
2417124902,2417123130,0.7185275,0.0016156391,-0.0032243847,0.6954892,0.71633524,-7.848939e-10,2.6020643e-09,0.6977563,1
2417128720,2417128186,0.7185241,0.0015666875,-0.0033407994,0.6954923,0.71633524,-7.848939e-10,2.6020643e-09,0.6977563,1
2417138888,2417133234,0.7186436,0.0015409789,-0.0034133403,0.6953685,0.71633524,-7.848939e-10,2.6020643e-09,0.6977563,1
2417140754,2417139650,0.7185909,0.0015559265,-0.0035757294,0.6954221,0.71633524,-7.848939e-10,2.6020643e-09,0.6977563,1
2417145061,2417144587,0.7186764,0.0015383201,-0.0036410955,0.6953335,0.71633524,-7.848939e-10,2.6020643e-09,0.6977563,1
2417150191,2417149639,0.7188105,0.0014893877,-0.0036961965,0.6951947,0.71633524,-7.848939e-10,2.6020643e-09,0.6977563,1
2417160374,2417159750,0.7187766,0.0014073609,-0.0038778405,0.695229,0.71633524,-7.848939e-10,2.6020643e-09,0.6977563,1
2417165462,2417164876,0.71893245,0.0013422731,-0.0039414493,0.6950675,0.71633524,-7.848939e-10,2.6020643e-09,0.6977563,1
2417170290,2417169804,0.7189395,0.0013024647,-0.0040401137,0.6950598,0.71633524,-7.848939e-10,2.6020643e-09,0.6977563,1
2417175467,2417174910,0.71891296,0.0012789485,-0.0041615446,0.6950865,0.71633524,-7.848939e-10,2.6020643e-09,0.6977563,1
2417187228,2417186296,0.71900696,0.0012019774,-0.0043822983,0.6949881,0.71633524,-7.848939e-10,2.6020643e-09,0.6977563,1
2417191889,2417191363,0.71906424,0.0011689684,-0.004476316,0.6949283,0.71633524,-7.848939e-10,2.6020643e-09,0.6977563,1
2417202405,2417201581,0.7191063,0.0010656652,-0.0046535833,0.69488376,0.71633524,-7.848939e-10,2.6020643e-09,0.6977563,1
2417207067,2417206499,0.71914816,0.0010410306,-0.004772022,0.6948396,0.71633524,-7.848939e-10,2.6020643e-09,0.6977563,1
2417217151,2417215371,0.71918184,0.0009649359,-0.004935143,0.6948038,0.71633524,-7.848939e-10,2.6020643e-09,0.6977563,1
2417221060,2417220515,0.719193,0.0009203977,-0.0050449236,0.69479156,0.71633524,-7.848939e-10,2.6020643e-09,0.6977563,1
2417231017,2417225434,0.7192032,0.00092341343,-0.0051935734,0.6947798,0.71633524,-7.848939e-10,2.6020643e-09,0.6977563,1
2417232893,2417231939,0.71927845,0.00085369486,-0.005288509,0.69470125,0.71633524,-7.848939e-10,2.6020643e-09,0.6977563,1
2417237420,2417236918,0.7192505,0.0008239931,-0.0054039927,0.6947294,0.71633524,-7.848939e-10,2.6020643e-09,0.6977563,1
2417242602,2417241929,0.71930504,0.0007643019,-0.0055303737,0.69467205,0.71633524,-7.848939e-10,2.6020643e-09,0.6977563,1
2417247445,2417246893,0.7194181,0.0007068931,-0.005618624,0.69455427,0.71633524,-7.848939e-10,2.6020643e-09,0.6977563,1
2417257545,2417257116,0.71931344,0.00068067905,-0.0058347536,0.69466084,0.71633524,-7.848939e-10,2.6020643e-09,0.6977563,1
2417267815,2417267149,0.71948826,0.0006269636,-0.00607678,0.69447774,0.71633524,-7.848939e-10,2.6020643e-09,0.6977563,1
2417272595,2417272131,0.7195085,0.000625363,-0.0061881314,0.6944558,0.71633524,-7.848939e-10,2.6020643e-09,0.6977563,1
2417277789,2417277204,0.71946335,0.00061902625,-0.0062992866,0.69450164,0.71633524,-7.848939e-10,2.6020643e-09,0.6977563,1
2417288966,2417288436,0.7195079,0.00054797647,-0.0065460824,0.69445324,0.71633524,-7.848939e-10,2.6020643e-09,0.6977563,1
2417293010,2417292499,0.7195728,0.00050620397,-0.0066236495,0.69438535,0.71633524,-7.848939e-10,2.6020643e-09,0.6977563,1
2417303049,2417297456,0.7195926,0.00053746713,-0.00672069,0.6943639,0.71633524,-7.848939e-10,2.6020643e-09,0.6977563,1
2417304140,2417303742,0.7194862,0.0005429497,-0.006843935,0.6944729,0.71633524,-7.848939e-10,2.6020643e-09,0.6977563,1
2417313080,2417312562,0.71966004,0.00056669454,-0.0069987033,0.69429106,0.71633524,-7.848939e-10,2.6020643e-09,0.6977563,1
2417325438,2417323953,0.7196349,0.00068626023,-0.0072104814,0.6943149,0.71633524,-7.848939e-10,2.6020643e-09,0.6977563,1
2417329582,2417329039,0.719643,0.00073106925,-0.0073101036,0.6943055,0.71633524,-7.848939e-10,2.6020643e-09,0.6977563,1
2417334709,2417334112,0.7197846,0.00071597303,-0.007400007,0.6941577,0.71633524,-7.848939e-10,2.6020643e-09,0.6977563,1
2417347105,2417345523,0.7197102,0.00079584256,-0.0075998027,0.6942326,0.71633524,-7.848939e-10,2.6020643e-09,0.6977563,1
2417351023,2417350485,0.7198243,0.0007905479,-0.007680377,0.69411343,0.71633524,-7.848939e-10,2.6020643e-09,0.6977563,1
2417359920,2417359356,0.7198043,0.00088140153,-0.0078064175,0.6941327,0.71633524,-7.848939e-10,2.6020643e-09,0.6977563,1
2417370137,2417369418,0.71976763,0.0010285587,-0.007955794,0.69416875,0.71633524,-7.848939e-10,2.6020643e-09,0.6977563,1
2417375157,2417374518,0.71978176,0.001130748,-0.008059742,0.6941527,0.71633524,-7.848939e-10,2.6020643e-09,0.6977563,1
2417380035,2417379562,0.7197634,0.0012468172,-0.008154671,0.6941705,0.71633524,-7.848939e-10,2.6020643e-09,0.6977563,1
2417385080,2417384574,0.71975803,0.0013308105,-0.008243909,0.6941748,0.71633524,-7.848939e-10,2.6020643e-09,0.6977563,1
2417390152,2417389645,0.7197719,0.0014001499,-0.008337076,0.69415915,0.71633524,-7.848939e-10,2.6020643e-09,0.6977563,1
2417395219,2417394679,0.7197174,0.0014559571,-0.008426665,0.6942146,0.71633524,-7.848939e-10,2.6020643e-09,0.6977563,1
2417406401,2417405841,0.7197232,0.0015660025,-0.0086175185,0.69420594,0.71633524,-7.848939e-10,2.6020643e-09,0.6977563,1
2417410395,2417409877,0.7197069,0.0016327682,-0.008682664,0.69422185,0.71633524,-7.848939e-10,2.6020643e-09,0.6977563,1
2417415534,2417414915,0.71964204,0.0017410687,-0.008756761,0.69428784,0.71633524,-7.848939e-10,2.6020643e-09,0.6977563,1
2417420422,2417419972,0.7195797,0.0018232086,-0.008845006,0.69435114,0.71633524,-7.848939e-10,2.6020643e-09,0.6977563,1
2417430661,2417425073,0.719593,0.001896542,-0.008970429,0.6943356,0.71633524,-7.848939e-10,2.6020643e-09,0.6977563,1
2417431861,2417430129,0.7195561,0.0019811294,-0.009076813,0.69437224,0.71633524,-7.848939e-10,2.6020643e-09,0.6977563,1
2417435970,2417435433,0.7195505,0.0021071788,-0.009200268,0.6943761,0.71633524,-7.848939e-10,2.6020643e-09,0.6977563,1
2417440764,2417440165,0.719564,0.002207915,-0.00926872,0.6943608,0.71633524,-7.848939e-10,2.6020643e-09,0.6977563,1
2417445933,2417445276,0.71951014,0.002300111,-0.0093666045,0.69441503,0.71633524,-7.848939e-10,2.6020643e-09,0.6977563,1
2417458060,2417455321,0.7192811,0.0024617054,-0.009490523,0.69465005,0.71633524,-7.848939e-10,2.6020643e-09,0.6977563,1
2417461001,2417460437,0.71934974,0.0024890576,-0.009530212,0.69457835,0.71633524,-7.848939e-10,2.6020643e-09,0.6977563,1
2417466093,2417465521,0.7193713,0.0025512578,-0.009561496,0.6945553,0.71633524,-7.848939e-10,2.6020643e-09,0.6977563,1
2417471086,2417470558,0.71931523,0.0026194777,-0.009594115,0.6946127,0.71633524,-7.848939e-10,2.6020643e-09,0.6977563,1
2417476258,2417475639,0.7192065,0.0027201492,-0.009623767,0.6947245,0.71633524,-7.848939e-10,2.6020643e-09,0.6977563,1
2417486241,2417480604,0.71912175,0.0028162259,-0.009677212,0.69481105,0.71633524,-7.848939e-10,2.6020643e-09,0.6977563,1
2417491220,2417490742,0.71910626,0.0030157797,-0.009785698,0.6948247,0.71633524,-7.848939e-10,2.6020643e-09,0.6977563,1
2417499957,2417495792,0.7191381,0.0030903523,-0.00982807,0.6947909,0.71633524,-7.848939e-10,2.6020643e-09,0.6977563,1
2417506474,2417500929,0.7190784,0.0031758924,-0.0098507805,0.6948519,0.71633524,-7.848939e-10,2.6020643e-09,0.6977563,1
2417511474,2417510897,0.71896684,0.0033071886,-0.009891157,0.69496614,0.71633524,-7.848939e-10,2.6020643e-09,0.6977563,1
2417516449,2417515963,0.7189386,0.0033673863,-0.009913785,0.69499475,0.71633524,-7.848939e-10,2.6020643e-09,0.6977563,1
2417526763,2417524780,0.71883214,0.003508323,-0.009972304,0.69510335,0.71633524,-7.848939e-10,2.6020643e-09,0.6977563,1
2417539326,2417538720,0.71868396,0.0037084287,-0.0101141725,0.6952535,0.71633524,-7.848939e-10,2.6020643e-09,0.6977563,1
2417544342,2417543807,0.7186838,0.0037495075,-0.010166368,0.6952527,0.71633524,-7.848939e-10,2.6020643e-09,0.6977563,1
2417549562,2417548939,0.7185895,0.0038144495,-0.010226008,0.695349,0.71633524,-7.848939e-10,2.6020643e-09,0.6977563,1
2417554311,2417553859,0.7184908,0.0038714446,-0.010253842,0.6954502,0.71633524,-7.848939e-10,2.6020643e-09,0.6977563,1
2417559583,2417558893,0.71838915,0.003916359,-0.010271047,0.6955547,0.71633524,-7.848939e-10,2.6020643e-09,0.6977563,1
2417571264,2417570411,0.71834487,0.003969259,-0.01029898,0.6955996,0.71633524,-7.848939e-10,2.6020643e-09,0.6977563,1
2417576112,2417575377,0.7182461,0.0040092166,-0.010301207,0.69570136,0.71633524,-7.848939e-10,2.6020643e-09,0.6977563,1
2417585898,2417580417,0.71811974,0.0040376624,-0.01031777,0.69583136,0.71633524,-7.848939e-10,2.6020643e-09,0.6977563,1
2417587092,2417586699,0.71814,0.0040231734,-0.010308147,0.6958107,0.71633524,-7.848939e-10,2.6020643e-09,0.6977563,1
2417596074,2417595525,0.71800315,0.004052334,-0.01032798,0.6959514,0.71633524,-7.848939e-10,2.6020643e-09,0.6977563,1
2417601143,2417600636,0.7179316,0.004053581,-0.010340763,0.6960251,0.71633524,-7.848939e-10,2.6020643e-09,0.6977563,1
2417606293,2417605692,0.7178487,0.0040482203,-0.0103651,0.69611025,0.71633524,-7.848939e-10,2.6020643e-09,0.6977563,1
2417611292,2417610789,0.71774215,0.004053109,-0.010382927,0.69621974,0.71633524,-7.848939e-10,2.6020643e-09,0.6977563,1
2417616335,2417615755,0.71769774,0.0040456103,-0.010354535,0.696266,0.71633524,-7.848939e-10,2.6020643e-09,0.6977563,1
2417628161,2417625825,0.7176027,0.0040217605,-0.010394126,0.6963635,0.71633524,-7.848939e-10,2.6020643e-09,0.6977563,1
2417631683,2417630995,0.7174862,0.00399955,-0.010407573,0.69648355,0.71633524,-7.848939e-10,2.6020643e-09,0.6977563,1
2417642683,2417642303,0.7173827,0.0039902576,-0.010457973,0.6965894,0.71633524,-7.848939e-10,2.6020643e-09,0.6977563,1
2417651820,2417651149,0.7173077,0.003973247,-0.010462186,0.6966668,0.71633524,-7.848939e-10,2.6020643e-09,0.6977563,1
2417656867,2417656213,0.71724415,0.0039848895,-0.01047453,0.6967319,0.71633524,-7.848939e-10,2.6020643e-09,0.6977563,1
2417661857,2417661291,0.71719533,0.003972106,-0.010468684,0.6967823,0.71633524,-7.848939e-10,2.6020643e-09,0.6977563,1
2417666844,2417666315,0.7171649,0.003931659,-0.010447715,0.69681424,0.71633524,-7.848939e-10,2.6020643e-09,0.6977563,1
2417676953,2417671321,0.7170939,0.00390394,-0.0104367435,0.69688755,0.71633524,-7.848939e-10,2.6020643e-09,0.6977563,1
2417678662,2417678135,0.71706986,0.0038253395,-0.010441572,0.69691265,0.71633524,-7.848939e-10,2.6020643e-09,0.6977563,1
2417683344,2417682738,0.71704495,0.003816686,-0.010402483,0.69693893,0.71633524,-7.848939e-10,2.6020643e-09,0.6977563,1
2417692029,2417687791,0.71690977,0.0038163895,-0.010410937,0.6970779,0.71633524,-7.848939e-10,2.6020643e-09,0.6977563,1
2417694135,2417693185,0.716795,0.003780266,-0.010394188,0.6971962,0.71633524,-7.848939e-10,2.6020643e-09,0.6977563,1
2417698626,2417698107,0.7167499,0.0037389512,-0.010393404,0.69724286,0.71633524,-7.848939e-10,2.6020643e-09,0.6977563,1
2417703501,2417702931,0.71682227,0.003696458,-0.010347335,0.69716936,0.71633524,-7.848939e-10,2.6020643e-09,0.6977563,1
2417708456,2417707941,0.71674776,0.0036785996,-0.010345248,0.6972461,0.71633524,-7.848939e-10,2.6020643e-09,0.6977563,1
2417718419,2417718051,0.7163349,0.0036396787,-0.010302077,0.6976711,0.71633524,-7.848939e-10,2.6020643e-09,0.6977563,1
2417728547,2417728191,0.7164517,0.0035478682,-0.010271371,0.6975521,0.71633524,-7.848939e-10,2.6020643e-09,0.6977563,1
2417733880,2417733304,0.7162383,0.0035308844,-0.010234376,0.69777185,0.71633524,-7.848939e-10,2.6020643e-09,0.6977563,1
2417743970,2417738267,0.71610093,0.0035044665,-0.010228369,0.6979131,0.71633524,-7.848939e-10,2.6020643e-09,0.6977563,1
2417748976,2417748446,0.7160432,0.0034393284,-0.010179593,0.6979734,0.71633524,-7.848939e-10,2.6020643e-09,0.6977563,1
2417759229,2417758456,0.7157676,0.0033936754,-0.010108727,0.69825727,0.71633524,-7.848939e-10,2.6020643e-09,0.6977563,1
2417764149,2417763574,0.7157474,0.0033265767,-0.010076205,0.69827867,0.71633524,-7.848939e-10,2.6020643e-09,0.6977563,1
2417775301,2417774902,0.7156374,0.003223701,-0.010029757,0.6983925,0.71633524,-7.848939e-10,2.6020643e-09,0.6977563,1
2417780534,2417779976,0.71562713,0.0031681312,-0.010024537,0.69840336,0.71633524,-7.848939e-10,2.6020643e-09,0.6977563,1
2417790736,2417785029,0.71560174,0.0031078707,-0.010008928,0.69842994,0.71633524,-7.848939e-10,2.6020643e-09,0.6977563,1
2417792781,2417791337,0.71542007,0.0030946312,-0.009989808,0.6986163,0.71633524,-7.848939e-10,2.6020643e-09,0.6977563,1
2417802035,2417801391,0.71536493,0.003020869,-0.009928424,0.69867396,0.71633524,-7.848939e-10,2.6020643e-09,0.6977563,1
2417807083,2417806474,0.7151861,0.0030320457,-0.009891741,0.6988575,0.71633524,-7.848939e-10,2.6020643e-09,0.6977563,1
2417816055,2417815449,0.71510357,0.0030310662,-0.009890907,0.698942,0.71633524,-7.848939e-10,2.6020643e-09,0.6977563,1
2417820935,2417820386,0.71503276,0.003028721,-0.009895757,0.69901437,0.71633524,-7.848939e-10,2.6020643e-09,0.6977563,1
2417825972,2417825419,0.714953,0.003004863,-0.009911366,0.69909585,0.71633524,-7.848939e-10,2.6020643e-09,0.6977563,1
2417831210,2417830505,0.7148942,0.003022213,-0.009957934,0.6991553,0.71633524,-7.848939e-10,2.6020643e-09,0.6977563,1
2417836215,2417835658,0.7148325,0.0029890493,-0.009981301,0.6992181,0.71633524,-7.848939e-10,2.6020643e-09,0.6977563,1
2417847662,2417845628,0.71467066,0.0029423393,-0.009991634,0.6993836,0.71633524,-7.848939e-10,2.6020643e-09,0.6977563,1
2417851437,2417850763,0.7145659,0.0028790429,-0.010001052,0.69949085,0.71633524,-7.848939e-10,2.6020643e-09,0.6977563,1
2417856429,2417855837,0.7145719,0.0028439753,-0.009977943,0.6994851,0.71633524,-7.848939e-10,2.6020643e-09,0.6977563,1
2417866832,2417866229,0.7143328,0.0028416102,-0.009959722,0.69972956,0.71633524,-7.848939e-10,2.6020643e-09,0.6977563,1
2417871757,2417871096,0.71436435,0.0028708978,-0.009977128,0.699697,0.71633524,-7.848939e-10,2.6020643e-09,0.6977563,1
2417876618,2417876065,0.7143678,0.0028628604,-0.009999139,0.6996932,0.71633524,-7.848939e-10,2.6020643e-09,0.6977563,1
2417886787,2417881023,0.714188,0.0028701439,-0.009982487,0.69987684,0.71633524,-7.848939e-10,2.6020643e-09,0.6977563,1
2417887776,2417887335,0.7141098,0.0028690419,-0.010014934,0.6999562,0.71633524,-7.848939e-10,2.6020643e-09,0.6977563,1
2417898122,2417896154,0.7140124,0.0028494373,-0.009975403,0.7000563,0.71633524,-7.848939e-10,2.6020643e-09,0.6977563,1
2417906796,2417906244,0.7137584,0.0028586912,-0.010002707,0.7003147,0.71633524,-7.848939e-10,2.6020643e-09,0.6977563,1
2417916881,2417916454,0.71370745,0.0028475411,-0.009974105,0.70036715,0.71633524,-7.848939e-10,2.6020643e-09,0.6977563,1
2417922093,2417921551,0.7135321,0.0028519116,-0.00998703,0.7005456,0.71633524,-7.848939e-10,2.6020643e-09,0.6977563,1
2417932084,2417931517,0.71348494,0.002805503,-0.010018729,0.7005934,0.71633524,-7.848939e-10,2.6020643e-09,0.6977563,1
2417942347,2417936671,0.7133524,0.002805178,-0.010012499,0.7007284,0.71633524,-7.848939e-10,2.6020643e-09,0.6977563,1
2417947601,2417947069,0.71321213,0.002776113,-0.010010336,0.7008713,0.71633524,-7.848939e-10,2.6020643e-09,0.6977563,1
2417952514,2417951770,0.71316576,0.0027665556,-0.009991775,0.70091873,0.71633524,-7.848939e-10,2.6020643e-09,0.6977563,1
2417957383,2417956849,0.71305823,0.0027888678,-0.0099931825,0.7010281,0.71633524,-7.848939e-10,2.6020643e-09,0.6977563,1
2417962547,2417961897,0.712967,0.0027825183,-0.010012969,0.7011207,0.71633524,-7.848939e-10,2.6020643e-09,0.6977563,1
2417967604,2417966935,0.7129243,0.002753863,-0.009988305,0.70116454,0.71633524,-7.848939e-10,2.6020643e-09,0.6977563,1
2417978731,2417978275,0.7127855,0.0027128502,-0.010005528,0.7013055,0.71633524,-7.848939e-10,2.6020643e-09,0.6977563,1
2417984133,2417983442,0.7127586,0.0026637542,-0.009995225,0.70133317,0.71633524,-7.848939e-10,2.6020643e-09,0.6977563,1
2417993874,2417988368,0.71264577,0.0026507427,-0.01000053,0.7014478,0.71633524,-7.848939e-10,2.6020643e-09,0.6977563,1
2417995914,2417994960,0.71260035,0.00269555,-0.0100190975,0.70149356,0.71633524,-7.848939e-10,2.6020643e-09,0.6977563,1
2418005502,2418004867,0.7124933,0.0028335524,-0.010104313,0.70160055,0.71633524,-7.848939e-10,2.6020643e-09,0.6977563,1
2418014255,2418013638,0.71242356,0.0029815664,-0.010255032,0.7016685,0.71633524,-7.848939e-10,2.6020643e-09,0.6977563,1
2418025296,2418023865,0.71228707,0.0031588024,-0.010487416,0.7018029,0.71633524,-7.848939e-10,2.6020643e-09,0.6977563,1
2418029483,2418028834,0.7122652,0.0031520936,-0.010635021,0.7018228,0.71633524,-7.848939e-10,2.6020643e-09,0.6977563,1
2418034457,2418033832,0.7122615,0.0031805087,-0.010747742,0.7018247,0.71633524,-7.848939e-10,2.6020643e-09,0.6977563,1
2418046519,2418045216,0.7121474,0.0032484022,-0.011142435,0.7019341,0.71633524,-7.848939e-10,2.6020643e-09,0.6977563,1
2418055961,2418055407,0.7119986,0.0033265548,-0.011403907,0.7020805,0.71633524,-7.848939e-10,2.6020643e-09,0.6977563,1
2418060990,2418060434,0.712053,0.003383679,-0.011507113,0.70202327,0.71633524,-7.848939e-10,2.6020643e-09,0.6977563,1
2418065910,2418065398,0.71207577,0.0034106777,-0.011493061,0.7020003,0.71633524,-7.848939e-10,2.6020643e-09,0.6977563,1
2418075870,2418075545,0.7120673,0.003442967,-0.011378134,0.70201063,0.71633524,-7.848939e-10,2.6020643e-09,0.6977563,1
2418084961,2418084399,0.71224934,0.0033546286,-0.011094487,0.70183086,0.71633524,-7.848939e-10,2.6020643e-09,0.6977563,1
2418090076,2418089477,0.71227217,0.0033146522,-0.010900425,0.701811,0.71633524,-7.848939e-10,2.6020643e-09,0.6977563,1
2418095084,2418094457,0.7122558,0.0032535437,-0.010669578,0.70183146,0.71633524,-7.848939e-10,2.6020643e-09,0.6977563,1
2418105973,2418104570,0.71240896,0.0030584207,-0.010125418,0.70168483,0.71633524,-7.848939e-10,2.6020643e-09,0.6977563,1
2418110186,2418109684,0.71238166,0.002890187,-0.009844757,0.7017173,0.71633524,-7.848939e-10,2.6020643e-09,0.6977563,1
2418120312,2418114714,0.71235013,0.0027795853,-0.009655621,0.7017524,0.71633524,-7.848939e-10,2.6020643e-09,0.6977563,1
2418121442,2418121028,0.712422,0.002451723,-0.009353214,0.70168465,0.71633524,-7.848939e-10,2.6020643e-09,0.6977563,1
2418126733,2418126125,0.7123543,0.0022285408,-0.009188494,0.70175636,0.71633524,-7.848939e-10,2.6020643e-09,0.6977563,1
2418131658,2418131097,0.7123761,0.0019262471,-0.008880648,0.7017391,0.71633524,-7.848939e-10,2.6020643e-09,0.6977563,1
2418136794,2418136299,0.7123878,0.0016419314,-0.0085799,0.7017317,0.71633524,-7.848939e-10,2.6020643e-09,0.6977563,1
2418141811,2418141330,0.71239245,0.001445102,-0.008325695,0.7017305,0.71633524,-7.848939e-10,2.6020643e-09,0.6977563,1
2418146976,2418146305,0.7123711,0.001256819,-0.008022806,0.70175606,0.71633524,-7.848939e-10,2.6020643e-09,0.6977563,1
2418155583,2418151334,0.7123325,0.0010659788,-0.00773609,0.7017988,0.71633524,-7.848939e-10,2.6020643e-09,0.6977563,1
2418157492,2418156490,0.71235925,0.0009286928,-0.007549551,0.7017738,0.71633524,-7.848939e-10,2.6020643e-09,0.6977563,1
2418168854,2418167949,0.7122369,0.0005563524,-0.007295448,0.7019011,0.71633524,-7.848939e-10,2.6020643e-09,0.6977563,1
2418178531,2418172830,0.7122648,0.00033016704,-0.007189349,0.70187396,0.71633524,-7.848939e-10,2.6020643e-09,0.6977563,1
2418183785,2418183084,0.7120933,-0.00012720999,-0.00704999,0.70204955,0.71633524,-7.848939e-10,2.6020643e-09,0.6977563,1
2418188523,2418187996,0.71208954,-0.00039636338,-0.0068787644,0.70205486,0.71633524,-7.848939e-10,2.6020643e-09,0.6977563,1
2418198754,2418198096,0.7121046,-0.0009887816,-0.0066057444,0.7020416,0.71633524,-7.848939e-10,2.6020643e-09,0.6977563,1
2418207492,2418206872,0.7121404,-0.0013612281,-0.0064481916,0.70200616,0.71633524,-7.848939e-10,2.6020643e-09,0.6977563,1
2418217542,2418217025,0.7120848,-0.0017551682,-0.0065039685,0.70206124,0.71633524,-7.848939e-10,2.6020643e-09,0.6977563,1
2418222643,2418222059,0.7121442,-0.0018889485,-0.0066025914,0.7019997,0.71633524,-7.848939e-10,2.6020643e-09,0.6977563,1
2418234782,2418233503,0.7121227,-0.0021933788,-0.006645568,0.7020202,0.71633524,-7.848939e-10,2.6020643e-09,0.6977563,1
2418238977,2418238443,0.7121772,-0.0022633628,-0.0065390337,0.7019657,0.71633524,-7.848939e-10,2.6020643e-09,0.6977563,1
2418248087,2418247311,0.71217114,-0.002061283,-0.006565032,0.7019722,0.71633524,-7.848939e-10,2.6020643e-09,0.6977563,1
2418257982,2418257389,0.7121105,-0.0017737825,-0.006442862,0.70203555,0.71633524,-7.848939e-10,2.6020643e-09,0.6977563,1
2418263240,2418262516,0.7121296,-0.0016133402,-0.006428158,0.70201683,0.71633524,-7.848939e-10,2.6020643e-09,0.6977563,1
2418275064,2418273966,0.7121054,-0.0013205596,-0.006457131,0.7020417,0.71633524,-7.848939e-10,2.6020643e-09,0.6977563,1
2418284671,2418283982,0.71226925,-0.0010656836,-0.0067323367,0.70187336,0.71633524,-7.848939e-10,2.6020643e-09,0.6977563,1
2418294572,2418294041,0.712158,-0.0005411971,-0.0067819417,0.7019862,0.71633524,-7.848939e-10,2.6020643e-09,0.6977563,1
2418299590,2418299109,0.71219116,-0.00027043672,-0.006563823,0.70195484,0.71633524,-7.848939e-10,2.6020643e-09,0.6977563,1
2418304815,2418304205,0.71210116,-9.915651e-05,-0.006421899,0.7020475,0.71633524,-7.848939e-10,2.6020643e-09,0.6977563,1
2418309859,2418309271,0.7120431,-0.00033370347,-0.0065581705,0.70210505,0.71633524,-7.848939e-10,2.6020643e-09,0.6977563,1
2418318625,2418314751,0.7121024,-0.0011310707,-0.0071777357,0.7020381,0.71633524,-7.848939e-10,2.6020643e-09,0.6977563,1
2418327230,2418326655,0.7120687,-0.0038094488,-0.009775026,0.7020315,0.71633524,-7.848939e-10,2.6020643e-09,0.6977563,1
2418337990,2418337130,0.7118944,-0.0058504697,-0.011576693,0.7021668,0.71633524,-7.848939e-10,2.6020643e-09,0.6977563,1
2418342668,2418342117,0.7117571,-0.006555847,-0.01217403,0.7022896,0.71633524,-7.848939e-10,2.6020643e-09,0.6977563,1
2418352721,2418352167,0.71153337,-0.0075689172,-0.013117504,0.70248914,0.71633524,-7.848939e-10,2.6020643e-09,0.6977563,1
2418357881,2418357188,0.7114351,-0.007804326,-0.013557405,0.7025777,0.71633524,-7.848939e-10,2.6020643e-09,0.6977563,1
2418366675,2418362811,0.7113158,-0.007950406,-0.014156995,0.7026851,0.71633524,-7.848939e-10,2.6020643e-09,0.6977563,1
2418372935,2418372361,0.71127486,-0.007893095,-0.015231112,0.7027047,0.71633524,-7.848939e-10,2.6020643e-09,0.6977563,1
2418378191,2418377462,0.71132976,-0.0077051646,-0.015693959,0.702641,0.71633524,-7.848939e-10,2.6020643e-09,0.6977563,1
2418389936,2418387628,0.71153057,-0.007310779,-0.01642241,0.7024252,0.71633524,-7.848939e-10,2.6020643e-09,0.6977563,1
2418393187,2418392654,0.7116149,-0.007078949,-0.016666772,0.7023364,0.71633524,-7.848939e-10,2.6020643e-09,0.6977563,1
2418403432,2418402780,0.71177274,-0.0065054735,-0.016859727,0.70217735,0.71633524,-7.848939e-10,2.6020643e-09,0.6977563,1
2418408194,2418407714,0.71186274,-0.0061969603,-0.016947707,0.70208675,0.71633524,-7.848939e-10,2.6020643e-09,0.6977563,1
2418417067,2418416548,0.7119746,-0.0056407847,-0.017047828,0.7019756,0.71633524,-7.848939e-10,2.6020643e-09,0.6977563,1
2418427269,2418421596,0.71203756,-0.005252197,-0.01709484,0.7019136,0.71633524,-7.848939e-10,2.6020643e-09,0.6977563,1
2418428938,2418426680,0.7120742,-0.0048137153,-0.017017664,0.7018814,0.71633524,-7.848939e-10,2.6020643e-09,0.6977563,1
2418437592,2418436980,0.7122042,-0.003882677,-0.016857311,0.70175916,0.71633524,-7.848939e-10,2.6020643e-09,0.6977563,1
2418442376,2418441838,0.71227777,-0.0034274615,-0.016808478,0.70168805,0.71633524,-7.848939e-10,2.6020643e-09,0.6977563,1
2418447533,2418446930,0.71233517,-0.0029214197,-0.016675724,0.70163536,0.71633524,-7.848939e-10,2.6020643e-09,0.6977563,1
2418452619,2418452009,0.71239054,-0.0024011915,-0.01655666,0.7015839,0.71633524,-7.848939e-10,2.6020643e-09,0.6977563,1
2418463029,2418462065,0.712549,-0.0013769962,-0.016275465,0.7014322,0.71633524,-7.848939e-10,2.6020643e-09,0.6977563,1
2418467821,2418467213,0.71265334,-0.0008860965,-0.016133096,0.7013303,0.71633524,-7.848939e-10,2.6020643e-09,0.6977563,1
2418472670,2418472157,0.7127331,-0.00038678473,-0.015969383,0.7012535,0.71633524,-7.848939e-10,2.6020643e-09,0.6977563,1
2418477805,2418477241,0.7128024,0.00012394789,-0.015776321,0.70118743,0.71633524,-7.848939e-10,2.6020643e-09,0.6977563,1
2418482837,2418482258,0.71284974,0.0006110322,-0.015587807,0.7011434,0.71633524,-7.848939e-10,2.6020643e-09,0.6977563,1
2418487969,2418487341,0.7129205,0.0011538023,-0.015319666,0.7010767,0.71633524,-7.848939e-10,2.6020643e-09,0.6977563,1
2418493020,2418492455,0.7129746,0.0016361831,-0.015126506,0.7010249,0.71633524,-7.848939e-10,2.6020643e-09,0.6977563,1
2418502998,2418497455,0.71301156,0.0020791644,-0.0149330655,0.70099026,0.71633524,-7.848939e-10,2.6020643e-09,0.6977563,1
2418504136,2418502477,0.7130628,0.0025350593,-0.014780276,0.7009398,0.71633524,-7.848939e-10,2.6020643e-09,0.6977563,1
2418508173,2418507602,0.7131135,0.0028359655,-0.014722569,0.7008883,0.71633524,-7.848939e-10,2.6020643e-09,0.6977563,1
2418516957,2418512847,0.7131845,0.0032884676,-0.014552978,0.7008177,0.71633524,-7.848939e-10,2.6020643e-09,0.6977563,1
2418524501,2418523944,0.71332633,0.0042156866,-0.014258267,0.70067436,0.71633524,-7.848939e-10,2.6020643e-09,0.6977563,1
2418533432,2418532814,0.71349716,0.0050788135,-0.013946288,0.70050097,0.71633524,-7.848939e-10,2.6020643e-09,0.6977563,1
2418538498,2418537914,0.71359175,0.0055706934,-0.013644193,0.7004068,0.71633524,-7.848939e-10,2.6020643e-09,0.6977563,1
2418543693,2418543076,0.71368635,0.0061901393,-0.01322919,0.70031315,0.71633524,-7.848939e-10,2.6020643e-09,0.6977563,1
2418548529,2418547994,0.71378756,0.0067264503,-0.0127647435,0.7002136,0.71633524,-7.848939e-10,2.6020643e-09,0.6977563,1
2418558452,2418558090,0.7139609,0.00729458,-0.011746902,0.7000491,0.71633524,-7.848939e-10,2.6020643e-09,0.6977563,1
2418568989,2418568319,0.71409255,0.006985222,-0.011119371,0.69992816,0.71633524,-7.848939e-10,2.6020643e-09,0.6977563,1
2418573790,2418573266,0.71418,0.0065408465,-0.011005664,0.699845,0.71633524,-7.848939e-10,2.6020643e-09,0.6977563,1
2418579010,2418578396,0.71424645,0.0060145226,-0.01101662,0.6997817,0.71633524,-7.848939e-10,2.6020643e-09,0.6977563,1
2418583969,2418583340,0.7142891,0.0056005963,-0.010994392,0.69974196,0.71633524,-7.848939e-10,2.6020643e-09,0.6977563,1
2418588890,2418588375,0.7142696,0.005300106,-0.01099648,0.69976425,0.71633524,-7.848939e-10,2.6020643e-09,0.6977563,1
2418593986,2418593417,0.71427095,0.005095872,-0.011017987,0.699764,0.71633524,-7.848939e-10,2.6020643e-09,0.6977563,1
2418606027,2418603505,0.71435535,0.005225299,-0.011078327,0.699676,0.71633524,-7.848939e-10,2.6020643e-09,0.6977563,1
2418609455,2418608869,0.71444345,0.0053871614,-0.011175795,0.6995833,0.71633524,-7.848939e-10,2.6020643e-09,0.6977563,1
2418620362,2418619945,0.7146442,0.0056572743,-0.011311293,0.6993739,0.71633524,-7.848939e-10,2.6020643e-09,0.6977563,1
2418629596,2418628893,0.71489406,0.005765457,-0.011389193,0.69911635,0.71633524,-7.848939e-10,2.6020643e-09,0.6977563,1
2418641665,2418640234,0.7151911,0.0060232175,-0.011468653,0.6988089,0.71633524,-7.848939e-10,2.6020643e-09,0.6977563,1
2418651022,2418650244,0.7153937,0.0063782255,-0.011544469,0.6985971,0.71633524,-7.848939e-10,2.6020643e-09,0.6977563,1
2418656011,2418655422,0.71550286,0.006566729,-0.011591536,0.69848275,0.71633524,-7.848939e-10,2.6020643e-09,0.6977563,1
2418660947,2418660377,0.71561205,0.0067514777,-0.011620377,0.6983687,0.71633524,-7.848939e-10,2.6020643e-09,0.6977563,1
2418666050,2418665441,0.7157201,0.006920209,-0.011553674,0.6982574,0.71633524,-7.848939e-10,2.6020643e-09,0.6977563,1
2418677819,2418677395,0.7159449,0.007498421,-0.010771823,0.6980335,0.71633524,-7.848939e-10,2.6020643e-09,0.6977563,1
2418687528,2418686915,0.7160839,0.0078607835,-0.009763316,0.6979018,0.71633524,-7.848939e-10,2.6020643e-09,0.6977563,1
2418692530,2418691971,0.71618485,0.0079779625,-0.009217503,0.6978043,0.71633524,-7.848939e-10,2.6020643e-09,0.6977563,1
2418704666,2418703383,0.7163781,0.00793772,-0.008580757,0.69761443,0.71633524,-7.848939e-10,2.6020643e-09,0.6977563,1
2418708918,2418708395,0.71641505,0.007805808,-0.008517823,0.6975787,0.71633524,-7.848939e-10,2.6020643e-09,0.6977563,1
2418714133,2418713386,0.7164689,0.007657075,-0.008524091,0.697525,0.71633524,-7.848939e-10,2.6020643e-09,0.6977563,1
2418722713,2418722222,0.716576,0.0074306545,-0.008580852,0.6974168,0.71633524,-7.848939e-10,2.6020643e-09,0.6977563,1
2418732781,2418732386,0.7166265,0.007353238,-0.008478896,0.6973669,0.71633524,-7.848939e-10,2.6020643e-09,0.6977563,1
2418741693,2418741193,0.7166512,0.0074210353,-0.008304552,0.6973429,0.71633524,-7.848939e-10,2.6020643e-09,0.6977563,1
2418746898,2418746312,0.71664655,0.0074863858,-0.008203368,0.6973481,0.71633524,-7.848939e-10,2.6020643e-09,0.6977563,1
2418758005,2418757649,0.7166644,0.0076644197,-0.007995428,0.69733036,0.71633524,-7.848939e-10,2.6020643e-09,0.6977563,1
2418767046,2418766481,0.7166652,0.0077867196,-0.007901073,0.6973293,0.71633524,-7.848939e-10,2.6020643e-09,0.6977563,1
2418771981,2418771544,0.7166323,0.007865074,-0.007789253,0.6973633,0.71633524,-7.848939e-10,2.6020643e-09,0.6977563,1
2418777229,2418776579,0.71660024,0.007904453,-0.0077035315,0.69739676,0.71633524,-7.848939e-10,2.6020643e-09,0.6977563,1
2418782152,2418781741,0.716582,0.007885002,-0.0076478855,0.69741637,0.71633524,-7.848939e-10,2.6020643e-09,0.6977563,1
2418787220,2418786681,0.7165626,0.007843556,-0.00763084,0.697437,0.71633524,-7.848939e-10,2.6020643e-09,0.6977563,1
2418792343,2418791766,0.71653384,0.007819016,-0.0075909235,0.69746727,0.71633524,-7.848939e-10,2.6020643e-09,0.6977563,1
2418802316,2418796973,0.71646416,0.007790869,-0.0075543597,0.69753957,0.71633524,-7.848939e-10,2.6020643e-09,0.6977563,1
2418803580,2418801809,0.71640944,0.0077199293,-0.007530445,0.6975968,0.71633524,-7.848939e-10,2.6020643e-09,0.6977563,1
2418812445,2418807008,0.71637195,0.007586642,-0.0075770873,0.69763625,0.71633524,-7.848939e-10,2.6020643e-09,0.6977563,1
2418813632,2418813199,0.7163381,0.0073874434,-0.0076296837,0.6976726,0.71633524,-7.848939e-10,2.6020643e-09,0.6977563,1
2418823834,2418823339,0.7162735,0.0071806116,-0.0076527223,0.69774073,0.71633524,-7.848939e-10,2.6020643e-09,0.6977563,1
2418828822,2418828385,0.716237,0.0071248133,-0.007647963,0.6977789,0.71633524,-7.848939e-10,2.6020643e-09,0.6977563,1
2418838870,2418838511,0.71618664,0.0070953937,-0.007547591,0.6978319,0.71633524,-7.848939e-10,2.6020643e-09,0.6977563,1
2418844156,2418843564,0.7161638,0.0071318946,-0.007464146,0.6978559,0.71633524,-7.848939e-10,2.6020643e-09,0.6977563,1
2418855658,2418853691,0.71611774,0.0071300548,-0.0073332684,0.6979046,0.71633524,-7.848939e-10,2.6020643e-09,0.6977563,1
2418864320,2418863727,0.71610993,0.007055386,-0.0073004444,0.69791365,0.71633524,-7.848939e-10,2.6020643e-09,0.6977563,1
2418873024,2418872549,0.7161112,0.006970554,-0.007308174,0.69791317,0.71633524,-7.848939e-10,2.6020643e-09,0.6977563,1
2418881988,2418881467,0.7161354,0.0068903784,-0.0073864628,0.6978883,0.71633524,-7.848939e-10,2.6020643e-09,0.6977563,1
2418887077,2418886466,0.7161296,0.0068443664,-0.0074381134,0.69789416,0.71633524,-7.848939e-10,2.6020643e-09,0.6977563,1
2418892068,2418891491,0.71614116,0.006814404,-0.0074898405,0.6978821,0.71633524,-7.848939e-10,2.6020643e-09,0.6977563,1
2418897115,2418896566,0.71616215,0.006804885,-0.0075444677,0.69786006,0.71633524,-7.848939e-10,2.6020643e-09,0.6977563,1
2418902249,2418901701,0.7161766,0.0068420297,-0.0075598666,0.6978446,0.71633524,-7.848939e-10,2.6020643e-09,0.6977563,1
2418907549,2418906749,0.71617573,0.006869097,-0.0075576147,0.6978453,0.71633524,-7.848939e-10,2.6020643e-09,0.6977563,1
2418912147,2418911743,0.71617365,0.0069090254,-0.0075290552,0.69784737,0.71633524,-7.848939e-10,2.6020643e-09,0.6977563,1
2418921155,2418916780,0.71618235,0.0069394098,-0.0075408984,0.697838,0.71633524,-7.848939e-10,2.6020643e-09,0.6977563,1
2418929709,2418926854,0.7162092,0.0070591816,-0.007602719,0.6978086,0.71633524,-7.848939e-10,2.6020643e-09,0.6977563,1
2418937500,2418936978,0.7161839,0.007109837,-0.0076573025,0.6978335,0.71633524,-7.848939e-10,2.6020643e-09,0.6977563,1
2418946394,2418942180,0.7161939,0.0071281744,-0.007719413,0.6978223,0.71633524,-7.848939e-10,2.6020643e-09,0.6977563,1
2418947701,2418947244,0.71620744,0.007180232,-0.0078004086,0.69780695,0.71633524,-7.848939e-10,2.6020643e-09,0.6977563,1
2418957856,2418955941,0.7161706,0.007341296,-0.00791006,0.6978419,0.71633524,-7.848939e-10,2.6020643e-09,0.6977563,1
2418966755,2418964768,0.71616316,0.0075663435,-0.007988467,0.6978462,0.71633524,-7.848939e-10,2.6020643e-09,0.6977563,1
2418975505,2418974939,0.7161208,0.0076421285,-0.0080510015,0.69788814,0.71633524,-7.848939e-10,2.6020643e-09,0.6977563,1
2418980448,2418979955,0.7161398,0.007598482,-0.0081043625,0.6978685,0.71633524,-7.848939e-10,2.6020643e-09,0.6977563,1
2418991808,2418991395,0.7161376,0.0075646583,-0.008172487,0.6978704,0.71633524,-7.848939e-10,2.6020643e-09,0.6977563,1
2418997046,2418996418,0.71612835,0.0075997435,-0.008194109,0.69787925,0.71633524,-7.848939e-10,2.6020643e-09,0.6977563,1
2419007211,2419005197,0.7161325,0.007610998,-0.008264733,0.6978739,0.71633524,-7.848939e-10,2.6020643e-09,0.6977563,1
2419011128,2419010486,0.7161281,0.0076662307,-0.008258482,0.69787794,0.71633524,-7.848939e-10,2.6020643e-09,0.6977563,1
2419015768,2419015298,0.7161005,0.007686477,-0.008230528,0.69790643,0.71633524,-7.848939e-10,2.6020643e-09,0.6977563,1
2419020905,2419020366,0.7160907,0.0076912805,-0.008202767,0.69791675,0.71633524,-7.848939e-10,2.6020643e-09,0.6977563,1
2419032719,2419030472,0.71612304,0.0075862715,-0.00823691,0.6978843,0.71633524,-7.848939e-10,2.6020643e-09,0.6977563,1
2419036215,2419035661,0.7161121,0.007518403,-0.008234119,0.69789636,0.71633524,-7.848939e-10,2.6020643e-09,0.6977563,1
2419041318,2419040792,0.7161048,0.0074433438,-0.0081982985,0.697905,0.71633524,-7.848939e-10,2.6020643e-09,0.6977563,1
2419046160,2419045597,0.7161203,0.007379295,-0.008182683,0.69789,0.71633524,-7.848939e-10,2.6020643e-09,0.6977563,1
2419054868,2419050785,0.7161478,0.007303331,-0.008226599,0.697862,0.71633524,-7.848939e-10,2.6020643e-09,0.6977563,1
2419056136,2419055738,0.7161517,0.007290632,-0.008245107,0.6978579,0.71633524,-7.848939e-10,2.6020643e-09,0.6977563,1
2419066406,2419060777,0.71613765,0.007313899,-0.008219248,0.6978724,0.71633524,-7.848939e-10,2.6020643e-09,0.6977563,1
2419066641,2419065846,0.7161448,0.007335934,-0.008229361,0.69786465,0.71633524,-7.848939e-10,2.6020643e-09,0.6977563,1
2419071625,2419070964,0.7161208,0.0073554288,-0.00822661,0.69788915,0.71633524,-7.848939e-10,2.6020643e-09,0.6977563,1
2419076438,2419075919,0.7160681,0.0073830653,-0.0082234675,0.697943,0.71633524,-7.848939e-10,2.6020643e-09,0.6977563,1
2419081625,2419081028,0.7160134,0.0074001346,-0.00818036,0.6979995,0.71633524,-7.848939e-10,2.6020643e-09,0.6977563,1
2419092588,2419092028,0.71596706,0.007344814,-0.00807981,0.6980487,0.71633524,-7.848939e-10,2.6020643e-09,0.6977563,1
2419101657,2419101188,0.7159898,0.0073056775,-0.007872505,0.6980282,0.71633524,-7.848939e-10,2.6020643e-09,0.6977563,1
2419110512,2419106308,0.71604705,0.007217099,-0.007769397,0.69797146,0.71633524,-7.848939e-10,2.6020643e-09,0.6977563,1
2419116961,2419115087,0.71610564,0.007066795,-0.0075462656,0.6979154,0.71633524,-7.848939e-10,2.6020643e-09,0.6977563,1
2419120778,2419120290,0.7161544,0.0069258735,-0.007431935,0.69786793,0.71633524,-7.848939e-10,2.6020643e-09,0.6977563,1
2419125726,2419125155,0.71618485,0.0068179136,-0.007339215,0.6978387,0.71633524,-7.848939e-10,2.6020643e-09,0.6977563,1
2419140947,2419140384,0.71629214,0.0064260443,-0.0069659054,0.6977362,0.71633524,-7.848939e-10,2.6020643e-09,0.6977563,1
2419151081,2419145430,0.71629053,0.006293116,-0.006783483,0.6977409,0.71633524,-7.848939e-10,2.6020643e-09,0.6977563,1
2419156240,2419155499,0.71634805,0.006030717,-0.006425694,0.6976875,0.71633524,-7.848939e-10,2.6020643e-09,0.6977563,1
2419161163,2419160575,0.71637785,0.005869415,-0.0062397816,0.69766,0.71633524,-7.848939e-10,2.6020643e-09,0.6977563,1
2419166331,2419165617,0.7163986,0.0057072337,-0.0060676616,0.69764155,0.71633524,-7.848939e-10,2.6020643e-09,0.6977563,1
2419171263,2419170715,0.716418,0.0055291904,-0.005902902,0.6976244,0.71633524,-7.848939e-10,2.6020643e-09,0.6977563,1
2419176482,2419175798,0.71641904,0.005390571,-0.0057346886,0.6976259,0.71633524,-7.848939e-10,2.6020643e-09,0.6977563,1
2419187957,2419187141,0.71643984,0.0050956355,-0.0053106467,0.6976101,0.71633524,-7.848939e-10,2.6020643e-09,0.6977563,1
2419192687,2419192161,0.7164341,0.004952797,-0.0051404224,0.6976183,0.71633524,-7.848939e-10,2.6020643e-09,0.6977563,1
2419202832,2419202399,0.71642417,0.0047219265,-0.004788229,0.69763255,0.71633524,-7.848939e-10,2.6020643e-09,0.6977563,1
2419211725,2419211083,0.71641546,0.0045206905,-0.0045378073,0.6976446,0.71633524,-7.848939e-10,2.6020643e-09,0.6977563,1
2419216635,2419216114,0.7164378,0.0043511824,-0.004409874,0.69762343,0.71633524,-7.848939e-10,2.6020643e-09,0.6977563,1
2419221795,2419221265,0.71640456,0.00420186,-0.0042977175,0.6976593,0.71633524,-7.848939e-10,2.6020643e-09,0.6977563,1
2419234025,2419233486,0.7163685,0.0039517735,-0.0040038894,0.69769955,0.71633524,-7.848939e-10,2.6020643e-09,0.6977563,1
2419238172,2419237686,0.7163705,0.0038166037,-0.0039041585,0.6976988,0.71633524,-7.848939e-10,2.6020643e-09,0.6977563,1
2419243315,2419242717,0.7163403,0.0037360957,-0.003810058,0.6977308,0.71633524,-7.848939e-10,2.6020643e-09,0.6977563,1
2419248162,2419247714,0.71631825,0.0036511226,-0.0036885596,0.6977545,0.71633524,-7.848939e-10,2.6020643e-09,0.6977563,1
2419253350,2419252808,0.7162849,0.0035228573,-0.0036175204,0.6977898,0.71633524,-7.848939e-10,2.6020643e-09,0.6977563,1
2419265370,2419262899,0.716237,0.0033433328,-0.0034835932,0.69784045,0.71633524,-7.848939e-10,2.6020643e-09,0.6977563,1
2419268663,2419268060,0.7162018,0.0032129586,-0.0033970193,0.6978777,0.71633524,-7.848939e-10,2.6020643e-09,0.6977563,1
2419279699,2419279299,0.71611756,0.0029519529,-0.003242374,0.6979659,0.71633524,-7.848939e-10,2.6020643e-09,0.6977563,1
2419288719,2419288138,0.7160595,0.0027316418,-0.0031036185,0.698027,0.71633524,-7.848939e-10,2.6020643e-09,0.6977563,1
2419293770,2419293236,0.71604574,0.0026207478,-0.0030411037,0.69804186,0.71633524,-7.848939e-10,2.6020643e-09,0.6977563,1
2419302853,2419298279,0.7159936,0.00252337,-0.0029518316,0.69809616,0.71633524,-7.848939e-10,2.6020643e-09,0.6977563,1
2419309070,2419308330,0.7159655,0.0023726209,-0.0028277326,0.698126,0.71633524,-7.848939e-10,2.6020643e-09,0.6977563,1
2419314028,2419313445,0.7159313,0.0023438812,-0.002748812,0.6981615,0.71633524,-7.848939e-10,2.6020643e-09,0.6977563,1
2419318937,2419318467,0.71590996,0.0023029253,-0.0026863404,0.6981837,0.71633524,-7.848939e-10,2.6020643e-09,0.6977563,1
2419329180,2419323546,0.7159069,0.002229156,-0.0026469417,0.69818723,0.71633524,-7.848939e-10,2.6020643e-09,0.6977563,1
2419334189,2419333690,0.715897,0.0021447798,-0.002604497,0.6981978,0.71633524,-7.848939e-10,2.6020643e-09,0.6977563,1
2419339263,2419338693,0.7159009,0.0020443685,-0.0026200414,0.698194,0.71633524,-7.848939e-10,2.6020643e-09,0.6977563,1
2419344292,2419343731,0.7159103,0.001987962,-0.0026236256,0.6981845,0.71633524,-7.848939e-10,2.6020643e-09,0.6977563,1
2419349506,2419348864,0.7158835,0.0019345531,-0.0026069975,0.6982122,0.71633524,-7.848939e-10,2.6020643e-09,0.6977563,1
2419355153,2419353889,0.71590203,0.0018295719,-0.0025962787,0.69819355,0.71633524,-7.848939e-10,2.6020643e-09,0.6977563,1
2419365475,2419364223,0.71590966,0.001791889,-0.002553952,0.698186,0.71633524,-7.848939e-10,2.6020643e-09,0.6977563,1
2419369610,2419369050,0.71588624,0.0017126496,-0.00252499,0.69821036,0.71633524,-7.848939e-10,2.6020643e-09,0.6977563,1
2419374699,2419374089,0.71588165,0.0016699643,-0.0024681627,0.69821537,0.71633524,-7.848939e-10,2.6020643e-09,0.6977563,1
2419386806,2419384148,0.71584344,0.0015679019,-0.0023329882,0.6982553,0.71633524,-7.848939e-10,2.6020643e-09,0.6977563,1
2419394912,2419389259,0.7158063,0.001497648,-0.0022709542,0.69829357,0.71633524,-7.848939e-10,2.6020643e-09,0.6977563,1
2419397088,2419395562,0.71578926,0.0014452549,-0.0021565717,0.6983116,0.71633524,-7.848939e-10,2.6020643e-09,0.6977563,1
2419401177,2419400670,0.715749,0.0013609566,-0.002054943,0.69835335,0.71633524,-7.848939e-10,2.6020643e-09,0.6977563,1
2419411326,2419409377,0.7156991,0.0012670069,-0.0018433873,0.6984053,0.71633524,-7.848939e-10,2.6020643e-09,0.6977563,1
2419414898,2419414452,0.715696,0.0011584561,-0.0017004679,0.69840884,0.71633524,-7.848939e-10,2.6020643e-09,0.6977563,1
2419423727,2419419661,0.7156596,0.0011087684,-0.0015442352,0.6984467,0.71633524,-7.848939e-10,2.6020643e-09,0.6977563,1
2419430201,2419429593,0.7156091,0.0009519004,-0.0011834579,0.69849944,0.71633524,-7.848939e-10,2.6020643e-09,0.6977563,1
2419435275,2419434680,0.71557826,0.00088479626,-0.0009707941,0.69853145,0.71633524,-7.848939e-10,2.6020643e-09,0.6977563,1
2419440255,2419439739,0.7155697,0.0007960919,-0.0007836608,0.6985405,0.71633524,-7.848939e-10,2.6020643e-09,0.6977563,1
2419445425,2419444812,0.71554774,0.00069874764,-0.00057570083,0.69856334,0.71633524,-7.848939e-10,2.6020643e-09,0.6977563,1
2419457199,2419456179,0.7155396,0.00050249294,-0.0001387058,0.69857204,0.71633524,-7.848939e-10,2.6020643e-09,0.6977563,1
2419461812,2419461265,0.7155281,0.00040091077,7.578521e-05,0.69858396,0.71633524,-7.848939e-10,2.6020643e-09,0.6977563,1
2419472957,2419472597,0.7155419,0.00018329309,0.000528225,0.69856966,0.71633524,-7.848939e-10,2.6020643e-09,0.6977563,1
2419483227,2419482659,0.7155695,-4.3828786e-05,0.0009649692,0.6985409,0.71633524,-7.848939e-10,2.6020643e-09,0.6977563,1
2419488204,2419487715,0.7155942,-0.00017184728,0.0011640104,0.69851536,0.71633524,-7.848939e-10,2.6020643e-09,0.6977563,1
2419496975,2419492841,0.715622,-0.00031049608,0.0014056884,0.6984863,0.71633524,-7.848939e-10,2.6020643e-09,0.6977563,1
2419498272,2419497850,0.7156603,-0.00046377652,0.0015763644,0.69844663,0.71633524,-7.848939e-10,2.6020643e-09,0.6977563,1
2419508528,2419507911,0.715723,-0.0007598423,0.0019533376,0.6983812,0.71633524,-7.848939e-10,2.6020643e-09,0.6977563,1
2419513530,2419513030,0.7157472,-0.0009214687,0.0021519074,0.69835556,0.71633524,-7.848939e-10,2.6020643e-09,0.6977563,1
2419518584,2419518054,0.7157718,-0.0010913443,0.0023213932,0.6983296,0.71633524,-7.848939e-10,2.6020643e-09,0.6977563,1
2419527275,2419523086,0.7158118,-0.0012580344,0.0025218339,0.69828755,0.71633524,-7.848939e-10,2.6020643e-09,0.6977563,1
2419529227,2419528277,0.7158254,-0.0014460508,0.002688411,0.6982727,0.71633524,-7.848939e-10,2.6020643e-09,0.6977563,1
2419533902,2419533248,0.71585256,-0.0016301718,0.0028637645,0.6982437,0.71633524,-7.848939e-10,2.6020643e-09,0.6977563,1
2419544064,2419543288,0.7158819,-0.0019852438,0.003191264,0.6982113,0.71633524,-7.848939e-10,2.6020643e-09,0.6977563,1
2419549035,2419548383,0.71588403,-0.0021633524,0.0033316235,0.698208,0.71633524,-7.848939e-10,2.6020643e-09,0.6977563,1
2419557698,2419557178,0.7158985,-0.0024625692,0.003587356,0.69819087,0.71633524,-7.848939e-10,2.6020643e-09,0.6977563,1
2419566664,2419562261,0.71589446,-0.0026406539,0.0037399456,0.69819355,0.71633524,-7.848939e-10,2.6020643e-09,0.6977563,1
2419572878,2419572369,0.7158769,-0.0029777617,0.0040163104,0.6982087,0.71633524,-7.848939e-10,2.6020643e-09,0.6977563,1
2419581748,2419581209,0.7158437,-0.0032848103,0.004239488,0.69824,0.71633524,-7.848939e-10,2.6020643e-09,0.6977563,1
2419590528,2419586252,0.71581167,-0.0034732427,0.0043642423,0.6982711,0.71633524,-7.848939e-10,2.6020643e-09,0.6977563,1
2419596941,2419596465,0.71577173,-0.0038380353,0.004598501,0.6983087,0.71633524,-7.848939e-10,2.6020643e-09,0.6977563,1
2419601937,2419601416,0.71575433,-0.00400814,0.0047221077,0.6983248,0.71633524,-7.848939e-10,2.6020643e-09,0.6977563,1
2419610801,2419606682,0.7157314,-0.004184897,0.0048260214,0.69834656,0.71633524,-7.848939e-10,2.6020643e-09,0.6977563,1
2419617206,2419616563,0.7156827,-0.004486082,0.00503824,0.698393,0.71633524,-7.848939e-10,2.6020643e-09,0.6977563,1
2419627255,2419626656,0.7156334,-0.0047630123,0.005260683,0.69844,0.71633524,-7.848939e-10,2.6020643e-09,0.6977563,1
2419637733,2419636812,0.71559554,-0.005027099,0.005488867,0.6984753,0.71633524,-7.848939e-10,2.6020643e-09,0.6977563,1
2419642800,2419642125,0.71558887,-0.0051543727,0.0056206705,0.6984801,0.71633524,-7.848939e-10,2.6020643e-09,0.6977563,1
2419647625,2419647061,0.71558475,-0.0052615087,0.0057241283,0.6984827,0.71633524,-7.848939e-10,2.6020643e-09,0.6977563,1
2419652433,2419651943,0.71557105,-0.0053730276,0.005840465,0.698495,0.71633524,-7.848939e-10,2.6020643e-09,0.6977563,1
2419657646,2419657008,0.7155728,-0.0054694316,0.005936051,0.6984916,0.71633524,-7.848939e-10,2.6020643e-09,0.6977563,1
2419677890,2419677251,0.7155586,-0.0057940767,0.006320973,0.69850016,0.71633524,-7.848939e-10,2.6020643e-09,0.6977563,1
2419690074,2419687296,0.715591,-0.0059242933,0.006498145,0.6984642,0.71633524,-7.848939e-10,2.6020643e-09,0.6977563,1
2419703176,2419702590,0.7156183,-0.0060965978,0.0067520263,0.69843227,0.71633524,-7.848939e-10,2.6020643e-09,0.6977563,1
2419708337,2419707661,0.7156293,-0.0061450433,0.006823369,0.69842,0.71633524,-7.848939e-10,2.6020643e-09,0.6977563,1
2419713103,2419712592,0.71562725,-0.006184018,0.0068941372,0.69842106,0.71633524,-7.848939e-10,2.6020643e-09,0.6977563,1
2419718289,2419717693,0.7156548,-0.006236816,0.006940177,0.69839185,0.71633524,-7.848939e-10,2.6020643e-09,0.6977563,1
2419723545,2419722817,0.7156686,-0.0062807146,0.006987804,0.6983769,0.71633524,-7.848939e-10,2.6020643e-09,0.6977563,1
2419733429,2419727774,0.71566814,-0.006318512,0.007023464,0.6983766,0.71633524,-7.848939e-10,2.6020643e-09,0.6977563,1
2419735547,2419732800,0.71569264,-0.0063570607,0.0070606503,0.69835085,0.71633524,-7.848939e-10,2.6020643e-09,0.6977563,1
2419738456,2419737895,0.71569985,-0.0063993004,0.007088019,0.6983428,0.71633524,-7.848939e-10,2.6020643e-09,0.6977563,1
2419743602,2419742938,0.7157065,-0.006438179,0.007120692,0.6983353,0.71633524,-7.848939e-10,2.6020643e-09,0.6977563,1
2419748449,2419747975,0.71571916,-0.0064641177,0.007148577,0.69832176,0.71633524,-7.848939e-10,2.6020643e-09,0.6977563,1
2419758756,2419758035,0.7157349,-0.0065289745,0.007177107,0.69830465,0.71633524,-7.848939e-10,2.6020643e-09,0.6977563,1
2419763657,2419763115,0.7157427,-0.0065536555,0.0071930634,0.6982963,0.71633524,-7.848939e-10,2.6020643e-09,0.6977563,1
2419768745,2419768169,0.71575004,-0.0065831915,0.0071913167,0.6982885,0.71633524,-7.848939e-10,2.6020643e-09,0.6977563,1
2419778696,2419778278,0.71574134,-0.0066131214,0.0071869064,0.6982972,0.71633524,-7.848939e-10,2.6020643e-09,0.6977563,1
2419788848,2419788412,0.7157462,-0.0066496134,0.0071661826,0.6982921,0.71633524,-7.848939e-10,2.6020643e-09,0.6977563,1
2419794073,2419793407,0.7157432,-0.006669143,0.00714875,0.6982952,0.71633524,-7.848939e-10,2.6020643e-09,0.6977563,1
2419802847,2419798465,0.71574026,-0.006684927,0.007139115,0.6982981,0.71633524,-7.848939e-10,2.6020643e-09,0.6977563,1
2419804714,2419803521,0.7157396,-0.0067071407,0.0071213227,0.69829875,0.71633524,-7.848939e-10,2.6020643e-09,0.6977563,1
2419814263,2419808626,0.71572983,-0.0067228284,0.0071082367,0.69830877,0.71633524,-7.848939e-10,2.6020643e-09,0.6977563,1
2419816309,2419814962,0.7157093,-0.006743249,0.00709416,0.69832975,0.71633524,-7.848939e-10,2.6020643e-09,0.6977563,1
2419820656,2419820019,0.7157044,-0.006764131,0.0070791547,0.6983347,0.71633524,-7.848939e-10,2.6020643e-09,0.6977563,1
2419825603,2419825005,0.71571,-0.006771885,0.0070681004,0.69832903,0.71633524,-7.848939e-10,2.6020643e-09,0.6977563,1
2419835805,2419835114,0.7156737,-0.006784713,0.007038638,0.6983664,0.71633524,-7.848939e-10,2.6020643e-09,0.6977563,1
2419840988,2419840200,0.71567553,-0.006781589,0.0070446446,0.6983645,0.71633524,-7.848939e-10,2.6020643e-09,0.6977563,1
2419845802,2419845210,0.7156712,-0.0067873024,0.007041549,0.6983689,0.71633524,-7.848939e-10,2.6020643e-09,0.6977563,1
2419851166,2419850327,0.7156495,-0.006790307,0.007045145,0.698391,0.71633524,-7.848939e-10,2.6020643e-09,0.6977563,1
2419856178,2419855370,0.7156339,-0.0067921737,0.007048784,0.69840693,0.71633524,-7.848939e-10,2.6020643e-09,0.6977563,1
2419860932,2419860357,0.7156468,-0.0068039866,0.007047074,0.6983937,0.71633524,-7.848939e-10,2.6020643e-09,0.6977563,1
2419872304,2419870616,0.7156151,-0.006845801,0.0070600333,0.69842565,0.71633524,-7.848939e-10,2.6020643e-09,0.6977563,1
2419876236,2419875635,0.71561646,-0.0068608113,0.007073601,0.69842404,0.71633524,-7.848939e-10,2.6020643e-09,0.6977563,1
2419881237,2419880620,0.7156152,-0.0068817018,0.0070866896,0.6984248,0.71633524,-7.848939e-10,2.6020643e-09,0.6977563,1
2419886351,2419885726,0.71561694,-0.0068993834,0.0071017034,0.69842273,0.71633524,-7.848939e-10,2.6020643e-09,0.6977563,1
2419896161,2419895812,0.7156114,-0.0069317454,0.0071437517,0.69842774,0.71633524,-7.848939e-10,2.6020643e-09,0.6977563,1
2419901485,2419900807,0.71561474,-0.0069432217,0.0071770824,0.6984238,0.71633524,-7.848939e-10,2.6020643e-09,0.6977563,1
2419911458,2419905887,0.7156139,-0.0069573564,0.0072143874,0.69842416,0.71633524,-7.848939e-10,2.6020643e-09,0.6977563,1
2419913519,2419910877,0.7156208,-0.0069750813,0.0072415606,0.6984166,0.71633524,-7.848939e-10,2.6020643e-09,0.6977563,1
2419916473,2419915953,0.71561694,-0.0070009544,0.0072782873,0.69842,0.71633524,-7.848939e-10,2.6020643e-09,0.6977563,1
2419921530,2419921002,0.71563035,-0.007025741,0.0073158047,0.6984056,0.71633524,-7.848939e-10,2.6020643e-09,0.6977563,1
2419930537,2419926184,0.7156404,-0.007052366,0.0073540267,0.6983946,0.71633524,-7.848939e-10,2.6020643e-09,0.6977563,1
2419937906,2419937446,0.7156341,-0.0071455934,0.0074326163,0.6983993,0.71633524,-7.848939e-10,2.6020643e-09,0.6977563,1
2419943259,2419942520,0.71564513,-0.007185217,0.007472312,0.69838715,0.71633524,-7.848939e-10,2.6020643e-09,0.6977563,1
2419948188,2419947606,0.7156537,-0.007236747,0.007507381,0.6983775,0.71633524,-7.848939e-10,2.6020643e-09,0.6977563,1
2419953230,2419952596,0.7156647,-0.007269006,0.0075421664,0.6983655,0.71633524,-7.848939e-10,2.6020643e-09,0.6977563,1
2419962012,2419957617,0.71565527,-0.007312057,0.007584468,0.6983742,0.71633524,-7.848939e-10,2.6020643e-09,0.6977563,1
2419968451,2419967775,0.7156712,-0.0073903725,0.0076614902,0.6983563,0.71633524,-7.848939e-10,2.6020643e-09,0.6977563,1
2419980967,2419979252,0.71567184,-0.0074834004,0.007752435,0.6983536,0.71633524,-7.848939e-10,2.6020643e-09,0.6977563,1
2419984723,2419984189,0.7156589,-0.0075185723,0.0077969413,0.698366,0.71633524,-7.848939e-10,2.6020643e-09,0.6977563,1
2419989887,2419989300,0.71566385,-0.007563581,0.00783352,0.69836,0.71633524,-7.848939e-10,2.6020643e-09,0.6977563,1
2419994793,2419994252,0.7156714,-0.007608537,0.007869262,0.69835144,0.71633524,-7.848939e-10,2.6020643e-09,0.6977563,1
2419999896,2419999293,0.7156627,-0.0076548457,0.007904983,0.69835943,0.71633524,-7.848939e-10,2.6020643e-09,0.6977563,1
2420011303,2420009423,0.7156427,-0.0077462695,0.007963487,0.69837826,0.71633524,-7.848939e-10,2.6020643e-09,0.6977563,1
2420020205,2420019553,0.7156542,-0.007826752,0.0080186045,0.6983649,0.71633524,-7.848939e-10,2.6020643e-09,0.6977563,1
2420025195,2420024551,0.71564484,-0.0078630475,0.008044148,0.69837373,0.71633524,-7.848939e-10,2.6020643e-09,0.6977563,1
2420030155,2420029602,0.71563226,-0.007895657,0.008071266,0.698386,0.71633524,-7.848939e-10,2.6020643e-09,0.6977563,1
2420035324,2420034709,0.71561736,-0.007928891,0.008101278,0.69840056,0.71633524,-7.848939e-10,2.6020643e-09,0.6977563,1
2420040351,2420039816,0.715609,-0.007965349,0.008124754,0.6984085,0.71633524,-7.848939e-10,2.6020643e-09,0.6977563,1
2420045539,2420045000,0.71561074,-0.007992291,0.00815449,0.698406,0.71633524,-7.848939e-10,2.6020643e-09,0.6977563,1
2420050385,2420049866,0.71560985,-0.008023562,0.008180576,0.6984063,0.71633524,-7.848939e-10,2.6020643e-09,0.6977563,1
2420059288,2420055168,0.7156047,-0.008066463,0.0082004955,0.6984108,0.71633524,-7.848939e-10,2.6020643e-09,0.6977563,1
2420065490,2420059982,0.7155915,-0.008097401,0.008225452,0.69842374,0.71633524,-7.848939e-10,2.6020643e-09,0.6977563,1
2420070813,2420070265,0.7155932,-0.008168615,0.008266394,0.6984207,0.71633524,-7.848939e-10,2.6020643e-09,0.6977563,1
2420081886,2420081438,0.715585,-0.008241522,0.008303586,0.6984277,0.71633524,-7.848939e-10,2.6020643e-09,0.6977563,1
2420090850,2420090249,0.71556497,-0.00828525,0.008336394,0.6984473,0.71633524,-7.848939e-10,2.6020643e-09,0.6977563,1
2420095825,2420095321,0.7155704,-0.008301488,0.008356152,0.6984414,0.71633524,-7.848939e-10,2.6020643e-09,0.6977563,1
2420100983,2420100375,0.7155769,-0.008318147,0.008376247,0.69843423,0.71633524,-7.848939e-10,2.6020643e-09,0.6977563,1
2420109917,2420105396,0.7155811,-0.008348658,0.008391239,0.69842947,0.71633524,-7.848939e-10,2.6020643e-09,0.6977563,1
2420112001,2420110813,0.7155794,-0.008360597,0.0084160315,0.6984308,0.71633524,-7.848939e-10,2.6020643e-09,0.6977563,1
2420116180,2420115600,0.71557623,-0.0083750095,0.008429963,0.6984336,0.71633524,-7.848939e-10,2.6020643e-09,0.6977563,1
2420126254,2420124338,0.71558124,-0.008405391,0.00846059,0.69842774,0.71633524,-7.848939e-10,2.6020643e-09,0.6977563,1
2420130181,2420129590,0.7155889,-0.008415886,0.008482135,0.6984195,0.71633524,-7.848939e-10,2.6020643e-09,0.6977563,1
2420135240,2420134510,0.71558815,-0.008430671,0.008492089,0.69842005,0.71633524,-7.848939e-10,2.6020643e-09,0.6977563,1
2420140055,2420139520,0.7155928,-0.008453956,0.008496123,0.6984149,0.71633524,-7.848939e-10,2.6020643e-09,0.6977563,1
2420150220,2420144585,0.7155906,-0.008461511,0.008512938,0.6984168,0.71633524,-7.848939e-10,2.6020643e-09,0.6977563,1
2420155164,2420154666,0.7156066,-0.008482933,0.008523944,0.6984001,0.71633524,-7.848939e-10,2.6020643e-09,0.6977563,1
2420160294,2420159716,0.7156072,-0.008487779,0.00853758,0.6983992,0.71633524,-7.848939e-10,2.6020643e-09,0.6977563,1
2420172603,2420171080,0.71560186,-0.008492236,0.008549978,0.6984045,0.71633524,-7.848939e-10,2.6020643e-09,0.6977563,1
2420185700,2420185112,0.71559465,-0.008515708,0.008555336,0.69841146,0.71633524,-7.848939e-10,2.6020643e-09,0.6977563,1
2420190720,2420190157,0.7156026,-0.008520958,0.008554594,0.69840336,0.71633524,-7.848939e-10,2.6020643e-09,0.6977563,1
2420195759,2420195122,0.7155984,-0.008519308,0.008556528,0.69840765,0.71633524,-7.848939e-10,2.6020643e-09,0.6977563,1
2420207672,2420206671,0.7155834,-0.008532602,0.008544771,0.698423,0.71633524,-7.848939e-10,2.6020643e-09,0.6977563,1
2420212083,2420211568,0.7155783,-0.0085303625,0.008545071,0.6984282,0.71633524,-7.848939e-10,2.6020643e-09,0.6977563,1
2420222222,2420221613,0.7155796,-0.008539288,0.008534719,0.69842684,0.71633524,-7.848939e-10,2.6020643e-09,0.6977563,1
2420232448,2420230495,0.7155752,-0.008554501,0.008528103,0.69843125,0.71633524,-7.848939e-10,2.6020643e-09,0.6977563,1
2420236723,2420236100,0.7155538,-0.008566749,0.00852972,0.69845307,0.71633524,-7.848939e-10,2.6020643e-09,0.6977563,1
2420246209,2420245640,0.7155376,-0.008569723,0.0085284095,0.6984696,0.71633524,-7.848939e-10,2.6020643e-09,0.6977563,1
2420251258,2420250678,0.71552914,-0.00857596,0.008523442,0.6984783,0.71633524,-7.848939e-10,2.6020643e-09,0.6977563,1
2420256342,2420255713,0.7155321,-0.008582833,0.008528696,0.6984751,0.71633524,-7.848939e-10,2.6020643e-09,0.6977563,1
2420265111,2420261147,0.71553767,-0.0085879825,0.008529775,0.69846934,0.71633524,-7.848939e-10,2.6020643e-09,0.6977563,1
2420267379,2420265929,0.71553564,-0.008594844,0.008520293,0.6984714,0.71633524,-7.848939e-10,2.6020643e-09,0.6977563,1
2420271589,2420270963,0.7155315,-0.008598766,0.008528111,0.6984755,0.71633524,-7.848939e-10,2.6020643e-09,0.6977563,1
2420276637,2420275996,0.7155228,-0.008612663,0.008521544,0.6984843,0.71633524,-7.848939e-10,2.6020643e-09,0.6977563,1
2420281601,2420281070,0.71551913,-0.008625369,0.00852172,0.698488,0.71633524,-7.848939e-10,2.6020643e-09,0.6977563,1
2420286787,2420286043,0.7155083,-0.008634954,0.008528447,0.69849885,0.71633524,-7.848939e-10,2.6020643e-09,0.6977563,1
2420298736,2420296152,0.71552175,-0.00866343,0.008535341,0.69848466,0.71633524,-7.848939e-10,2.6020643e-09,0.6977563,1
2420301895,2420301326,0.7155226,-0.008684484,0.00854466,0.69848347,0.71633524,-7.848939e-10,2.6020643e-09,0.6977563,1
2420313044,2420312578,0.7155162,-0.008709566,0.008571771,0.69848925,0.71633524,-7.848939e-10,2.6020643e-09,0.6977563,1
2420318234,2420317614,0.71551645,-0.008721492,0.008577438,0.6984888,0.71633524,-7.848939e-10,2.6020643e-09,0.6977563,1
2420328673,2420327782,0.71552104,-0.008744441,0.008597589,0.6984835,0.71633524,-7.848939e-10,2.6020643e-09,0.6977563,1
2420333320,2420332786,0.7155325,-0.008754036,0.008606133,0.69847155,0.71633524,-7.848939e-10,2.6020643e-09,0.6977563,1
2420338507,2420337888,0.7155381,-0.008764725,0.008619049,0.69846565,0.71633524,-7.848939e-10,2.6020643e-09,0.6977563,1
2420350429,2420349359,0.71555555,-0.008809315,0.008636376,0.6984469,0.71633524,-7.848939e-10,2.6020643e-09,0.6977563,1
2420354836,2420354267,0.7155537,-0.008833442,0.008649775,0.69844836,0.71633524,-7.848939e-10,2.6020643e-09,0.6977563,1
